0 1
0 998
0 3
0 997
0 4
0 996
0 5
0 286
0 151
0 679
1 2
1 3
1 999
1 998
1 5
1 997
1 6
1 996
1 783
2 3
2 4
2 999
2 6
2 7
2 937
2 944
2 432
3 4
3 5
3 6
3 7
3 999
3 8
3 998
4 5
4 6
4 7
4 8
4 999
4 218
4 609
5 7
5 8
5 9
5 10
5 652
6 7
6 8
6 9
6 11
6 348
7 8
7 9
7 10
7 11
7 12
7 836
7 89
8 9
8 10
8 11
8 884
8 764
8 833
8 193
9 10
9 11
9 13
9 14
9 170
9 527
10 11
10 12
10 15
10 91
10 941
10 442
11 12
11 13
11 14
11 15
11 16
11 137
11 581
12 14
12 15
12 17
12 553
12 659
13 14
13 15
13 16
13 17
13 18
13 613
13 409
14 15
14 17
14 18
14 872
14 36
15 16
15 17
15 18
15 20
15 988
15 758
16 17
16 19
16 20
16 21
16 873
16 218
16 458
17 18
17 19
17 20
17 22
17 661
17 702
18 19
18 20
18 21
18 22
18 23
19 21
19 22
19 23
19 24
19 545
19 813
20 21
20 22
20 23
20 24
20 894
20 605
21 22
21 23
21 24
21 25
21 851
21 743
21 30
21 838
22 23
22 24
22 26
22 27
22 176
22 356
22 381
22 122
23 24
23 25
23 26
23 27
23 28
23 798
24 25
24 27
24 28
24 29
24 682
25 28
25 29
25 30
25 442
25 795
25 799
26 27
26 28
26 29
26 30
26 31
26 820
26 981
27 28
27 29
27 30
27 31
27 352
27 874
28 29
28 31
28 33
28 965
28 904
29 30
29 32
29 33
29 288
29 269
29 896
30 31
30 33
30 34
30 35
30 707
30 594
31 32
31 34
31 35
31 36
31 492
32 35
32 36
32 37
32 138
32 623
33 34
33 35
33 36
33 38
33 753
33 253
34 35
34 36
34 37
34 38
34 39
34 787
35 37
35 38
35 40
35 553
35 717
35 535
36 37
36 38
36 40
36 180
36 637
37 38
37 39
37 40
37 41
37 42
38 39
38 40
38 41
38 42
38 43
38 693
38 885
38 294
38 555
39 40
39 41
39 42
39 43
39 526
39 728
39 796
39 53
40 41
40 42
40 43
40 44
40 328
40 634
40 480
41 43
41 46
41 183
41 117
41 894
42 43
42 45
42 46
42 47
42 237
42 183
43 44
43 45
43 46
43 47
43 48
43 330
44 45
44 46
44 47
44 49
44 216
45 46
45 47
45 48
45 49
45 50
46 48
46 49
46 50
46 51
46 491
47 49
47 50
47 51
47 52
47 471
47 142
48 49
48 50
48 51
48 52
48 53
48 873
48 853
49 51
49 52
49 53
49 54
49 76
49 439
50 52
50 53
50 54
50 55
50 707
50 84
51 52
51 55
51 56
51 376
51 155
51 804
51 585
52 53
52 54
52 55
52 56
52 57
53 54
53 55
53 56
53 57
53 58
54 55
54 56
54 57
54 58
54 59
55 56
55 57
55 58
55 60
55 998
56 57
56 58
56 59
56 60
56 61
57 59
57 60
57 61
57 62
57 320
57 119
57 463
58 59
58 60
58 61
58 62
58 63
58 187
58 389
59 60
59 61
59 62
59 63
59 64
59 633
60 61
60 62
60 63
60 65
60 151
61 62
61 63
61 64
61 65
61 66
62 63
62 64
62 65
62 67
62 853
62 219
63 64
63 65
63 66
63 67
63 68
64 65
64 67
64 68
64 69
64 279
65 66
65 68
65 69
65 70
65 950
65 151
65 742
65 714
66 67
66 68
66 69
66 70
66 71
66 622
67 68
67 70
67 71
67 72
67 777
67 301
67 105
67 497
68 69
68 70
68 71
68 72
68 531
68 931
68 259
68 730
69 71
69 72
69 73
69 74
69 647
70 71
70 72
70 74
70 75
70 196
71 72
71 73
71 74
71 76
71 282
71 573
72 73
72 74
72 75
72 76
72 77
73 75
73 77
73 78
73 133
73 693
74 75
74 76
74 78
74 396
74 551
74 995
75 76
75 77
75 79
75 80
75 763
75 236
76 77
76 78
76 79
76 944
76 861
76 862
76 906
76 400
77 78
77 79
77 80
77 81
77 82
77 374
78 79
78 80
78 81
78 82
78 83
78 503
78 346
78 259
78 588
79 80
79 81
79 82
79 83
79 84
79 957
79 686
80 81
80 82
80 83
80 84
80 85
81 82
81 83
81 84
81 85
81 86
81 150
81 568
82 83
82 84
82 85
82 86
82 87
83 84
83 85
83 86
83 88
83 828
83 396
84 86
84 87
84 89
84 683
84 231
85 86
85 88
85 89
85 376
85 991
86 87
86 88
86 89
86 90
86 91
87 88
87 90
87 91
87 92
87 301
88 89
88 92
88 673
88 309
88 288
88 754
89 91
89 92
89 93
89 431
89 862
90 91
90 92
90 93
90 94
90 95
91 92
91 93
91 94
91 95
91 96
91 704
92 93
92 94
92 95
92 96
92 97
92 919
93 94
93 95
93 96
93 98
93 552
93 482
94 95
94 96
94 99
94 464
94 289
94 207
95 96
95 97
95 98
95 99
95 100
96 97
96 98
96 99
96 100
96 101
96 433
96 783
97 99
97 101
97 102
97 343
97 444
98 99
98 100
98 101
98 103
98 881
98 421
98 177
99 100
99 101
99 104
99 259
99 589
99 204
99 774
100 101
100 102
100 104
100 105
100 687
101 102
101 103
101 105
101 106
101 928
101 801
102 103
102 104
102 105
102 106
102 849
102 948
103 104
103 105
103 106
103 107
103 771
104 106
104 107
104 108
104 109
104 515
104 726
105 106
105 107
105 108
105 110
105 448
105 492
106 107
106 108
106 109
106 110
106 111
106 605
106 838
107 108
107 109
107 110
107 111
107 112
107 440
108 110
108 111
108 112
108 113
108 516
108 609
109 110
109 111
109 112
109 113
109 114
109 157
110 114
110 115
110 865
110 342
110 235
110 537
111 112
111 114
111 115
111 235
111 860
112 113
112 114
112 116
112 117
112 588
112 493
112 925
112 802
113 114
113 115
113 116
113 117
113 118
114 116
114 117
114 118
114 119
114 718
114 316
115 116
115 117
115 119
115 235
115 569
115 552
116 117
116 118
116 119
116 121
116 685
117 119
117 120
117 121
117 929
117 613
118 119
118 120
118 121
118 122
118 123
118 739
118 298
119 120
119 121
119 123
119 124
119 589
119 840
120 121
120 122
120 123
120 124
120 125
120 549
120 750
120 814
121 123
121 124
121 125
121 314
121 364
122 124
122 125
122 126
122 900
122 830
123 124
123 126
123 426
123 300
123 378
124 125
124 126
124 128
124 129
124 268
125 126
125 127
125 128
125 129
125 130
126 127
126 128
126 129
126 130
126 131
127 129
127 130
127 132
127 801
127 614
128 129
128 130
128 131
128 132
128 133
128 395
128 985
129 130
129 131
129 132
129 134
129 784
129 611
129 144
130 132
130 133
130 134
130 135
130 488
130 583
131 133
131 134
131 136
131 832
131 989
132 133
132 134
132 135
132 137
132 424
133 135
133 137
133 138
133 461
133 773
133 841
134 135
134 136
134 137
134 138
134 139
135 136
135 138
135 139
135 140
135 200
135 443
136 137
136 138
136 139
136 140
136 141
137 138
137 139
137 140
137 142
137 452
138 139
138 140
138 141
138 143
138 453
138 571
138 685
139 141
139 143
139 144
139 512
139 560
139 577
139 271
139 292
139 717
140 142
140 143
140 145
140 900
140 641
141 142
141 143
141 144
141 145
141 367
142 143
142 144
142 145
142 146
143 144
143 145
143 146
143 148
143 882
143 473
144 145
144 146
144 147
144 264
144 835
144 783
145 146
145 147
145 148
145 149
145 150
145 489
146 147
146 148
146 149
146 150
146 151
146 179
147 148
147 149
147 150
147 151
147 152
148 152
148 153
148 933
148 495
148 300
149 150
149 151
149 152
149 153
149 670
150 151
150 155
150 773
150 262
150 366
151 152
151 155
151 320
152 153
152 155
152 156
152 157
152 802
153 154
153 155
153 156
153 158
153 323
153 740
154 155
154 156
154 157
154 158
154 159
155 158
155 160
155 973
155 625
155 333
155 687
156 158
156 160
156 161
156 801
156 191
156 959
156 442
156 716
157 158
157 159
157 161
157 162
157 302
158 159
158 160
158 161
158 162
158 163
158 189
158 474
159 160
159 161
159 162
159 163
159 164
160 161
160 162
160 163
160 164
160 165
161 162
161 164
161 165
161 166
161 297
161 489
161 171
161 235
162 164
162 165
162 166
162 167
162 366
163 164
163 165
163 166
163 167
163 168
164 165
164 166
164 167
164 168
164 169
164 727
164 475
165 166
165 167
165 168
165 169
165 170
165 927
166 168
166 169
166 171
166 356
166 877
166 861
167 168
167 169
167 171
167 222
167 359
168 169
168 170
168 171
168 172
168 173
168 383
169 170
169 171
169 172
169 173
169 174
170 171
170 174
170 457
170 333
171 172
171 174
171 175
171 184
172 173
172 175
172 176
172 815
172 862
173 174
173 176
173 177
173 178
173 907
173 982
173 844
174 175
174 176
174 177
174 178
174 179
174 754
175 176
175 177
175 179
175 180
175 680
175 531
176 179
176 180
176 181
176 325
176 609
177 179
177 180
177 182
177 975
177 213
178 179
178 180
178 181
178 183
178 544
179 180
179 181
179 182
179 183
179 789
179 942
179 770
180 181
180 182
180 183
180 549
180 528
181 182
181 183
181 184
181 185
181 186
181 947
182 183
182 184
182 186
182 549
182 671
183 184
183 185
183 186
183 893
184 185
184 186
184 187
184 188
184 189
184 487
185 187
185 189
185 190
185 921
185 528
185 756
185 841
185 517
186 187
186 188
186 189
186 190
186 191
187 188
187 189
187 192
187 635
188 189
188 190
188 191
188 192
188 193
189 191
189 192
189 193
189 194
190 191
190 192
190 193
190 194
190 195
190 770
190 559
191 193
191 194
191 195
191 686
192 193
192 194
192 195
192 955
192 214
192 578
193 194
193 195
193 196
193 197
193 198
193 872
193 955
194 195
194 197
194 198
194 199
194 238
195 196
195 197
195 198
195 200
195 526
195 937
196 198
196 199
196 201
196 704
196 600
196 760
197 199
197 200
197 202
197 394
197 834
197 894
198 199
198 200
198 202
198 203
198 851
198 797
199 201
199 202
199 203
199 204
199 329
200 202
200 204
200 205
200 941
200 579
200 345
201 202
201 203
201 204
201 205
201 206
202 203
202 204
202 205
202 206
202 207
203 204
203 205
203 206
203 207
203 208
204 206
204 207
204 208
204 209
204 605
205 208
205 209
205 210
205 531
205 616
205 997
205 556
206 207
206 208
206 209
206 210
206 211
206 279
207 208
207 209
207 210
207 212
207 908
208 210
208 213
208 803
208 530
208 360
208 454
209 211
209 212
209 213
209 621
209 675
209 440
210 211
210 212
210 213
210 214
210 215
210 463
211 213
211 214
211 215
211 216
211 993
212 214
212 215
212 216
212 217
212 896
213 215
213 216
213 217
213 218
213 858
213 452
214 215
214 216
214 217
214 218
214 219
215 216
215 217
215 218
215 219
215 220
216 218
216 219
216 220
216 221
216 739
217 218
217 221
217 222
217 462
217 230
218 219
218 221
218 223
219 220
219 221
219 222
219 223
219 224
219 899
220 221
220 223
220 224
220 225
220 762
221 222
221 223
221 224
221 225
221 226
222 223
222 224
222 225
222 227
222 729
223 224
223 225
223 227
223 228
223 716
224 225
224 226
224 227
224 228
224 229
224 374
225 226
225 227
225 228
225 229
225 230
225 467
226 227
226 231
226 308
226 425
226 341
226 834
227 228
227 229
227 230
227 231
227 232
227 535
228 229
228 230
228 231
228 232
228 233
229 230
229 231
229 232
229 233
229 234
229 695
230 231
230 233
230 234
230 235
230 687
230 386
230 303
231 232
231 233
231 234
231 235
231 236
232 233
232 234
232 235
232 236
232 237
233 234
233 235
233 236
233 237
233 238
234 235
234 236
234 237
234 238
234 239
234 714
234 835
235 236
235 237
235 238
235 239
235 531
235 453
236 238
236 241
236 844
236 593
237 238
237 239
237 240
237 241
237 242
238 239
238 240
238 241
238 242
238 243
238 585
239 240
239 241
239 242
239 243
239 244
239 986
240 241
240 242
240 243
240 244
240 245
240 979
240 486
241 242
241 243
241 244
241 245
241 246
242 243
242 244
242 245
242 246
242 247
242 553
243 245
243 248
243 550
243 992
243 934
243 678
244 245
244 246
244 247
244 248
244 249
244 990
245 246
245 247
245 248
245 250
245 498
246 248
246 249
246 250
246 251
246 428
246 816
247 249
247 250
247 251
247 720
247 862
247 311
248 249
248 250
248 251
248 252
248 253
248 965
249 250
249 251
249 252
249 253
249 254
249 595
250 251
250 252
250 254
250 255
250 753
250 322
250 751
250 779
251 253
251 254
251 255
251 256
251 745
251 836
252 253
252 254
252 256
252 257
252 798
252 447
253 254
253 255
253 256
253 257
254 255
254 257
254 258
254 259
254 841
255 256
255 257
255 259
255 260
255 630
255 459
255 283
256 257
256 259
256 261
256 757
256 936
256 869
257 258
257 260
257 814
257 451
257 529
257 388
257 690
258 259
258 260
258 261
258 262
258 859
258 441
259 261
259 877
259 511
259 958
260 261
260 262
260 263
260 264
260 265
261 262
261 263
261 264
261 265
261 266
262 263
262 264
262 265
262 266
262 267
262 455
263 264
263 265
263 266
263 267
263 268
264 265
264 267
264 268
264 412
264 667
264 702
265 266
265 267
265 268
265 269
265 270
266 267
266 268
266 269
266 271
266 838
267 268
267 269
267 270
267 271
267 272
267 348
268 269
268 271
268 273
268 558
268 855
269 270
269 272
269 274
269 457
270 271
270 272
270 273
270 274
270 275
271 272
271 273
271 274
271 275
271 276
271 315
272 273
272 274
272 276
272 277
272 858
273 274
273 275
273 276
273 277
273 278
273 646
273 701
274 275
274 276
274 277
274 279
274 905
275 276
275 277
275 278
275 279
275 280
276 278
276 281
276 829
276 347
276 873
276 310
276 732
277 280
277 281
277 381
277 559
277 830
278 280
278 281
278 282
278 283
278 919
278 350
279 280
279 281
279 282
279 283
280 281
280 282
280 283
280 284
280 285
280 526
280 676
281 282
281 283
281 285
281 286
281 727
281 935
282 285
282 286
282 287
282 511
283 284
283 286
283 288
283 417
284 285
284 286
284 287
284 288
284 289
285 286
285 287
285 290
285 315
285 389
286 287
286 288
286 289
286 290
286 291
287 288
287 289
287 290
287 291
287 292
288 289
288 291
288 293
288 952
288 668
289 290
289 291
289 292
289 293
289 294
290 291
290 292
290 293
290 294
290 295
290 873
291 292
291 293
291 294
291 295
291 821
292 293
292 294
292 296
292 380
292 900
293 294
293 295
293 296
293 297
293 298
294 295
294 297
294 299
294 373
295 296
295 297
295 298
295 299
295 300
295 671
296 298
296 299
296 300
296 846
296 487
297 299
297 300
297 301
297 302
298 299
298 300
298 301
298 302
298 635
299 300
299 302
299 303
299 304
299 953
300 301
300 302
300 303
300 304
300 821
301 302
301 303
301 304
301 305
301 306
301 822
302 303
302 304
302 306
302 307
303 307
303 308
303 568
303 416
304 305
304 306
304 307
304 308
304 747
304 903
305 306
305 307
305 308
305 309
305 310
305 850
306 307
306 308
306 309
306 310
306 311
307 308
307 309
307 310
307 311
307 764
307 814
308 309
308 310
308 311
308 313
308 839
309 310
309 312
309 313
309 314
309 748
310 311
310 313
310 314
310 315
310 770
310 648
311 312
311 313
311 314
311 959
312 313
312 314
312 315
312 316
312 317
313 314
313 315
313 316
313 317
313 342
313 971
314 316
314 317
314 318
314 319
314 371
315 316
315 317
315 318
315 319
316 318
316 319
316 320
316 321
317 318
317 320
317 322
317 368
317 330
318 320
318 321
318 322
318 683
318 481
318 535
319 320
319 321
319 322
319 324
319 498
320 322
320 323
320 324
320 325
320 788
320 464
321 322
321 323
321 325
321 326
321 513
321 697
322 323
322 327
322 329
322 537
323 324
323 327
323 954
323 634
323 939
324 326
324 327
324 764
324 805
324 691
324 491
325 326
325 327
325 329
325 330
325 634
326 327
326 328
326 329
326 330
326 331
327 328
327 329
327 331
327 332
327 537
328 329
328 332
328 333
328 466
329 330
329 331
329 332
329 333
329 334
329 418
330 331
330 334
330 335
330 612
330 367
331 332
331 333
331 334
331 335
331 336
331 549
331 655
332 333
332 334
332 335
332 336
332 337
332 773
333 334
333 336
333 337
333 338
334 336
334 337
334 338
334 339
334 364
334 360
335 336
335 337
335 338
335 340
335 537
336 337
336 338
336 339
336 340
336 341
337 338
337 339
337 340
337 341
337 342
337 628
338 339
338 341
338 342
338 343
338 673
339 340
339 341
339 342
339 343
339 344
339 552
339 651
339 689
340 341
340 342
340 343
340 344
340 852
341 342
341 343
341 344
341 345
341 346
342 344
342 345
342 346
342 669
343 344
343 345
343 346
343 347
343 348
344 345
344 346
344 347
344 348
344 349
344 391
344 864
345 346
345 347
345 349
345 350
345 976
346 347
346 348
346 350
346 351
346 837
347 348
347 350
347 351
347 352
348 349
348 350
348 352
348 404
348 380
348 586
349 350
349 351
349 352
349 353
349 983
349 615
350 351
350 352
350 554
350 832
351 352
351 353
351 355
351 356
351 453
352 355
352 356
352 357
352 738
352 449
353 355
353 356
353 357
353 358
353 554
354 355
354 356
354 359
354 468
354 686
354 680
355 357
355 358
355 360
355 921
355 519
355 991
355 543
356 357
356 358
356 359
356 360
356 361
357 358
357 359
357 360
357 361
357 362
358 359
358 360
358 361
358 362
358 363
358 527
358 890
359 360
359 361
359 362
359 363
359 887
359 768
360 361
360 363
360 364
360 776
360 535
361 362
361 363
361 364
361 365
361 366
362 363
362 364
362 365
362 367
362 555
362 491
362 919
363 364
363 366
363 367
363 368
363 709
364 365
364 366
364 367
364 368
364 369
365 366
365 367
365 368
365 369
365 370
366 367
366 368
366 369
366 370
366 416
366 399
367 368
367 369
367 370
367 372
368 369
368 370
368 371
368 372
368 373
369 370
369 372
369 373
369 779
369 604
370 371
370 372
370 373
370 374
370 375
371 372
371 373
371 374
371 375
371 376
371 748
371 756
371 856
372 374
372 375
372 376
372 377
372 445
373 374
373 375
373 376
373 377
373 378
374 375
374 376
374 480
374 694
375 377
375 378
375 379
375 380
375 455
375 550
376 378
376 380
376 381
376 994
376 658
376 396
376 563
376 719
376 991
377 378
377 379
377 380
377 381
377 382
377 676
377 690
377 993
378 379
378 380
378 381
378 382
378 383
378 946
379 380
379 381
379 382
379 383
379 384
380 382
380 384
380 385
381 382
381 383
381 385
381 667
381 875
382 383
382 384
382 385
382 386
382 462
383 384
383 386
383 387
383 388
383 805
384 385
384 387
384 388
384 389
384 561
384 733
385 387
385 388
385 389
385 390
385 982
385 518
386 387
386 388
386 389
386 390
386 968
386 580
387 388
387 389
387 390
387 391
387 672
388 389
388 391
388 392
388 393
388 859
389 390
389 391
389 392
389 393
389 575
389 915
390 391
390 393
390 394
390 395
390 808
391 393
391 394
391 395
391 804
391 716
392 393
392 394
392 395
392 397
392 507
393 394
393 395
393 396
393 397
393 398
394 395
394 396
394 397
394 399
394 766
395 397
395 398
395 399
395 400
396 398
396 399
396 612
396 777
396 510
396 896
397 398
397 399
397 400
397 401
397 402
398 400
398 402
398 403
398 685
398 723
399 401
399 402
399 404
399 667
399 530
400 401
400 402
400 403
400 404
401 402
401 403
401 404
401 405
401 406
401 557
402 403
402 404
402 405
402 406
402 407
403 404
403 407
403 408
403 999
403 730
404 405
404 406
404 407
404 408
404 480
404 462
405 407
405 408
405 410
405 860
405 591
406 407
406 408
406 409
406 410
406 411
407 408
407 409
407 411
407 412
407 703
407 936
407 737
407 547
408 409
408 410
408 411
408 412
408 413
409 410
409 412
409 413
409 945
410 411
410 412
410 413
410 414
410 670
410 760
411 412
411 413
411 414
411 415
411 478
412 414
412 415
412 416
412 417
412 855
413 414
413 415
413 416
413 417
413 704
413 993
414 415
414 416
414 417
414 418
414 419
415 416
415 417
415 418
415 419
415 420
415 753
416 417
416 418
416 420
416 421
416 671
417 418
417 419
417 420
417 421
417 422
418 419
418 420
418 421
418 423
419 421
419 422
419 423
419 424
419 474
419 463
420 421
420 422
420 423
420 424
420 425
421 422
421 423
421 424
421 425
421 426
422 424
422 425
422 426
422 427
422 742
422 920
423 424
423 425
423 426
423 427
423 428
423 810
424 425
424 426
424 427
424 428
424 429
424 531
424 932
425 426
425 429
425 430
425 698
426 427
426 428
426 429
426 430
426 431
426 436
427 428
427 429
427 430
427 431
427 432
428 429
428 430
428 431
428 432
428 876
429 430
429 431
429 432
429 433
429 434
429 831
429 877
430 431
430 432
430 433
430 434
430 435
430 906
431 432
431 433
431 434
431 435
431 436
431 596
432 433
432 434
432 436
432 740
433 434
433 436
433 437
433 873
433 994
434 435
434 436
434 438
434 466
434 738
435 437
435 438
435 439
435 440
435 489
436 437
436 438
436 439
436 440
437 438
437 439
437 440
437 442
437 485
437 853
438 439
438 441
438 442
438 517
438 736
438 907
438 981
439 440
439 441
439 443
439 444
439 593
440 441
440 442
440 443
440 604
441 442
441 444
441 445
441 679
442 444
442 445
442 615
442 812
443 444
443 445
443 448
443 877
444 445
444 447
444 448
444 449
444 581
445 447
445 448
445 449
445 450
445 645
445 900
445 913
445 623
445 792
446 447
446 448
446 449
446 451
446 898
446 747
447 448
447 449
447 450
447 452
447 671
448 450
448 451
448 452
448 453
449 450
449 451
449 452
449 453
449 454
450 451
450 452
450 453
450 454
450 455
451 452
451 453
451 455
451 456
451 870
451 889
452 454
452 968
452 568
453 455
453 456
453 840
453 516
454 455
454 456
454 457
454 459
454 839
455 457
455 459
455 460
455 587
456 457
456 459
456 460
456 461
456 750
457 458
457 459
457 460
457 461
457 462
458 460
458 461
458 463
458 918
458 552
459 461
459 462
459 463
459 464
459 980
460 461
460 462
460 463
460 464
460 465
461 463
461 464
461 465
461 466
461 816
461 469
461 751
462 463
462 464
462 465
462 466
462 974
463 464
463 465
464 465
464 466
464 468
464 663
464 769
465 466
465 467
465 468
465 469
465 470
466 467
466 468
466 469
466 470
466 471
467 469
467 470
467 471
467 511
468 470
468 471
468 473
468 995
468 706
469 470
469 471
469 472
469 773
470 471
470 472
470 473
470 474
470 475
470 566
470 506
471 472
471 473
471 474
471 475
471 476
472 473
472 474
472 475
472 476
472 477
472 576
473 474
473 475
473 476
473 477
473 478
474 475
474 477
474 478
474 479
475 476
475 477
475 478
475 480
475 655
476 477
476 478
476 479
476 480
476 481
477 478
477 479
477 480
477 481
477 482
478 479
478 480
478 482
478 483
478 797
479 480
479 481
479 482
479 483
479 484
480 483
480 484
480 485
480 984
481 482
481 483
481 485
481 486
482 483
482 484
482 485
482 487
482 673
483 484
483 485
483 486
483 487
483 809
483 854
483 886
484 485
484 486
484 487
484 488
484 489
485 486
485 488
485 489
485 490
485 963
485 720
486 487
486 488
486 489
486 490
486 530
486 824
487 489
487 491
487 492
487 556
487 505
488 489
488 490
488 491
488 492
488 493
488 937
489 491
489 494
489 935
489 581
490 491
490 492
490 493
490 494
490 495
491 492
491 495
491 496
491 594
492 493
492 494
492 497
492 906
493 494
493 496
493 497
493 498
493 570
494 495
494 497
494 498
494 499
494 556
494 917
495 496
495 497
495 498
495 499
495 500
495 732
495 807
495 929
496 497
496 498
496 499
496 532
496 926
497 499
497 500
497 501
497 567
498 499
498 500
498 501
498 502
498 503
499 500
499 501
499 502
499 503
499 504
500 501
500 502
500 503
500 504
500 505
501 502
501 504
501 505
501 506
501 652
502 503
502 504
502 507
502 973
502 720
502 523
502 629
503 506
503 507
503 508
503 983
503 695
504 505
504 506
504 507
504 509
504 804
505 506
505 507
505 509
505 934
506 507
506 508
506 509
506 511
507 508
507 509
507 510
507 511
507 512
508 509
508 510
508 511
508 512
508 827
509 510
509 511
509 512
509 513
509 514
509 704
510 511
510 512
510 513
510 515
510 997
511 512
511 515
511 516
511 687
511 995
512 514
512 516
512 517
512 567
512 642
512 644
512 579
512 635
513 514
513 515
513 516
513 517
513 518
513 746
513 540
514 515
514 516
514 517
514 518
514 519
515 516
515 518
515 520
515 973
515 931
515 737
516 517
516 518
516 519
516 520
516 704
517 518
517 519
517 522
517 581
518 519
518 520
518 521
518 522
519 521
519 522
519 523
519 524
520 521
520 522
520 523
520 524
520 525
521 522
521 523
521 524
521 525
521 526
522 524
522 525
522 526
522 527
522 949
523 524
523 525
523 526
523 527
523 603
524 525
524 526
524 527
524 528
524 529
525 526
525 528
525 529
525 530
525 908
526 528
526 529
526 530
527 528
527 530
527 531
527 532
528 529
528 531
528 532
528 533
529 531
529 532
529 533
529 534
529 567
530 531
530 532
530 603
531 536
531 649
532 533
532 534
532 535
532 536
532 537
532 763
533 534
533 535
533 536
533 538
533 747
533 805
534 535
534 536
534 537
534 538
534 539
534 916
535 536
535 537
535 538
535 539
536 537
536 538
536 539
536 540
536 541
537 538
537 539
537 541
537 542
537 771
538 539
538 540
538 542
538 543
538 954
539 540
539 542
539 543
539 544
539 547
540 541
540 542
540 543
540 545
541 542
541 543
541 544
541 545
541 546
542 543
542 544
542 545
542 546
542 669
542 730
543 545
543 546
543 547
543 553
544 547
544 549
544 604
544 563
544 610
544 638
545 546
545 548
545 549
545 550
545 776
545 568
545 654
546 547
546 548
546 549
546 550
546 551
547 548
547 549
547 550
547 551
547 552
547 813
548 549
548 550
548 551
548 553
548 837
548 970
549 551
549 552
549 553
550 551
550 552
550 553
550 554
551 552
551 554
551 555
551 556
551 641
551 560
551 898
552 554
552 556
553 554
553 555
553 557
553 980
554 555
554 556
554 557
554 558
554 559
555 557
555 558
555 559
555 880
556 557
556 558
556 560
556 561
557 558
557 559
557 770
557 813
558 559
558 560
558 561
558 563
558 938
559 561
559 563
559 564
559 703
560 562
560 564
560 565
561 562
561 563
561 564
561 565
561 566
562 564
562 565
562 566
562 567
562 810
563 564
563 565
563 566
563 568
563 947
563 817
564 565
564 566
564 567
564 568
564 569
565 566
565 567
565 568
565 569
565 570
565 949
566 567
566 569
566 570
566 571
566 684
567 568
567 569
567 570
567 571
567 572
567 963
567 872
568 569
568 572
568 573
569 570
569 571
569 572
569 573
569 574
569 882
570 571
570 572
570 573
570 574
570 575
571 572
571 574
571 575
571 920
572 573
572 574
572 575
572 577
572 789
572 959
573 574
573 575
573 576
573 577
573 578
574 575
574 576
574 577
574 578
574 579
574 902
574 830
575 577
575 578
575 579
575 580
576 577
576 579
576 580
576 581
577 578
577 580
577 581
577 582
577 691
578 579
578 580
578 581
578 582
578 656
579 580
579 581
579 582
579 583
580 581
580 582
580 583
580 584
580 585
581 582
581 583
581 584
581 586
582 583
582 584
582 585
582 586
582 587
583 584
583 586
583 587
583 588
584 585
584 587
584 589
584 713
584 832
585 587
585 588
585 589
585 927
586 587
586 588
586 589
586 590
587 588
587 589
587 591
587 679
587 793
588 589
588 592
588 891
589 591
589 593
589 594
590 591
590 595
590 781
590 887
590 924
591 592
591 593
591 594
591 595
591 787
592 593
592 594
592 595
592 596
592 597
593 594
593 595
593 598
593 728
594 595
594 596
594 598
594 599
595 596
595 597
595 598
595 599
595 742
595 902
596 597
596 600
596 601
596 689
597 598
597 599
597 601
597 602
597 701
598 599
598 600
598 602
598 603
598 782
599 600
599 601
599 602
599 603
599 604
600 601
600 602
600 604
600 605
601 602
601 603
601 604
601 605
601 606
601 791
602 603
602 604
602 605
602 606
602 607
603 604
603 606
603 607
603 608
604 605
604 606
604 607
604 608
604 609
605 606
605 608
605 609
605 619
606 607
606 609
606 610
606 962
606 807
607 610
607 611
607 690
607 816
607 934
608 609
608 610
608 611
608 612
608 613
608 805
609 610
609 612
609 613
610 611
610 612
610 613
610 614
610 615
611 612
611 614
611 615
611 616
612 613
612 614
612 615
612 616
612 617
613 615
613 616
613 617
613 618
614 615
614 616
614 617
614 618
614 619
615 616
615 617
615 618
615 619
615 922
615 918
615 970
616 617
616 618
616 619
616 620
616 621
617 618
617 619
617 620
617 621
617 622
618 619
618 620
618 623
618 877
618 899
619 620
619 621
619 622
619 623
619 624
619 800
619 895
620 621
620 622
620 624
620 625
620 891
621 622
621 623
621 624
621 625
621 626
621 871
622 623
622 624
622 626
622 628
622 790
623 624
623 625
623 627
623 628
624 625
624 626
624 627
624 628
624 629
625 627
625 628
625 629
625 630
625 884
625 664
625 998
626 627
626 628
626 629
626 630
626 631
627 628
627 629
627 630
627 631
627 632
628 630
628 631
628 632
628 633
629 630
629 631
629 632
629 672
630 633
630 634
630 635
630 712
631 632
631 633
631 634
631 635
631 636
631 723
632 633
632 634
632 635
632 636
632 637
633 634
633 635
633 636
633 637
634 635
634 636
634 637
634 639
634 866
635 636
635 638
635 639
636 637
636 638
636 639
636 640
636 641
637 638
637 639
637 640
637 641
637 894
638 639
638 640
638 641
638 643
639 640
639 641
639 642
639 643
639 644
639 888
640 641
640 642
640 643
640 644
640 645
641 642
641 643
641 644
641 645
641 646
641 739
642 643
642 645
642 646
642 647
643 644
643 645
643 646
643 647
643 648
644 645
644 646
644 647
644 648
644 649
645 646
645 647
645 648
645 650
645 861
646 647
646 649
646 650
646 651
646 902
647 648
647 649
647 650
647 651
647 652
648 649
648 650
648 652
648 653
649 650
649 651
649 652
649 653
649 654
650 651
650 652
650 655
650 834
650 851
650 878
651 652
651 653
651 654
651 656
652 653
652 654
652 655
652 656
652 657
653 654
653 655
653 656
653 657
653 658
654 655
654 656
654 657
654 659
654 904
654 839
655 656
655 658
655 659
656 657
656 658
656 659
656 660
656 661
656 942
657 658
657 659
657 660
657 661
657 662
658 659
658 660
658 661
658 662
658 663
659 660
659 661
659 662
659 663
659 664
659 729
660 662
660 664
660 665
660 868
660 919
660 825
661 663
661 664
661 673
661 856
662 663
662 664
662 665
662 666
662 667
663 664
663 665
663 666
663 667
663 668
664 666
664 667
664 668
664 669
665 666
665 667
665 668
665 669
665 670
666 667
666 668
666 669
666 671
666 816
666 801
667 668
667 670
667 671
668 669
668 670
668 671
668 672
668 673
668 737
669 671
669 673
669 674
669 894
670 672
670 673
670 675
670 797
671 672
671 673
671 676
672 673
672 674
672 675
672 676
672 677
673 674
673 675
673 676
673 677
673 711
673 869
674 675
674 676
674 677
674 678
674 679
675 676
675 678
675 679
675 680
676 677
676 679
676 680
677 678
677 679
677 680
677 681
677 682
678 679
678 680
678 681
678 682
678 683
679 680
679 681
679 684
679 964
679 930
680 681
680 683
680 684
681 682
681 683
681 684
681 685
681 686
681 870
682 684
682 685
682 686
682 687
682 959
683 684
683 685
683 687
683 688
683 883
683 848
684 685
684 687
684 688
684 689
685 686
685 687
685 688
685 689
685 690
686 687
686 688
686 691
686 844
687 689
687 690
687 691
687 736
687 784
688 689
688 690
688 691
688 692
688 693
689 690
689 691
689 692
689 693
689 861
690 691
690 693
690 694
691 692
691 694
691 695
691 696
692 693
692 694
692 696
692 697
692 809
693 695
693 696
693 697
693 698
693 944
694 695
694 696
694 697
694 698
694 699
695 696
695 697
695 698
695 859
696 698
696 699
696 701
696 722
696 948
697 698
697 699
697 701
697 702
698 700
698 701
698 702
698 703
698 706
699 700
699 702
699 703
699 704
699 888
700 701
700 702
700 703
700 704
700 705
701 702
701 704
701 705
701 883
701 765
702 703
702 705
702 878
702 834
703 705
703 706
703 707
703 708
704 708
704 709
705 706
705 707
705 708
705 709
705 710
706 707
706 708
706 709
706 710
706 711
707 708
707 709
707 710
707 711
707 854
708 709
708 710
708 711
708 712
708 713
709 711
709 712
709 713
709 714
709 760
710 711
710 712
710 713
710 714
710 715
711 713
711 714
711 715
711 716
711 918
712 713
712 714
712 715
712 716
712 717
713 714
713 715
713 716
713 717
713 718
714 717
714 719
714 800
714 947
715 716
715 717
715 718
715 719
715 720
716 717
716 718
716 719
716 720
717 719
717 721
717 722
718 719
718 720
718 721
718 722
718 723
718 867
719 720
719 722
719 724
719 942
720 721
720 722
720 724
720 725
720 741
721 722
721 723
721 724
721 725
721 726
722 723
722 724
722 725
722 726
722 729
723 724
723 725
723 727
723 728
724 725
724 726
724 727
724 729
724 833
725 726
725 727
725 728
725 729
725 873
726 727
726 728
726 730
726 939
727 729
727 730
727 731
727 732
728 729
728 731
728 732
728 733
729 730
729 731
729 732
729 734
730 731
730 732
730 733
730 734
730 735
731 732
731 733
731 734
731 735
731 736
732 734
732 737
732 925
733 734
733 735
733 736
733 738
734 735
734 736
734 737
734 738
734 739
735 736
735 737
735 738
735 739
735 740
736 739
736 741
736 866
736 860
736 870
737 738
737 741
737 742
738 739
738 740
738 741
738 742
738 808
739 742
739 743
739 744
740 741
740 742
740 743
740 744
740 745
740 981
741 742
741 744
741 745
741 746
741 758
742 744
742 746
742 747
743 744
743 745
743 746
743 748
744 745
744 748
744 749
744 903
744 920
745 746
745 747
745 748
745 749
745 750
745 761
746 747
746 748
746 750
746 751
747 748
747 750
747 751
747 752
747 780
747 848
748 749
748 750
748 752
749 750
749 751
749 752
749 753
749 754
750 751
750 752
750 753
750 754
751 752
751 753
751 755
752 753
752 754
752 755
752 756
752 757
753 754
753 755
753 756
753 758
754 755
754 756
754 757
754 759
755 756
755 757
755 758
755 759
755 760
756 757
756 758
756 760
756 941
756 942
757 758
757 759
757 760
757 761
757 762
758 759
758 760
758 761
758 762
759 760
759 761
759 762
759 763
759 875
760 761
760 762
760 763
760 765
760 918
761 762
761 765
761 766
761 961
762 763
762 764
762 765
762 766
762 767
763 764
763 765
763 766
763 768
764 767
764 768
764 769
765 766
765 768
765 769
765 770
766 767
766 768
766 769
766 770
766 771
767 768
767 769
767 770
767 772
767 887
768 769
768 770
768 771
768 772
768 773
768 775
769 770
769 771
769 772
769 773
770 773
770 775
770 970
771 772
771 773
771 774
771 775
772 773
772 774
772 775
772 777
772 846
773 775
773 776
773 777
773 955
774 775
774 776
774 777
774 778
774 779
775 776
775 777
775 778
775 780
776 778
776 780
776 781
776 886
776 808
777 780
777 782
777 888
777 946
778 779
778 780
778 781
778 782
778 803
779 781
779 783
779 784
779 880
780 781
780 783
780 784
780 785
781 782
781 783
781 784
781 785
781 786
782 783
782 784
782 785
782 786
782 787
783 784
783 785
783 786
783 787
784 786
784 787
784 788
784 789
785 786
785 787
785 788
785 789
785 790
786 787
786 788
786 789
786 790
786 791
787 788
787 789
787 790
787 791
788 789
788 790
788 791
788 792
788 793
789 791
789 792
789 793
789 794
790 791
790 792
790 793
790 794
791 792
791 793
791 795
791 796
792 793
792 794
792 795
792 797
793 794
793 795
793 796
793 797
793 798
794 795
794 796
794 797
794 798
794 799
795 796
795 797
795 798
795 799
795 800
796 797
796 798
796 799
796 801
797 798
797 799
797 800
797 801
798 801
798 802
798 803
799 800
799 801
799 803
799 893
800 802
800 803
800 805
800 910
801 802
801 803
801 804
801 806
801 838
802 803
802 804
802 805
802 806
802 935
803 804
803 805
803 807
803 808
803 999
804 807
804 809
804 862
805 806
805 810
806 807
806 808
806 809
806 811
806 971
807 808
807 809
807 810
807 812
808 810
808 811
808 812
808 813
809 810
809 811
809 813
809 814
810 813
810 814
810 815
810 970
811 812
811 813
811 814
811 815
811 816
811 939
812 813
812 814
812 815
812 816
813 814
813 816
813 817
814 816
814 817
814 818
815 816
815 817
815 818
815 819
815 820
815 896
816 817
816 819
816 820
816 821
817 818
817 819
817 820
817 821
818 819
818 820
818 821
818 822
818 823
818 871
819 820
819 821
819 822
819 823
819 824
820 821
820 823
820 824
820 825
821 822
821 823
821 824
821 825
821 826
822 823
822 824
822 825
822 826
823 824
823 825
823 826
823 827
823 828
823 840
824 825
824 826
824 827
824 828
825 826
825 827
825 829
825 830
826 827
826 828
826 829
826 830
826 831
826 999
827 828
827 829
827 830
827 831
827 832
828 829
828 830
828 832
828 833
828 992
829 830
829 831
829 832
829 833
829 834
830 831
830 832
830 833
831 832
831 833
831 835
831 836
832 833
832 834
832 835
832 836
832 837
833 834
833 835
833 836
833 837
833 838
834 836
834 838
834 839
835 836
835 837
835 838
835 839
836 837
836 838
836 839
837 839
837 840
837 841
837 842
838 840
838 841
839 840
839 841
839 842
840 843
840 844
841 842
841 843
841 845
842 843
842 844
842 845
842 846
842 847
843 844
843 845
843 846
843 847
843 848
844 845
844 846
844 847
844 849
845 846
845 847
845 849
845 897
845 948
846 847
846 848
846 849
846 850
846 851
847 848
847 849
847 850
847 852
847 917
848 849
848 850
848 874
849 850
849 851
849 853
849 854
850 851
850 852
850 854
850 927
851 852
851 854
851 856
851 934
851 933
852 853
852 854
852 855
852 856
852 857
853 854
853 856
853 913
854 855
854 856
854 858
854 859
855 856
855 857
855 858
855 859
855 860
856 857
856 859
856 860
856 964
857 858
857 859
857 860
857 861
857 862
858 860
858 861
858 862
858 863
858 876
859 860
859 862
859 863
859 864
860 861
860 863
860 864
860 865
861 864
861 865
861 866
862 863
862 864
862 866
862 867
863 864
863 865
863 866
863 867
863 868
863 924
864 865
864 866
864 868
864 869
864 985
865 866
865 867
865 868
865 869
865 870
866 867
866 868
866 869
866 870
867 869
867 870
867 871
867 872
868 869
868 870
868 871
868 872
868 873
869 871
869 872
869 873
869 874
870 871
870 872
870 875
871 873
871 874
871 875
872 873
872 876
872 877
873 875
873 877
873 899
874 875
874 876
874 877
874 878
874 963
875 876
875 877
875 878
875 879
875 880
876 878
876 879
876 880
876 881
877 879
877 880
877 881
878 879
878 880
878 881
878 882
878 883
878 927
879 880
879 881
879 882
879 883
879 884
880 881
880 882
880 883
880 885
881 883
881 884
881 885
881 886
881 941
882 884
882 885
882 887
882 962
882 981
883 885
883 886
883 887
883 888
884 886
884 887
884 888
884 889
885 887
885 888
885 889
885 890
886 887
886 888
886 889
886 890
886 891
886 994
887 889
887 890
887 892
887 905
888 890
888 891
888 892
888 893
889 890
889 891
889 892
889 893
890 891
890 892
890 893
890 894
890 975
891 892
891 893
891 894
891 895
891 896
892 893
892 894
892 895
892 896
892 897
893 894
893 895
893 896
893 897
893 898
894 895
894 896
894 897
894 899
895 896
895 898
895 899
895 900
896 897
896 898
896 899
896 901
897 898
897 899
897 900
897 901
897 902
898 900
898 901
898 902
899 900
899 901
899 902
899 903
900 902
900 903
900 904
900 905
901 902
901 903
901 904
901 905
901 906
902 905
902 906
903 904
903 905
903 906
903 907
904 905
904 907
904 908
904 909
904 920
905 906
905 907
905 908
905 909
905 910
906 907
906 908
906 909
906 911
907 909
907 910
907 912
908 909
908 910
908 911
908 913
908 973
909 910
909 911
909 912
909 913
909 914
910 911
910 912
910 913
910 914
910 915
910 983
911 912
911 913
911 914
911 915
911 916
912 913
912 914
912 915
912 916
912 917
913 916
913 917
913 918
914 915
914 916
914 917
914 918
914 919
915 917
915 918
915 919
915 920
916 917
916 919
916 920
916 921
917 918
917 919
917 920
917 921
917 972
918 919
918 921
918 922
919 921
919 922
919 923
919 924
920 921
920 923
920 925
921 922
921 923
921 924
921 925
921 926
922 924
922 925
922 926
922 927
923 924
923 925
923 926
923 927
923 928
924 925
924 927
924 928
924 929
925 926
925 927
925 928
925 930
926 927
926 928
926 929
926 930
926 931
927 928
927 929
928 930
928 931
928 932
928 933
929 930
929 931
929 932
929 933
930 931
930 932
930 933
930 935
931 932
931 934
931 935
931 936
932 933
932 934
932 936
932 991
933 934
933 935
933 936
933 937
933 956
934 935
934 937
934 938
934 939
934 949
935 936
935 937
935 939
936 939
936 940
936 941
937 939
937 940
937 942
938 939
938 940
938 941
938 942
938 943
939 940
939 942
939 943
939 944
940 941
940 942
940 943
940 944
940 945
941 942
941 944
941 945
942 943
942 945
942 946
943 944
943 945
943 946
943 947
943 948
944 946
944 949
945 946
945 947
945 948
945 949
945 950
946 947
946 948
946 949
947 949
947 951
948 949
948 950
948 951
948 952
948 953
949 951
949 952
949 953
949 954
950 951
950 952
950 953
950 954
950 955
951 952
951 953
951 954
951 955
951 956
952 953
952 954
952 955
952 956
952 957
953 954
953 955
953 956
953 957
953 958
954 955
954 957
954 958
954 959
955 957
955 959
955 960
956 957
956 959
956 961
956 988
957 958
957 960
957 961
957 962
958 959
958 960
958 961
958 962
959 961
959 962
959 964
959 965
960 961
960 962
960 963
960 964
960 965
961 962
961 963
961 964
961 965
961 966
962 963
962 965
962 966
962 967
963 966
963 967
963 968
964 965
964 966
964 967
964 968
964 969
965 966
965 967
965 968
965 969
966 967
966 968
966 969
966 970
966 971
967 968
967 969
967 970
967 971
967 972
968 970
968 971
968 972
968 973
969 970
969 971
969 972
969 973
969 974
970 971
970 972
970 973
971 972
971 973
971 974
971 975
971 976
972 973
972 974
972 975
972 977
973 975
973 976
973 977
974 975
974 976
974 977
974 978
974 979
975 977
975 978
975 979
975 980
976 977
976 978
976 980
976 981
977 978
977 979
977 980
977 981
977 982
978 979
978 980
978 981
978 982
978 983
979 981
979 982
979 983
979 984
980 981
980 982
980 983
980 984
980 985
981 982
981 986
982 983
982 984
982 985
982 986
982 987
983 984
983 985
983 986
983 987
984 985
984 986
984 988
984 989
985 987
985 989
985 990
986 988
986 989
986 990
986 991
987 988
987 989
987 990
987 991
987 992
988 990
988 991
988 992
988 993
989 990
989 991
989 992
989 993
989 994
990 991
990 992
990 993
990 994
991 992
991 993
991 994
991 995
992 993
992 996
992 997
993 994
993 995
993 996
993 998
994 995
994 997
994 999
995 996
995 997
995 998
996 997
996 998
996 999
997 998
998 999
