0 1
0 11
0 13
0 16
0 18
0 21
0 33
0 38
0 39
0 40
0 46
0 48
0 59
0 60
0 62
0 64
0 67
0 68
0 70
0 81
0 82
0 83
0 89
0 96
0 100
0 101
0 104
0 107
0 109
0 112
0 116
0 122
0 135
0 139
0 146
0 153
0 155
0 159
0 173
0 183
0 189
0 192
0 193
0 198
0 206
0 207
0 213
0 214
0 220
0 223
0 232
0 239
0 247
0 250
0 255
0 256
0 266
0 270
0 274
0 277
0 278
0 281
0 282
0 296
0 299
1 9
1 13
1 15
1 16
1 21
1 26
1 33
1 38
1 40
1 42
1 44
1 55
1 58
1 62
1 72
1 73
1 75
1 82
1 83
1 86
1 87
1 95
1 96
1 110
1 119
1 121
1 129
1 130
1 133
1 134
1 136
1 141
1 146
1 147
1 148
1 151
1 158
1 162
1 173
1 181
1 189
1 191
1 195
1 211
1 213
1 218
1 223
1 226
1 237
1 239
1 240
1 242
1 244
1 247
1 250
1 256
1 263
1 266
1 272
1 273
1 275
1 279
1 291
1 295
1 298
1 300
1 303
1 305
1 311
2 3
2 4
2 7
2 10
2 12
2 18
2 31
2 33
2 41
2 45
2 47
2 54
2 60
2 61
2 68
2 69
2 72
2 89
2 90
2 96
2 98
2 112
2 115
2 116
2 123
2 142
2 148
2 151
2 154
2 155
2 162
2 165
2 169
2 173
2 174
2 176
2 179
2 184
2 185
2 186
2 192
2 194
2 196
2 197
2 202
2 205
2 207
2 209
2 225
2 244
2 245
2 250
2 253
2 254
2 259
2 270
2 272
2 281
2 287
2 292
2 295
2 299
2 301
2 302
2 303
2 312
3 4
3 5
3 6
3 8
3 14
3 25
3 26
3 35
3 36
3 37
3 38
3 40
3 46
3 51
3 52
3 53
3 54
3 74
3 85
3 95
3 100
3 104
3 111
3 114
3 117
3 125
3 126
3 133
3 141
3 142
3 146
3 148
3 161
3 163
3 172
3 174
3 176
3 178
3 185
3 204
3 206
3 213
3 216
3 217
3 220
3 221
3 226
3 229
3 230
3 242
3 245
3 249
3 260
3 267
3 276
3 278
3 280
3 282
3 283
3 294
3 295
3 301
3 306
3 312
3 313
4 12
4 13
4 15
4 18
4 19
4 21
4 27
4 29
4 34
4 38
4 40
4 50
4 52
4 56
4 57
4 61
4 63
4 69
4 70
4 73
4 81
4 82
4 86
4 88
4 96
4 101
4 108
4 109
4 111
4 112
4 122
4 124
4 125
4 135
4 136
4 142
4 149
4 166
4 169
4 179
4 181
4 183
4 189
4 191
4 192
4 194
4 209
4 211
4 212
4 213
4 215
4 220
4 227
4 231
4 240
4 243
4 245
4 249
4 250
4 252
4 255
4 256
4 258
4 268
4 274
4 280
4 281
4 287
4 293
4 300
4 304
4 308
5 6
5 9
5 11
5 13
5 18
5 26
5 32
5 36
5 42
5 43
5 49
5 51
5 55
5 56
5 57
5 59
5 73
5 77
5 79
5 84
5 87
5 89
5 95
5 97
5 102
5 104
5 106
5 115
5 121
5 122
5 125
5 130
5 132
5 133
5 136
5 143
5 147
5 148
5 157
5 167
5 168
5 178
5 190
5 192
5 193
5 197
5 210
5 211
5 217
5 222
5 245
5 251
5 254
5 258
5 264
5 274
5 276
5 298
5 308
6 16
6 35
6 42
6 47
6 49
6 50
6 53
6 54
6 56
6 59
6 60
6 63
6 64
6 66
6 68
6 69
6 74
6 77
6 78
6 80
6 84
6 89
6 94
6 95
6 97
6 100
6 102
6 107
6 109
6 110
6 111
6 120
6 122
6 125
6 128
6 130
6 132
6 137
6 142
6 147
6 158
6 159
6 174
6 178
6 179
6 197
6 199
6 200
6 207
6 212
6 213
6 215
6 216
6 224
6 237
6 238
6 244
6 253
6 262
6 266
6 269
6 270
6 279
6 284
6 285
6 286
6 297
6 305
6 307
6 309
6 311
7 21
7 26
7 27
7 43
7 46
7 47
7 71
7 80
7 88
7 106
7 108
7 113
7 123
7 127
7 135
7 142
7 147
7 148
7 150
7 151
7 153
7 156
7 158
7 178
7 185
7 191
7 192
7 193
7 198
7 199
7 209
7 210
7 212
7 213
7 215
7 222
7 223
7 225
7 239
7 243
7 246
7 254
7 257
7 266
7 268
7 271
7 276
7 278
7 285
7 286
7 287
7 288
7 290
7 304
7 306
8 15
8 22
8 24
8 27
8 31
8 34
8 37
8 39
8 44
8 47
8 50
8 61
8 68
8 69
8 79
8 89
8 98
8 101
8 102
8 108
8 110
8 112
8 118
8 119
8 132
8 136
8 140
8 143
8 149
8 150
8 154
8 157
8 158
8 161
8 163
8 165
8 166
8 175
8 176
8 178
8 183
8 194
8 199
8 202
8 205
8 221
8 222
8 226
8 228
8 235
8 239
8 243
8 246
8 249
8 257
8 259
8 275
8 277
8 279
8 293
8 300
8 301
8 302
8 309
8 310
8 312
9 12
9 18
9 22
9 23
9 28
9 35
9 39
9 55
9 61
9 70
9 71
9 72
9 77
9 80
9 81
9 90
9 91
9 93
9 97
9 103
9 127
9 133
9 137
9 141
9 142
9 144
9 145
9 151
9 154
9 164
9 168
9 172
9 193
9 195
9 196
9 202
9 204
9 205
9 206
9 208
9 210
9 212
9 213
9 226
9 232
9 234
9 235
9 240
9 241
9 243
9 248
9 249
9 256
9 259
9 263
9 268
9 281
9 288
9 300
9 307
9 311
10 15
10 30
10 49
10 54
10 56
10 58
10 62
10 68
10 69
10 71
10 77
10 80
10 87
10 92
10 95
10 105
10 116
10 131
10 132
10 134
10 136
10 139
10 143
10 144
10 173
10 179
10 180
10 199
10 200
10 202
10 211
10 215
10 224
10 232
10 249
10 259
10 260
10 276
10 277
10 278
10 280
10 281
10 289
10 290
10 292
10 296
10 297
10 306
10 314
11 12
11 27
11 29
11 34
11 49
11 56
11 69
11 74
11 78
11 81
11 83
11 84
11 87
11 88
11 92
11 95
11 104
11 106
11 111
11 126
11 139
11 149
11 156
11 161
11 165
11 170
11 171
11 179
11 187
11 189
11 200
11 216
11 218
11 221
11 225
11 239
11 253
11 255
11 256
11 261
11 268
11 269
11 278
11 281
11 282
11 288
11 291
11 295
11 299
11 305
11 311
12 15
12 19
12 22
12 31
12 42
12 44
12 53
12 57
12 59
12 60
12 63
12 69
12 77
12 78
12 85
12 87
12 94
12 95
12 100
12 102
12 104
12 109
12 111
12 118
12 120
12 122
12 128
12 136
12 144
12 145
12 146
12 149
12 155
12 163
12 170
12 174
12 181
12 186
12 187
12 190
12 191
12 192
12 202
12 203
12 211
12 212
12 216
12 224
12 231
12 237
12 247
12 249
12 262
12 264
12 268
12 274
12 283
12 288
12 292
12 295
12 297
12 298
12 303
13 16
13 17
13 22
13 26
13 38
13 39
13 43
13 52
13 56
13 60
13 76
13 77
13 80
13 86
13 91
13 100
13 103
13 104
13 108
13 111
13 113
13 119
13 120
13 131
13 133
13 149
13 155
13 167
13 168
13 169
13 171
13 184
13 187
13 191
13 192
13 201
13 219
13 220
13 224
13 250
13 259
13 269
13 271
13 281
13 283
13 300
13 310
13 311
14 17
14 21
14 26
14 29
14 36
14 48
14 52
14 62
14 64
14 68
14 79
14 83
14 85
14 90
14 93
14 97
14 102
14 106
14 107
14 113
14 115
14 119
14 122
14 127
14 129
14 130
14 132
14 133
14 139
14 158
14 164
14 167
14 168
14 169
14 171
14 172
14 178
14 180
14 183
14 186
14 191
14 193
14 198
14 201
14 202
14 208
14 211
14 222
14 223
14 224
14 240
14 242
14 243
14 250
14 251
14 270
14 271
14 272
14 276
14 281
14 285
14 289
14 302
14 311
15 33
15 36
15 42
15 44
15 46
15 47
15 52
15 54
15 56
15 58
15 65
15 68
15 70
15 74
15 89
15 91
15 92
15 94
15 95
15 102
15 103
15 108
15 110
15 121
15 122
15 125
15 127
15 129
15 131
15 137
15 148
15 154
15 160
15 162
15 166
15 167
15 171
15 180
15 187
15 188
15 212
15 218
15 225
15 227
15 241
15 247
15 255
15 264
15 266
15 267
15 275
15 283
15 285
15 289
15 300
15 305
16 27
16 29
16 37
16 39
16 43
16 46
16 51
16 53
16 55
16 59
16 63
16 64
16 69
16 79
16 83
16 86
16 91
16 92
16 105
16 108
16 131
16 134
16 143
16 150
16 152
16 156
16 161
16 167
16 173
16 174
16 175
16 176
16 178
16 184
16 197
16 200
16 202
16 205
16 210
16 211
16 224
16 234
16 246
16 249
16 253
16 262
16 267
16 272
16 282
16 288
16 291
16 299
16 305
16 307
17 32
17 39
17 43
17 46
17 48
17 55
17 56
17 61
17 66
17 68
17 73
17 75
17 79
17 80
17 82
17 87
17 90
17 108
17 111
17 118
17 131
17 135
17 136
17 144
17 152
17 154
17 155
17 166
17 180
17 183
17 184
17 187
17 191
17 193
17 202
17 206
17 208
17 210
17 214
17 217
17 223
17 227
17 229
17 233
17 240
17 241
17 243
17 251
17 253
17 258
17 261
17 267
17 277
17 281
17 287
17 288
17 293
17 294
17 296
17 298
18 24
18 30
18 39
18 47
18 48
18 51
18 54
18 61
18 64
18 66
18 70
18 75
18 76
18 88
18 91
18 92
18 94
18 101
18 106
18 117
18 118
18 121
18 127
18 134
18 136
18 141
18 144
18 157
18 158
18 160
18 172
18 179
18 190
18 191
18 199
18 209
18 210
18 215
18 219
18 222
18 223
18 228
18 238
18 239
18 240
18 241
18 244
18 250
18 251
18 267
18 269
18 283
18 285
18 288
18 290
18 294
18 295
18 299
18 301
18 302
18 309
18 312
18 315
19 40
19 45
19 47
19 48
19 49
19 54
19 59
19 65
19 68
19 76
19 78
19 93
19 98
19 112
19 116
19 117
19 118
19 119
19 120
19 122
19 132
19 137
19 146
19 148
19 149
19 169
19 173
19 177
19 183
19 189
19 193
19 194
19 201
19 205
19 206
19 208
19 212
19 213
19 219
19 220
19 233
19 237
19 246
19 248
19 255
19 258
19 260
19 285
19 295
19 299
19 311
20 25
20 27
20 30
20 32
20 34
20 38
20 39
20 45
20 51
20 54
20 65
20 70
20 73
20 81
20 92
20 98
20 101
20 106
20 107
20 114
20 115
20 119
20 123
20 128
20 145
20 152
20 153
20 160
20 162
20 167
20 168
20 170
20 174
20 175
20 178
20 179
20 181
20 183
20 186
20 189
20 192
20 204
20 205
20 206
20 209
20 210
20 211
20 215
20 227
20 228
20 229
20 237
20 249
20 252
20 256
20 258
20 261
20 265
20 272
20 276
20 280
20 285
20 291
20 295
20 315
21 26
21 30
21 31
21 33
21 43
21 51
21 53
21 57
21 58
21 59
21 61
21 65
21 71
21 78
21 83
21 89
21 91
21 93
21 97
21 102
21 103
21 104
21 106
21 108
21 111
21 112
21 114
21 117
21 118
21 124
21 130
21 133
21 134
21 135
21 151
21 153
21 156
21 169
21 174
21 179
21 182
21 183
21 185
21 192
21 196
21 200
21 206
21 207
21 209
21 210
21 221
21 235
21 241
21 248
21 249
21 256
21 257
21 259
21 261
21 263
21 264
21 272
21 290
21 292
21 299
21 301
21 311
22 23
22 33
22 37
22 43
22 56
22 62
22 65
22 75
22 78
22 91
22 98
22 100
22 101
22 104
22 105
22 113
22 114
22 133
22 138
22 143
22 145
22 147
22 148
22 149
22 150
22 154
22 155
22 158
22 167
22 171
22 173
22 179
22 182
22 185
22 186
22 188
22 192
22 194
22 197
22 199
22 206
22 210
22 213
22 214
22 218
22 222
22 223
22 226
22 234
22 238
22 251
22 255
22 269
22 273
22 276
22 277
22 280
22 286
22 287
22 288
22 295
22 307
22 309
22 311
22 313
22 314
23 24
23 33
23 38
23 39
23 41
23 50
23 63
23 64
23 65
23 72
23 73
23 82
23 85
23 86
23 94
23 100
23 103
23 106
23 125
23 133
23 134
23 136
23 137
23 138
23 140
23 148
23 151
23 158
23 166
23 183
23 188
23 189
23 208
23 210
23 211
23 219
23 225
23 237
23 242
23 253
23 264
23 266
23 275
23 277
23 284
23 295
23 296
23 300
23 311
24 31
24 45
24 46
24 55
24 57
24 58
24 61
24 62
24 65
24 66
24 69
24 72
24 74
24 77
24 84
24 87
24 90
24 97
24 99
24 101
24 106
24 112
24 113
24 118
24 120
24 122
24 127
24 128
24 145
24 149
24 151
24 152
24 154
24 161
24 171
24 176
24 185
24 187
24 189
24 192
24 203
24 204
24 222
24 226
24 231
24 243
24 244
24 246
24 247
24 249
24 254
24 258
24 261
24 263
24 269
24 271
24 273
24 274
24 305
25 27
25 28
25 34
25 42
25 47
25 50
25 55
25 62
25 64
25 68
25 77
25 83
25 93
25 94
25 102
25 110
25 112
25 118
25 120
25 128
25 134
25 138
25 142
25 159
25 166
25 167
25 173
25 175
25 179
25 210
25 213
25 219
25 221
25 222
25 225
25 228
25 242
25 248
25 249
25 250
25 251
25 256
25 259
25 275
25 279
25 283
25 295
25 305
26 28
26 33
26 36
26 52
26 58
26 62
26 69
26 73
26 74
26 86
26 90
26 100
26 106
26 108
26 112
26 115
26 126
26 130
26 134
26 138
26 141
26 143
26 146
26 150
26 152
26 155
26 159
26 160
26 165
26 168
26 171
26 190
26 193
26 200
26 205
26 206
26 207
26 212
26 213
26 218
26 220
26 225
26 237
26 241
26 245
26 248
26 253
26 269
26 272
26 275
26 276
26 279
26 284
26 285
26 292
26 294
26 295
26 299
26 301
27 28
27 30
27 32
27 33
27 36
27 42
27 47
27 52
27 57
27 58
27 61
27 65
27 70
27 71
27 74
27 75
27 76
27 82
27 94
27 96
27 98
27 108
27 109
27 110
27 116
27 126
27 131
27 135
27 138
27 144
27 146
27 148
27 159
27 169
27 173
27 174
27 180
27 181
27 189
27 199
27 212
27 215
27 229
27 234
27 237
27 249
27 250
27 254
27 257
27 262
27 270
27 281
27 284
27 286
27 291
27 292
27 297
27 299
27 302
27 304
27 306
27 308
28 29
28 46
28 48
28 54
28 55
28 60
28 66
28 67
28 73
28 75
28 76
28 78
28 79
28 84
28 85
28 95
28 100
28 105
28 110
28 111
28 119
28 122
28 123
28 124
28 125
28 144
28 148
28 149
28 152
28 169
28 175
28 178
28 179
28 180
28 184
28 188
28 194
28 199
28 200
28 201
28 221
28 223
28 233
28 235
28 239
28 243
28 245
28 246
28 250
28 262
28 264
28 269
28 271
28 276
28 278
28 279
28 280
28 282
28 283
28 286
28 290
28 302
28 308
28 311
29 31
29 33
29 48
29 62
29 73
29 84
29 85
29 87
29 90
29 92
29 97
29 98
29 105
29 109
29 123
29 128
29 130
29 132
29 133
29 142
29 143
29 149
29 155
29 161
29 170
29 171
29 175
29 179
29 180
29 186
29 187
29 188
29 202
29 207
29 209
29 210
29 211
29 216
29 221
29 222
29 232
29 233
29 234
29 239
29 244
29 249
29 251
29 256
29 267
29 269
29 275
29 276
29 278
29 281
29 282
29 291
29 296
29 303
30 48
30 51
30 57
30 63
30 73
30 77
30 79
30 104
30 105
30 106
30 124
30 127
30 129
30 140
30 141
30 155
30 156
30 162
30 163
30 169
30 176
30 179
30 183
30 184
30 185
30 186
30 191
30 200
30 205
30 220
30 221
30 222
30 226
30 227
30 230
30 232
30 241
30 242
30 247
30 249
30 253
30 257
30 259
30 274
30 276
30 277
30 280
30 281
30 291
30 294
30 299
30 301
30 310
30 314
31 51
31 52
31 53
31 61
31 66
31 77
31 80
31 81
31 82
31 89
31 97
31 100
31 104
31 111
31 124
31 126
31 130
31 135
31 138
31 139
31 141
31 152
31 157
31 159
31 164
31 166
31 169
31 170
31 174
31 175
31 176
31 180
31 186
31 190
31 195
31 197
31 200
31 201
31 213
31 228
31 231
31 253
31 257
31 262
31 268
31 272
31 273
31 280
31 285
31 286
31 287
31 289
31 293
31 295
31 299
31 301
31 302
31 305
31 314
32 34
32 44
32 51
32 56
32 61
32 68
32 74
32 77
32 88
32 96
32 103
32 115
32 117
32 135
32 136
32 138
32 139
32 157
32 159
32 161
32 163
32 174
32 177
32 179
32 183
32 186
32 192
32 195
32 197
32 199
32 205
32 219
32 224
32 226
32 229
32 230
32 238
32 239
32 241
32 243
32 248
32 254
32 258
32 260
32 262
32 267
32 268
32 272
32 277
32 281
32 282
32 283
32 287
32 290
32 292
32 293
32 296
32 300
32 309
32 310
32 314
33 41
33 48
33 54
33 61
33 65
33 66
33 71
33 82
33 86
33 89
33 92
33 98
33 100
33 101
33 107
33 109
33 111
33 114
33 116
33 124
33 127
33 128
33 130
33 132
33 141
33 143
33 156
33 157
33 169
33 172
33 173
33 174
33 176
33 177
33 180
33 190
33 193
33 196
33 198
33 206
33 207
33 209
33 221
33 222
33 230
33 235
33 238
33 244
33 246
33 251
33 256
33 257
33 258
33 260
33 271
33 277
33 290
33 296
33 302
33 315
34 37
34 41
34 43
34 52
34 55
34 56
34 63
34 64
34 68
34 71
34 72
34 80
34 92
34 94
34 95
34 104
34 105
34 107
34 114
34 116
34 117
34 119
34 122
34 136
34 138
34 143
34 150
34 155
34 159
34 162
34 163
34 168
34 173
34 176
34 187
34 189
34 190
34 195
34 198
34 201
34 202
34 210
34 217
34 218
34 224
34 227
34 228
34 234
34 240
34 257
34 266
34 270
34 280
34 283
34 284
34 298
34 301
34 304
34 305
34 312
35 38
35 44
35 46
35 53
35 56
35 60
35 67
35 74
35 75
35 78
35 79
35 83
35 93
35 95
35 98
35 101
35 104
35 105
35 114
35 115
35 125
35 126
35 128
35 132
35 133
35 137
35 140
35 143
35 144
35 145
35 148
35 149
35 152
35 153
35 155
35 158
35 171
35 179
35 185
35 193
35 197
35 207
35 208
35 212
35 219
35 230
35 235
35 236
35 239
35 244
35 248
35 256
35 257
35 259
35 262
35 266
35 270
35 276
35 277
35 280
35 282
35 283
35 284
35 285
35 288
35 304
35 309
35 311
35 312
35 313
36 39
36 42
36 51
36 52
36 57
36 58
36 61
36 63
36 66
36 68
36 69
36 74
36 75
36 83
36 84
36 86
36 90
36 94
36 98
36 113
36 115
36 120
36 130
36 131
36 138
36 141
36 143
36 144
36 145
36 147
36 148
36 151
36 153
36 164
36 167
36 172
36 180
36 188
36 189
36 194
36 195
36 196
36 198
36 199
36 204
36 209
36 217
36 221
36 226
36 235
36 237
36 238
36 240
36 244
36 250
36 252
36 254
36 255
36 256
36 263
36 264
36 272
36 273
36 280
36 284
36 286
36 289
36 292
36 297
36 302
36 306
36 312
36 313
36 315
37 43
37 52
37 55
37 58
37 64
37 66
37 67
37 78
37 82
37 83
37 87
37 92
37 93
37 97
37 103
37 104
37 107
37 111
37 117
37 123
37 125
37 138
37 139
37 141
37 143
37 145
37 149
37 151
37 154
37 168
37 173
37 176
37 177
37 181
37 183
37 188
37 203
37 207
37 226
37 227
37 228
37 238
37 247
37 253
37 264
37 269
37 276
37 287
37 288
37 295
37 302
37 304
37 307
37 315
38 41
38 50
38 51
38 52
38 54
38 55
38 60
38 61
38 64
38 71
38 72
38 74
38 81
38 84
38 87
38 90
38 93
38 102
38 103
38 106
38 109
38 122
38 127
38 137
38 142
38 146
38 151
38 154
38 157
38 168
38 171
38 173
38 177
38 181
38 182
38 185
38 191
38 192
38 195
38 199
38 206
38 210
38 214
38 226
38 228
38 235
38 239
38 241
38 245
38 248
38 251
38 257
38 260
38 261
38 262
38 265
38 269
38 272
38 277
38 278
38 284
38 285
38 292
38 293
38 300
38 303
38 307
38 309
38 310
38 313
39 41
39 43
39 50
39 60
39 68
39 77
39 82
39 84
39 90
39 94
39 98
39 101
39 102
39 103
39 106
39 111
39 114
39 115
39 125
39 127
39 140
39 146
39 153
39 154
39 156
39 163
39 166
39 170
39 173
39 175
39 180
39 181
39 192
39 195
39 204
39 206
39 209
39 213
39 226
39 227
39 242
39 244
39 247
39 248
39 253
39 254
39 259
39 260
39 261
39 265
39 271
39 285
39 290
39 293
39 294
39 299
39 303
39 308
39 315
40 41
40 42
40 51
40 54
40 61
40 70
40 73
40 75
40 80
40 82
40 85
40 86
40 88
40 98
40 112
40 135
40 136
40 143
40 144
40 145
40 150
40 157
40 160
40 164
40 168
40 179
40 193
40 194
40 202
40 217
40 232
40 236
40 239
40 241
40 243
40 249
40 254
40 264
40 265
40 269
40 272
40 274
40 275
40 283
40 284
40 287
40 288
40 301
40 303
40 306
40 309
40 311
40 314
41 43
41 45
41 52
41 53
41 70
41 71
41 72
41 77
41 88
41 94
41 99
41 102
41 106
41 114
41 126
41 129
41 138
41 140
41 145
41 153
41 155
41 159
41 160
41 161
41 166
41 170
41 187
41 188
41 192
41 203
41 205
41 210
41 213
41 214
41 216
41 222
41 228
41 234
41 236
41 237
41 244
41 247
41 252
41 253
41 261
41 267
41 276
41 278
41 279
41 282
41 293
41 298
41 308
42 45
42 46
42 55
42 76
42 84
42 86
42 93
42 112
42 121
42 123
42 127
42 129
42 130
42 132
42 136
42 142
42 147
42 152
42 154
42 160
42 161
42 173
42 180
42 182
42 186
42 189
42 191
42 192
42 193
42 197
42 198
42 199
42 210
42 211
42 217
42 226
42 228
42 233
42 240
42 242
42 246
42 252
42 253
42 255
42 257
42 271
42 288
42 294
42 295
42 303
42 304
42 306
42 310
43 53
43 54
43 62
43 67
43 72
43 73
43 76
43 78
43 79
43 80
43 83
43 88
43 108
43 110
43 115
43 121
43 134
43 149
43 153
43 161
43 164
43 169
43 175
43 179
43 181
43 204
43 207
43 216
43 218
43 225
43 234
43 245
43 248
43 254
43 265
43 269
43 274
43 277
43 291
43 303
43 305
43 313
43 315
44 51
44 65
44 70
44 73
44 75
44 83
44 85
44 87
44 94
44 95
44 97
44 100
44 102
44 109
44 114
44 116
44 121
44 124
44 125
44 127
44 132
44 133
44 134
44 136
44 142
44 143
44 144
44 152
44 157
44 169
44 171
44 174
44 199
44 200
44 201
44 204
44 208
44 217
44 218
44 220
44 223
44 234
44 241
44 245
44 250
44 266
44 273
44 277
44 279
44 286
44 287
44 290
44 294
44 299
44 308
44 313
44 314
45 48
45 53
45 58
45 60
45 61
45 64
45 69
45 75
45 80
45 94
45 95
45 104
45 107
45 108
45 112
45 115
45 117
45 120
45 122
45 124
45 130
45 135
45 142
45 151
45 152
45 158
45 159
45 174
45 177
45 187
45 194
45 195
45 201
45 206
45 209
45 212
45 213
45 216
45 222
45 235
45 239
45 241
45 245
45 250
45 258
45 274
45 275
45 276
45 277
45 280
45 282
45 286
45 287
45 304
45 308
45 313
46 49
46 62
46 68
46 70
46 78
46 92
46 94
46 107
46 119
46 125
46 126
46 132
46 133
46 137
46 138
46 153
46 156
46 157
46 158
46 162
46 164
46 169
46 170
46 172
46 181
46 183
46 186
46 192
46 197
46 199
46 209
46 212
46 222
46 228
46 230
46 234
46 242
46 247
46 255
46 259
46 263
46 272
46 280
46 290
46 296
46 304
46 305
46 309
47 48
47 50
47 51
47 54
47 57
47 61
47 65
47 76
47 79
47 84
47 86
47 102
47 109
47 118
47 119
47 124
47 129
47 133
47 137
47 149
47 155
47 159
47 165
47 168
47 175
47 176
47 177
47 179
47 181
47 188
47 189
47 193
47 196
47 200
47 205
47 212
47 217
47 218
47 225
47 226
47 227
47 228
47 236
47 238
47 240
47 249
47 254
47 257
47 266
47 270
47 273
47 275
47 277
47 283
47 288
47 292
47 293
47 295
47 300
47 307
47 308
47 309
48 52
48 56
48 58
48 62
48 64
48 73
48 74
48 76
48 78
48 80
48 81
48 83
48 90
48 96
48 98
48 99
48 106
48 108
48 111
48 116
48 119
48 120
48 124
48 132
48 134
48 138
48 139
48 144
48 145
48 151
48 153
48 159
48 163
48 171
48 174
48 175
48 176
48 180
48 186
48 192
48 195
48 198
48 209
48 221
48 224
48 226
48 230
48 254
48 256
48 259
48 260
48 265
48 266
48 267
48 269
48 271
48 274
48 279
48 290
48 292
48 304
48 313
49 52
49 55
49 56
49 57
49 62
49 69
49 76
49 78
49 100
49 102
49 104
49 105
49 108
49 113
49 114
49 115
49 118
49 129
49 132
49 134
49 136
49 139
49 146
49 147
49 151
49 152
49 153
49 158
49 160
49 161
49 168
49 169
49 183
49 186
49 188
49 194
49 196
49 197
49 198
49 199
49 202
49 204
49 207
49 210
49 236
49 238
49 241
49 248
49 258
49 259
49 274
49 276
49 283
49 285
49 288
49 289
49 290
49 300
49 305
49 310
49 315
50 54
50 55
50 66
50 67
50 68
50 72
50 73
50 80
50 87
50 93
50 94
50 97
50 98
50 103
50 108
50 109
50 114
50 117
50 126
50 135
50 142
50 149
50 153
50 154
50 156
50 171
50 179
50 182
50 199
50 201
50 208
50 211
50 212
50 213
50 214
50 218
50 233
50 241
50 248
50 252
50 256
50 262
50 264
50 266
50 273
50 276
50 282
50 283
50 286
50 288
50 290
50 294
50 301
50 314
51 64
51 68
51 70
51 71
51 72
51 73
51 77
51 78
51 79
51 85
51 87
51 95
51 100
51 105
51 109
51 113
51 115
51 126
51 131
51 135
51 138
51 150
51 154
51 156
51 159
51 160
51 164
51 171
51 174
51 177
51 186
51 193
51 194
51 195
51 200
51 203
51 204
51 206
51 207
51 214
51 225
51 228
51 230
51 232
51 234
51 238
51 242
51 244
51 248
51 249
51 251
51 256
51 259
51 270
51 273
51 286
51 295
51 296
51 304
51 307
51 312
52 54
52 55
52 56
52 60
52 64
52 73
52 80
52 83
52 86
52 88
52 89
52 93
52 95
52 109
52 110
52 112
52 114
52 116
52 127
52 128
52 130
52 131
52 133
52 134
52 138
52 144
52 147
52 152
52 156
52 159
52 164
52 165
52 166
52 167
52 170
52 180
52 189
52 199
52 200
52 201
52 206
52 211
52 215
52 221
52 228
52 229
52 235
52 239
52 243
52 246
52 266
52 268
52 281
52 284
52 307
52 308
52 309
52 315
53 63
53 66
53 70
53 75
53 81
53 88
53 92
53 94
53 98
53 100
53 104
53 106
53 107
53 109
53 124
53 132
53 134
53 142
53 146
53 154
53 162
53 166
53 171
53 174
53 182
53 184
53 187
53 190
53 193
53 194
53 198
53 203
53 206
53 207
53 209
53 210
53 215
53 220
53 221
53 233
53 241
53 247
53 252
53 253
53 254
53 259
53 260
53 270
53 273
53 276
53 278
53 280
53 281
53 284
53 290
53 297
53 298
53 303
53 311
54 56
54 65
54 67
54 73
54 87
54 89
54 94
54 111
54 119
54 121
54 123
54 127
54 133
54 136
54 139
54 144
54 149
54 155
54 163
54 167
54 168
54 173
54 175
54 177
54 190
54 195
54 196
54 198
54 199
54 206
54 233
54 241
54 245
54 247
54 252
54 255
54 256
54 257
54 266
54 267
54 272
54 277
54 281
54 290
54 304
54 306
54 307
54 309
55 56
55 58
55 60
55 72
55 81
55 85
55 86
55 89
55 96
55 99
55 100
55 104
55 105
55 110
55 114
55 121
55 124
55 126
55 133
55 136
55 140
55 143
55 152
55 153
55 156
55 159
55 162
55 179
55 185
55 187
55 191
55 199
55 200
55 209
55 213
55 216
55 217
55 218
55 220
55 223
55 226
55 230
55 232
55 241
55 244
55 245
55 247
55 248
55 249
55 251
55 258
55 268
55 269
55 274
55 278
55 281
55 285
55 289
55 294
55 295
55 297
55 302
55 313
56 57
56 59
56 60
56 63
56 67
56 70
56 73
56 79
56 81
56 93
56 95
56 102
56 110
56 115
56 133
56 136
56 139
56 140
56 141
56 151
56 166
56 169
56 173
56 174
56 176
56 178
56 184
56 185
56 187
56 192
56 196
56 197
56 200
56 201
56 208
56 211
56 213
56 214
56 222
56 226
56 232
56 244
56 245
56 247
56 257
56 269
56 270
56 274
56 294
56 301
56 310
56 311
56 312
57 62
57 74
57 75
57 80
57 83
57 90
57 118
57 121
57 125
57 134
57 136
57 141
57 151
57 155
57 159
57 160
57 176
57 177
57 179
57 185
57 193
57 202
57 216
57 225
57 229
57 230
57 234
57 243
57 245
57 250
57 253
57 258
57 270
57 274
57 275
57 276
57 281
57 286
57 288
57 303
57 305
57 308
57 311
58 61
58 74
58 83
58 87
58 91
58 94
58 103
58 114
58 115
58 117
58 118
58 119
58 120
58 122
58 125
58 154
58 155
58 164
58 165
58 167
58 193
58 195
58 196
58 202
58 203
58 207
58 212
58 224
58 229
58 230
58 234
58 243
58 244
58 247
58 248
58 250
58 253
58 256
58 258
58 261
58 262
58 275
58 290
58 292
58 293
58 295
58 303
58 314
59 61
59 66
59 77
59 80
59 82
59 84
59 88
59 96
59 97
59 98
59 99
59 100
59 101
59 110
59 113
59 116
59 118
59 122
59 125
59 134
59 141
59 142
59 144
59 148
59 151
59 152
59 159
59 168
59 172
59 174
59 185
59 198
59 202
59 203
59 212
59 225
59 226
59 243
59 248
59 254
59 260
59 262
59 271
59 288
59 291
59 296
59 301
59 303
59 304
60 69
60 70
60 71
60 80
60 84
60 90
60 96
60 101
60 113
60 115
60 118
60 119
60 124
60 129
60 130
60 134
60 139
60 145
60 148
60 149
60 155
60 159
60 179
60 186
60 188
60 190
60 192
60 193
60 194
60 198
60 210
60 224
60 229
60 231
60 241
60 252
60 254
60 256
60 276
60 282
60 288
60 289
60 293
60 295
60 296
60 301
60 304
60 307
60 311
60 312
61 64
61 65
61 69
61 75
61 77
61 86
61 88
61 95
61 101
61 103
61 106
61 113
61 133
61 137
61 138
61 139
61 146
61 148
61 150
61 155
61 156
61 159
61 163
61 164
61 172
61 174
61 179
61 182
61 190
61 192
61 196
61 197
61 202
61 204
61 208
61 210
61 213
61 216
61 227
61 237
61 242
61 265
61 270
61 283
61 284
61 287
61 293
61 294
61 304
61 315
62 87
62 90
62 93
62 96
62 101
62 114
62 116
62 127
62 129
62 130
62 138
62 145
62 147
62 155
62 159
62 174
62 194
62 197
62 202
62 207
62 209
62 215
62 216
62 226
62 228
62 229
62 241
62 248
62 249
62 264
62 266
62 276
62 279
62 282
62 289
62 298
62 312
63 65
63 70
63 71
63 72
63 75
63 79
63 82
63 86
63 93
63 103
63 108
63 109
63 112
63 116
63 117
63 122
63 124
63 125
63 130
63 146
63 150
63 154
63 156
63 160
63 171
63 182
63 183
63 184
63 186
63 187
63 190
63 191
63 195
63 197
63 204
63 209
63 213
63 217
63 219
63 228
63 232
63 246
63 253
63 257
63 260
63 265
63 273
63 274
63 279
63 286
63 287
63 288
63 289
63 291
63 292
63 295
63 297
63 309
64 68
64 69
64 70
64 73
64 77
64 82
64 84
64 85
64 94
64 96
64 99
64 105
64 107
64 115
64 123
64 127
64 132
64 136
64 139
64 140
64 148
64 152
64 160
64 161
64 168
64 178
64 179
64 191
64 193
64 206
64 209
64 214
64 217
64 220
64 224
64 231
64 244
64 245
64 249
64 250
64 253
64 259
64 269
64 271
64 274
64 297
64 308
64 315
65 74
65 83
65 84
65 94
65 95
65 97
65 101
65 107
65 110
65 116
65 117
65 121
65 125
65 132
65 133
65 140
65 164
65 167
65 168
65 170
65 179
65 186
65 194
65 199
65 201
65 202
65 205
65 207
65 210
65 212
65 216
65 222
65 231
65 237
65 240
65 244
65 245
65 246
65 247
65 249
65 250
65 251
65 262
65 263
65 265
65 267
65 276
65 278
65 295
65 304
65 309
66 72
66 73
66 77
66 80
66 84
66 98
66 114
66 129
66 136
66 144
66 146
66 150
66 156
66 158
66 169
66 173
66 184
66 192
66 211
66 224
66 239
66 253
66 261
66 263
66 264
66 265
66 268
66 270
66 274
66 276
66 279
66 282
66 285
66 288
66 297
66 299
66 305
66 308
66 309
66 310
66 312
67 70
67 71
67 72
67 79
67 103
67 104
67 105
67 113
67 114
67 115
67 116
67 127
67 131
67 134
67 136
67 139
67 145
67 149
67 158
67 159
67 163
67 168
67 169
67 177
67 179
67 180
67 183
67 186
67 207
67 221
67 223
67 225
67 227
67 236
67 241
67 242
67 249
67 252
67 256
67 264
67 269
67 270
67 282
67 291
67 297
67 299
67 303
67 305
67 307
67 308
67 309
67 315
68 73
68 86
68 91
68 107
68 110
68 113
68 120
68 121
68 135
68 149
68 151
68 155
68 159
68 179
68 180
68 184
68 189
68 204
68 207
68 215
68 222
68 225
68 228
68 243
68 244
68 245
68 249
68 250
68 251
68 257
68 262
68 268
68 274
68 278
68 281
68 282
68 286
68 293
68 309
68 310
69 75
69 77
69 83
69 94
69 96
69 98
69 99
69 100
69 111
69 112
69 114
69 120
69 125
69 134
69 135
69 150
69 152
69 155
69 157
69 158
69 162
69 173
69 187
69 192
69 193
69 199
69 204
69 213
69 216
69 219
69 220
69 227
69 228
69 235
69 242
69 243
69 253
69 255
69 257
69 259
69 260
69 261
69 269
69 271
69 273
69 284
69 289
69 299
70 76
70 79
70 83
70 105
70 118
70 128
70 130
70 135
70 137
70 140
70 144
70 146
70 151
70 160
70 161
70 163
70 170
70 171
70 172
70 181
70 182
70 186
70 188
70 194
70 198
70 210
70 212
70 219
70 228
70 233
70 239
70 242
70 246
70 247
70 253
70 254
70 255
70 260
70 265
70 269
70 272
70 273
70 279
70 286
70 291
70 292
70 300
70 302
70 303
70 305
71 78
71 92
71 103
71 111
71 123
71 127
71 132
71 138
71 146
71 147
71 151
71 153
71 157
71 159
71 162
71 164
71 167
71 172
71 175
71 176
71 178
71 179
71 184
71 190
71 194
71 199
71 205
71 207
71 210
71 211
71 213
71 214
71 218
71 220
71 235
71 243
71 247
71 251
71 257
71 260
71 263
71 271
71 272
71 275
71 291
71 302
71 304
71 315
72 74
72 82
72 89
72 90
72 96
72 101
72 107
72 114
72 117
72 127
72 128
72 129
72 132
72 142
72 150
72 151
72 152
72 156
72 164
72 170
72 180
72 181
72 185
72 187
72 189
72 191
72 193
72 195
72 203
72 206
72 207
72 210
72 217
72 219
72 223
72 227
72 230
72 238
72 252
72 254
72 255
72 260
72 261
72 270
72 283
72 286
72 290
72 294
72 295
72 303
72 308
72 310
72 312
72 313
73 76
73 79
73 82
73 84
73 88
73 92
73 93
73 94
73 101
73 104
73 106
73 107
73 110
73 118
73 120
73 121
73 127
73 132
73 141
73 143
73 144
73 153
73 159
73 168
73 180
73 183
73 188
73 189
73 193
73 194
73 204
73 208
73 215
73 221
73 228
73 236
73 240
73 241
73 242
73 243
73 244
73 247
73 250
73 252
73 255
73 256
73 260
73 264
73 278
73 285
73 294
73 297
73 299
73 300
73 306
73 311
74 80
74 83
74 86
74 87
74 89
74 101
74 105
74 107
74 117
74 118
74 119
74 126
74 127
74 129
74 136
74 138
74 142
74 143
74 148
74 151
74 165
74 171
74 174
74 179
74 184
74 190
74 191
74 195
74 200
74 202
74 206
74 210
74 218
74 219
74 222
74 229
74 237
74 242
74 244
74 245
74 249
74 250
74 262
74 263
74 282
74 286
74 294
74 300
74 301
74 304
74 306
75 88
75 106
75 107
75 123
75 124
75 127
75 128
75 139
75 143
75 149
75 152
75 156
75 158
75 161
75 164
75 166
75 170
75 178
75 186
75 192
75 198
75 204
75 207
75 210
75 213
75 216
75 217
75 219
75 223
75 224
75 226
75 228
75 231
75 232
75 234
75 252
75 253
75 266
75 271
75 281
75 287
75 289
75 301
75 302
75 303
75 312
75 315
76 82
76 85
76 90
76 92
76 94
76 99
76 119
76 123
76 144
76 149
76 153
76 164
76 166
76 171
76 172
76 174
76 178
76 180
76 189
76 196
76 198
76 203
76 204
76 207
76 210
76 214
76 217
76 219
76 221
76 230
76 240
76 242
76 251
76 253
76 257
76 264
76 273
76 274
76 276
76 278
76 282
76 288
76 290
76 292
76 302
76 315
77 79
77 83
77 90
77 91
77 97
77 99
77 104
77 109
77 118
77 119
77 122
77 125
77 133
77 138
77 143
77 145
77 148
77 152
77 153
77 154
77 163
77 189
77 192
77 195
77 198
77 201
77 206
77 215
77 216
77 219
77 220
77 221
77 222
77 226
77 227
77 233
77 241
77 244
77 251
77 253
77 258
77 262
77 269
77 271
77 280
77 285
77 287
77 288
77 290
77 297
77 299
77 305
77 307
77 308
77 310
77 314
78 81
78 83
78 93
78 95
78 101
78 109
78 116
78 124
78 125
78 126
78 131
78 132
78 141
78 142
78 151
78 153
78 155
78 157
78 167
78 168
78 169
78 170
78 172
78 176
78 177
78 178
78 187
78 191
78 194
78 200
78 204
78 210
78 212
78 218
78 221
78 227
78 231
78 241
78 243
78 255
78 260
78 264
78 268
78 269
78 276
78 278
78 284
78 285
78 287
78 300
78 315
79 82
79 89
79 92
79 96
79 100
79 107
79 108
79 123
79 126
79 127
79 128
79 132
79 134
79 137
79 138
79 139
79 140
79 141
79 149
79 154
79 156
79 159
79 165
79 173
79 182
79 183
79 184
79 185
79 204
79 205
79 209
79 211
79 217
79 222
79 229
79 232
79 241
79 244
79 263
79 264
79 269
79 270
79 275
79 276
79 284
79 286
79 293
79 304
79 315
80 83
80 94
80 102
80 103
80 109
80 110
80 113
80 114
80 117
80 129
80 132
80 139
80 140
80 143
80 145
80 149
80 157
80 161
80 167
80 168
80 171
80 172
80 179
80 180
80 183
80 199
80 204
80 219
80 230
80 238
80 249
80 258
80 265
80 266
80 272
80 287
80 291
80 294
80 296
80 306
80 312
80 313
80 314
81 91
81 93
81 97
81 102
81 107
81 112
81 114
81 116
81 123
81 127
81 129
81 140
81 148
81 155
81 156
81 159
81 167
81 172
81 176
81 181
81 191
81 192
81 194
81 195
81 196
81 198
81 206
81 207
81 210
81 220
81 222
81 223
81 230
81 232
81 240
81 242
81 256
81 267
81 273
81 277
81 278
81 280
81 285
81 286
81 289
81 296
81 298
81 300
81 301
81 302
81 305
81 308
81 309
81 314
82 83
82 93
82 103
82 104
82 105
82 106
82 107
82 109
82 112
82 115
82 116
82 123
82 128
82 129
82 148
82 157
82 158
82 164
82 172
82 173
82 176
82 178
82 179
82 185
82 190
82 202
82 204
82 206
82 209
82 211
82 213
82 224
82 233
82 240
82 245
82 248
82 249
82 261
82 265
82 272
82 284
82 286
82 291
82 295
82 296
82 303
82 305
83 84
83 94
83 101
83 103
83 112
83 122
83 124
83 129
83 130
83 134
83 136
83 141
83 143
83 154
83 161
83 164
83 165
83 171
83 172
83 182
83 183
83 197
83 199
83 203
83 204
83 205
83 211
83 213
83 216
83 219
83 220
83 221
83 232
83 233
83 234
83 259
83 264
83 266
83 268
83 269
83 272
83 273
83 275
83 286
83 290
83 295
83 296
83 301
83 303
83 309
83 312
83 313
84 90
84 99
84 101
84 109
84 112
84 119
84 121
84 122
84 125
84 147
84 149
84 159
84 176
84 178
84 182
84 192
84 198
84 199
84 202
84 203
84 215
84 220
84 227
84 234
84 244
84 248
84 253
84 256
84 258
84 267
84 275
84 278
84 282
84 299
84 304
85 93
85 94
85 95
85 104
85 111
85 113
85 114
85 121
85 130
85 139
85 146
85 149
85 151
85 157
85 165
85 167
85 168
85 184
85 188
85 190
85 192
85 193
85 194
85 195
85 196
85 209
85 213
85 225
85 227
85 229
85 234
85 243
85 245
85 246
85 247
85 255
85 259
85 260
85 262
85 281
85 291
85 297
85 298
85 299
85 305
85 309
85 312
85 313
85 314
86 87
86 89
86 92
86 98
86 101
86 104
86 111
86 114
86 115
86 116
86 117
86 121
86 123
86 126
86 127
86 129
86 140
86 142
86 146
86 148
86 168
86 169
86 172
86 182
86 184
86 188
86 190
86 196
86 197
86 202
86 214
86 222
86 230
86 233
86 236
86 257
86 266
86 271
86 277
86 290
86 293
86 301
86 302
86 306
86 309
86 315
87 100
87 105
87 111
87 123
87 127
87 136
87 137
87 142
87 145
87 146
87 148
87 149
87 150
87 152
87 173
87 182
87 184
87 186
87 194
87 197
87 199
87 210
87 215
87 217
87 226
87 232
87 243
87 246
87 253
87 261
87 278
87 283
87 286
87 294
87 307
87 308
87 310
87 313
87 315
88 89
88 93
88 98
88 102
88 106
88 109
88 112
88 115
88 120
88 129
88 132
88 138
88 154
88 166
88 170
88 180
88 185
88 198
88 205
88 209
88 210
88 216
88 219
88 220
88 225
88 230
88 236
88 244
88 246
88 248
88 250
88 253
88 257
88 266
88 271
88 279
88 290
88 296
88 303
88 304
88 305
89 94
89 108
89 114
89 122
89 130
89 131
89 132
89 135
89 139
89 147
89 149
89 167
89 168
89 169
89 170
89 173
89 175
89 180
89 185
89 189
89 192
89 193
89 194
89 202
89 205
89 213
89 215
89 216
89 222
89 231
89 232
89 236
89 237
89 239
89 242
89 248
89 250
89 252
89 270
89 271
89 273
89 284
89 289
89 291
89 292
89 294
89 295
89 298
89 305
89 310
90 98
90 99
90 106
90 109
90 110
90 111
90 115
90 118
90 122
90 126
90 133
90 139
90 144
90 150
90 155
90 157
90 158
90 169
90 175
90 176
90 178
90 179
90 184
90 190
90 193
90 194
90 200
90 202
90 213
90 220
90 225
90 229
90 230
90 239
90 240
90 241
90 243
90 246
90 248
90 252
90 253
90 261
90 262
90 267
90 270
90 280
90 283
90 286
90 309
90 313
90 315
91 93
91 95
91 103
91 104
91 110
91 117
91 123
91 125
91 140
91 143
91 150
91 154
91 156
91 161
91 163
91 165
91 175
91 180
91 189
91 194
91 200
91 204
91 214
91 217
91 219
91 222
91 229
91 232
91 235
91 237
91 240
91 241
91 249
91 250
91 253
91 264
91 267
91 270
91 274
91 275
91 278
91 279
91 293
91 294
91 305
91 309
91 311
92 95
92 97
92 98
92 108
92 115
92 121
92 122
92 123
92 124
92 126
92 127
92 131
92 143
92 146
92 153
92 163
92 166
92 167
92 168
92 172
92 178
92 180
92 183
92 190
92 195
92 202
92 205
92 238
92 241
92 242
92 244
92 247
92 256
92 257
92 261
92 263
92 266
92 269
92 272
92 279
92 281
92 283
92 285
92 289
92 291
92 295
92 299
92 301
92 306
92 311
93 100
93 108
93 116
93 119
93 120
93 144
93 145
93 152
93 162
93 163
93 169
93 173
93 174
93 190
93 197
93 208
93 218
93 220
93 221
93 226
93 233
93 235
93 255
93 257
93 258
93 259
93 262
93 266
93 270
93 273
93 288
93 291
93 294
93 298
93 300
93 311
93 314
94 95
94 96
94 100
94 103
94 109
94 121
94 137
94 140
94 141
94 154
94 155
94 160
94 164
94 166
94 175
94 178
94 180
94 188
94 189
94 190
94 191
94 199
94 202
94 206
94 211
94 214
94 215
94 219
94 222
94 233
94 238
94 241
94 250
94 254
94 255
94 263
94 267
94 274
94 279
94 280
94 284
94 285
94 295
94 308
94 309
94 311
94 313
94 314
94 315
95 99
95 106
95 108
95 114
95 115
95 121
95 131
95 136
95 137
95 150
95 165
95 174
95 181
95 182
95 188
95 190
95 194
95 195
95 203
95 206
95 207
95 209
95 211
95 218
95 234
95 240
95 248
95 253
95 257
95 258
95 262
95 264
95 269
95 273
95 280
95 281
95 293
95 296
95 298
95 302
95 312
96 97
96 110
96 119
96 134
96 136
96 138
96 160
96 193
96 198
96 201
96 203
96 208
96 210
96 212
96 220
96 223
96 224
96 225
96 257
96 259
96 261
96 269
96 272
96 277
96 281
96 292
96 293
96 295
96 299
96 302
96 307
96 308
96 309
96 312
97 98
97 99
97 105
97 110
97 112
97 116
97 129
97 132
97 141
97 143
97 147
97 151
97 156
97 159
97 164
97 168
97 170
97 178
97 182
97 186
97 188
97 193
97 195
97 197
97 206
97 208
97 213
97 215
97 220
97 225
97 226
97 235
97 236
97 246
97 247
97 251
97 254
97 273
97 293
97 295
97 296
97 305
97 306
97 308
97 311
97 313
97 315
98 102
98 103
98 106
98 113
98 117
98 119
98 127
98 128
98 133
98 134
98 139
98 141
98 155
98 156
98 159
98 160
98 164
98 172
98 175
98 184
98 189
98 199
98 203
98 204
98 211
98 236
98 239
98 240
98 244
98 252
98 255
98 259
98 272
98 275
98 284
98 285
98 286
98 306
98 307
98 309
99 100
99 104
99 105
99 107
99 110
99 113
99 118
99 119
99 124
99 132
99 135
99 151
99 152
99 155
99 156
99 157
99 160
99 179
99 183
99 188
99 192
99 194
99 196
99 201
99 202
99 203
99 207
99 215
99 219
99 222
99 228
99 241
99 243
99 247
99 248
99 251
99 264
99 266
99 269
99 271
99 279
99 280
99 283
99 285
99 297
99 299
99 302
99 303
99 307
99 309
99 313
99 314
100 105
100 108
100 109
100 116
100 121
100 122
100 129
100 131
100 137
100 139
100 147
100 148
100 155
100 163
100 166
100 169
100 170
100 174
100 178
100 180
100 184
100 186
100 188
100 189
100 197
100 205
100 206
100 212
100 214
100 215
100 218
100 248
100 250
100 261
100 265
100 270
100 278
100 286
100 292
100 294
100 302
101 102
101 105
101 107
101 109
101 114
101 123
101 130
101 131
101 142
101 148
101 159
101 163
101 169
101 179
101 185
101 188
101 189
101 190
101 192
101 197
101 204
101 207
101 208
101 216
101 217
101 220
101 241
101 245
101 248
101 252
101 258
101 261
101 267
101 275
101 278
101 285
101 291
101 295
101 297
101 309
101 310
101 312
102 108
102 109
102 119
102 120
102 122
102 124
102 126
102 138
102 140
102 148
102 150
102 151
102 167
102 177
102 186
102 187
102 188
102 192
102 211
102 213
102 218
102 229
102 240
102 247
102 251
102 253
102 259
102 260
102 263
102 265
102 274
102 281
102 283
102 294
102 299
102 302
102 311
103 104
103 112
103 119
103 128
103 129
103 130
103 131
103 136
103 138
103 151
103 152
103 153
103 157
103 163
103 168
103 170
103 171
103 172
103 175
103 183
103 190
103 203
103 212
103 214
103 219
103 227
103 239
103 240
103 250
103 266
103 268
103 271
103 273
103 274
103 277
103 279
103 282
103 284
103 285
103 293
103 296
103 299
103 303
103 307
104 111
104 116
104 119
104 120
104 121
104 122
104 123
104 129
104 133
104 135
104 138
104 140
104 145
104 158
104 163
104 171
104 175
104 178
104 179
104 184
104 186
104 189
104 190
104 201
104 205
104 216
104 220
104 224
104 230
104 232
104 235
104 236
104 250
104 253
104 260
104 262
104 272
104 273
104 280
104 282
104 288
104 289
104 294
104 306
104 309
104 313
104 315
105 112
105 114
105 119
105 124
105 136
105 137
105 147
105 151
105 153
105 162
105 165
105 166
105 169
105 170
105 174
105 188
105 190
105 210
105 211
105 225
105 227
105 231
105 233
105 236
105 239
105 242
105 244
105 258
105 267
105 268
105 286
105 294
105 295
105 297
105 298
105 300
105 303
105 307
106 109
106 110
106 112
106 119
106 122
106 125
106 134
106 148
106 149
106 156
106 157
106 163
106 179
106 185
106 190
106 201
106 211
106 214
106 217
106 218
106 223
106 226
106 241
106 245
106 249
106 252
106 254
106 261
106 263
106 273
106 276
106 280
106 281
106 286
106 293
106 299
106 307
106 312
106 313
107 112
107 118
107 129
107 136
107 137
107 144
107 147
107 149
107 155
107 159
107 163
107 170
107 178
107 179
107 186
107 203
107 216
107 222
107 227
107 228
107 231
107 232
107 238
107 243
107 253
107 255
107 257
107 261
107 262
107 263
107 264
107 270
107 277
107 278
107 280
107 282
107 296
107 299
107 305
107 308
107 310
108 110
108 111
108 114
108 115
108 118
108 123
108 127
108 129
108 130
108 131
108 133
108 135
108 139
108 142
108 150
108 151
108 152
108 165
108 170
108 173
108 180
108 188
108 191
108 198
108 206
108 209
108 210
108 213
108 218
108 236
108 242
108 243
108 260
108 268
108 274
108 278
108 280
108 281
108 284
108 285
108 288
108 293
108 314
109 111
109 113
109 117
109 118
109 124
109 129
109 130
109 138
109 141
109 151
109 159
109 162
109 177
109 178
109 197
109 207
109 209
109 210
109 214
109 228
109 229
109 236
109 243
109 245
109 248
109 253
109 254
109 263
109 273
109 276
109 284
109 287
109 297
109 307
109 310
109 311
109 313
110 114
110 116
110 126
110 127
110 135
110 139
110 143
110 145
110 146
110 157
110 174
110 177
110 178
110 180
110 182
110 185
110 186
110 197
110 203
110 222
110 238
110 239
110 241
110 247
110 251
110 252
110 264
110 272
110 273
110 275
110 276
110 280
110 285
110 298
110 304
110 307
110 310
110 313
111 119
111 126
111 129
111 133
111 137
111 145
111 162
111 173
111 175
111 182
111 186
111 187
111 191
111 195
111 196
111 205
111 210
111 213
111 214
111 217
111 220
111 222
111 226
111 233
111 235
111 242
111 243
111 249
111 250
111 252
111 253
111 259
111 280
111 282
111 296
111 297
111 298
111 304
111 312
112 115
112 121
112 123
112 124
112 129
112 131
112 132
112 138
112 143
112 145
112 150
112 151
112 153
112 158
112 159
112 166
112 174
112 177
112 187
112 192
112 193
112 195
112 200
112 204
112 205
112 209
112 212
112 217
112 221
112 223
112 225
112 226
112 231
112 234
112 237
112 243
112 249
112 252
112 261
112 262
112 264
112 272
112 281
112 285
112 289
112 290
112 291
112 302
112 304
112 307
112 312
112 315
113 121
113 129
113 132
113 134
113 136
113 150
113 155
113 161
113 163
113 168
113 175
113 182
113 188
113 189
113 199
113 202
113 210
113 211
113 213
113 215
113 224
113 226
113 232
113 239
113 244
113 249
113 252
113 256
113 264
113 265
113 271
113 274
113 301
113 303
113 307
113 311
114 125
114 126
114 136
114 137
114 146
114 149
114 153
114 154
114 156
114 160
114 164
114 169
114 173
114 180
114 182
114 198
114 199
114 212
114 215
114 219
114 220
114 222
114 232
114 235
114 251
114 256
114 259
114 262
114 265
114 280
115 117
115 120
115 126
115 129
115 134
115 135
115 142
115 146
115 147
115 155
115 157
115 158
115 160
115 162
115 180
115 182
115 191
115 196
115 201
115 205
115 215
115 228
115 229
115 234
115 240
115 248
115 255
115 257
115 268
115 270
115 281
115 285
115 286
115 296
115 299
115 300
115 304
115 308
115 311
115 313
116 119
116 122
116 131
116 133
116 148
116 149
116 151
116 155
116 157
116 180
116 183
116 184
116 189
116 196
116 203
116 219
116 232
116 238
116 244
116 247
116 255
116 256
116 259
116 261
116 269
116 273
116 277
116 282
116 283
116 284
116 292
116 295
116 297
116 299
116 300
116 302
116 307
116 312
116 313
117 125
117 126
117 134
117 135
117 143
117 144
117 148
117 151
117 156
117 159
117 171
117 176
117 181
117 183
117 189
117 193
117 194
117 212
117 214
117 219
117 229
117 234
117 241
117 255
117 256
117 257
117 259
117 260
117 269
117 272
117 276
117 280
117 281
117 286
117 288
117 297
117 303
117 309
117 314
118 120
118 127
118 131
118 132
118 138
118 144
118 147
118 150
118 153
118 160
118 161
118 163
118 165
118 166
118 168
118 170
118 178
118 179
118 180
118 184
118 187
118 188
118 195
118 211
118 214
118 218
118 227
118 230
118 236
118 240
118 251
118 252
118 254
118 259
118 260
118 269
118 297
118 300
118 305
118 306
118 314
119 131
119 138
119 160
119 172
119 175
119 176
119 177
119 187
119 190
119 193
119 200
119 203
119 211
119 218
119 220
119 223
119 229
119 235
119 238
119 243
119 256
119 259
119 260
119 269
119 270
119 273
119 274
119 277
119 281
119 286
119 291
119 295
119 307
119 310
119 313
119 314
120 126
120 133
120 135
120 138
120 139
120 153
120 169
120 172
120 174
120 178
120 193
120 194
120 204
120 207
120 211
120 214
120 221
120 230
120 256
120 261
120 264
120 266
120 268
120 274
120 277
120 285
120 290
120 294
120 307
120 310
120 311
120 313
120 314
120 315
121 125
121 144
121 149
121 152
121 154
121 159
121 160
121 178
121 188
121 189
121 193
121 194
121 195
121 199
121 205
121 212
121 213
121 214
121 220
121 240
121 242
121 253
121 258
121 261
121 264
121 267
121 272
121 274
121 281
121 289
121 290
121 293
121 307
122 123
122 135
122 136
122 143
122 148
122 155
122 158
122 188
122 193
122 216
122 217
122 219
122 242
122 243
122 246
122 254
122 257
122 266
122 269
122 270
122 275
122 282
122 283
122 287
122 300
122 306
122 309
123 133
123 135
123 140
123 149
123 150
123 158
123 162
123 165
123 167
123 170
123 174
123 179
123 181
123 183
123 185
123 191
123 192
123 200
123 211
123 223
123 227
123 233
123 236
123 241
123 251
123 263
123 266
123 268
123 270
123 273
123 291
123 306
123 309
124 129
124 133
124 137
124 138
124 140
124 148
124 154
124 160
124 161
124 162
124 164
124 166
124 169
124 170
124 172
124 173
124 180
124 182
124 190
124 193
124 206
124 211
124 216
124 232
124 235
124 236
124 237
124 239
124 245
124 247
124 248
124 250
124 252
124 253
124 256
124 260
124 261
124 262
124 264
124 265
124 268
124 273
124 275
124 278
124 279
124 287
124 291
124 292
124 293
124 295
124 297
124 299
124 305
125 130
125 149
125 158
125 180
125 182
125 186
125 188
125 190
125 195
125 196
125 200
125 201
125 213
125 214
125 246
125 258
125 260
125 263
125 268
125 274
125 277
125 295
125 301
125 308
125 314
125 315
126 128
126 131
126 143
126 156
126 166
126 172
126 174
126 176
126 178
126 181
126 184
126 195
126 202
126 206
126 224
126 232
126 245
126 250
126 254
126 257
126 258
126 263
126 268
126 280
126 282
126 291
126 292
126 299
126 309
126 310
126 311
127 128
127 134
127 142
127 159
127 167
127 177
127 183
127 204
127 210
127 213
127 216
127 217
127 227
127 232
127 241
127 242
127 245
127 252
127 255
127 260
127 261
127 263
127 265
127 266
127 267
127 273
127 278
127 282
127 285
127 286
127 288
127 290
127 291
127 300
127 301
127 303
127 304
127 313
128 134
128 143
128 145
128 157
128 161
128 165
128 170
128 173
128 174
128 180
128 184
128 185
128 191
128 221
128 234
128 237
128 238
128 248
128 249
128 254
128 283
128 287
128 288
128 292
128 302
128 305
128 306
128 315
129 135
129 137
129 141
129 144
129 151
129 152
129 158
129 161
129 163
129 169
129 172
129 177
129 179
129 185
129 192
129 196
129 199
129 201
129 205
129 208
129 211
129 212
129 219
129 220
129 221
129 231
129 238
129 245
129 248
129 256
129 257
129 261
129 263
129 266
129 280
129 282
129 284
129 287
129 296
129 303
129 306
129 310
130 133
130 136
130 138
130 140
130 147
130 150
130 156
130 158
130 161
130 162
130 163
130 165
130 167
130 169
130 174
130 175
130 189
130 193
130 197
130 200
130 203
130 210
130 214
130 226
130 234
130 236
130 238
130 239
130 242
130 245
130 252
130 257
130 265
130 271
130 279
130 283
130 288
130 294
130 296
130 304
130 305
130 306
130 307
130 310
130 311
131 133
131 142
131 150
131 152
131 155
131 164
131 166
131 169
131 170
131 171
131 175
131 176
131 182
131 184
131 187
131 190
131 192
131 194
131 196
131 204
131 207
131 226
131 246
131 248
131 249
131 251
131 253
131 254
131 260
131 263
131 270
131 283
131 290
131 294
131 296
131 298
131 303
131 308
132 134
132 136
132 144
132 149
132 153
132 156
132 158
132 160
132 163
132 182
132 192
132 193
132 197
132 199
132 204
132 208
132 210
132 214
132 219
132 223
132 226
132 233
132 234
132 235
132 238
132 239
132 240
132 250
132 255
132 259
132 262
132 270
132 291
132 300
132 305
132 309
133 139
133 154
133 155
133 156
133 164
133 171
133 174
133 178
133 181
133 187
133 188
133 202
133 206
133 213
133 215
133 219
133 225
133 227
133 228
133 229
133 232
133 234
133 236
133 248
133 249
133 258
133 259
133 260
133 261
133 262
133 266
133 268
133 273
133 278
133 283
133 291
133 293
133 294
133 295
133 300
133 301
134 137
134 143
134 148
134 149
134 151
134 158
134 161
134 187
134 189
134 190
134 207
134 213
134 214
134 223
134 226
134 230
134 233
134 234
134 236
134 254
134 255
134 260
134 264
134 265
134 266
134 271
134 286
134 288
134 306
134 311
135 136
135 143
135 145
135 146
135 150
135 159
135 160
135 161
135 162
135 164
135 166
135 174
135 185
135 192
135 193
135 199
135 208
135 216
135 217
135 219
135 222
135 228
135 229
135 230
135 232
135 240
135 242
135 243
135 246
135 249
135 250
135 253
135 255
135 256
135 258
135 260
135 261
135 263
135 266
135 268
135 273
135 281
135 287
135 291
135 298
135 299
135 304
135 307
135 308
135 309
135 315
136 140
136 141
136 146
136 150
136 155
136 160
136 165
136 170
136 175
136 178
136 179
136 187
136 192
136 200
136 214
136 218
136 223
136 225
136 227
136 232
136 241
136 243
136 245
136 250
136 255
136 263
136 274
136 277
136 280
136 287
136 296
136 297
136 298
136 302
136 303
136 306
137 142
137 146
137 147
137 151
137 153
137 163
137 170
137 173
137 177
137 181
137 189
137 192
137 202
137 208
137 210
137 213
137 215
137 216
137 219
137 224
137 239
137 241
137 243
137 246
137 250
137 252
137 260
137 268
137 269
137 271
137 275
137 278
137 279
137 284
137 288
137 290
137 292
137 294
137 297
137 303
137 305
137 315
138 139
138 148
138 149
138 150
138 162
138 168
138 186
138 188
138 194
138 195
138 196
138 197
138 209
138 213
138 215
138 220
138 229
138 241
138 246
138 250
138 253
138 256
138 257
138 269
138 271
138 274
138 276
138 280
138 284
138 289
138 297
138 300
138 304
138 313
138 314
139 140
139 148
139 153
139 156
139 163
139 172
139 176
139 177
139 185
139 189
139 193
139 200
139 204
139 207
139 208
139 209
139 213
139 215
139 218
139 221
139 228
139 234
139 236
139 241
139 242
139 244
139 246
139 248
139 252
139 254
139 274
139 280
139 281
139 282
139 286
139 293
139 299
139 306
139 313
140 142
140 148
140 152
140 156
140 159
140 163
140 166
140 180
140 184
140 187
140 188
140 203
140 211
140 212
140 215
140 216
140 218
140 222
140 224
140 226
140 227
140 228
140 231
140 234
140 237
140 239
140 258
140 261
140 266
140 272
140 279
140 280
140 282
140 285
140 295
140 303
140 304
140 311
141 145
141 146
141 150
141 155
141 157
141 163
141 164
141 172
141 175
141 186
141 192
141 195
141 200
141 203
141 211
141 215
141 234
141 235
141 237
141 238
141 241
141 258
141 264
141 266
141 278
141 279
141 287
141 311
141 313
142 143
142 144
142 146
142 151
142 160
142 161
142 170
142 174
142 176
142 178
142 179
142 193
142 198
142 208
142 209
142 211
142 220
142 222
142 223
142 227
142 231
142 232
142 249
142 255
142 258
142 264
142 271
142 272
142 277
142 290
142 291
142 295
142 296
142 300
142 304
142 308
142 313
143 149
143 152
143 157
143 172
143 177
143 179
143 185
143 186
143 189
143 190
143 214
143 219
143 221
143 222
143 225
143 231
143 232
143 238
143 239
143 248
143 264
143 280
143 285
143 291
143 293
144 146
144 160
144 164
144 177
144 180
144 181
144 184
144 188
144 192
144 198
144 199
144 201
144 208
144 211
144 221
144 226
144 229
144 230
144 232
144 234
144 240
144 246
144 247
144 250
144 253
144 268
144 271
144 275
144 277
144 278
144 281
144 285
144 286
144 290
144 291
144 293
144 298
144 306
144 315
145 146
145 147
145 149
145 151
145 153
145 154
145 162
145 166
145 178
145 180
145 182
145 191
145 193
145 195
145 202
145 210
145 217
145 219
145 220
145 221
145 223
145 227
145 232
145 240
145 248
145 251
145 264
145 267
145 270
145 278
145 279
145 283
145 285
145 286
145 291
145 292
145 294
145 303
145 304
145 314
146 151
146 155
146 162
146 163
146 164
146 169
146 176
146 184
146 186
146 210
146 217
146 219
146 247
146 251
146 252
146 253
146 258
146 261
146 280
146 281
146 282
146 290
146 294
146 310
146 311
147 151
147 164
147 165
147 168
147 173
147 181
147 190
147 198
147 202
147 206
147 217
147 220
147 223
147 224
147 227
147 241
147 242
147 245
147 252
147 254
147 263
147 266
147 271
147 276
147 279
147 287
147 298
147 300
147 301
147 305
147 313
148 152
148 158
148 164
148 165
148 169
148 170
148 175
148 180
148 184
148 186
148 191
148 193
148 195
148 197
148 200
148 203
148 207
148 213
148 214
148 219
148 223
148 228
148 229
148 230
148 238
148 240
148 244
148 253
148 266
148 267
148 269
148 276
148 278
148 279
148 281
148 282
148 294
148 295
148 302
148 309
148 313
148 314
149 153
149 155
149 156
149 158
149 174
149 185
149 186
149 187
149 188
149 193
149 195
149 199
149 215
149 217
149 219
149 230
149 237
149 247
149 248
149 253
149 260
149 266
149 268
149 285
149 289
149 292
149 293
149 301
149 311
149 314
150 152
150 154
150 157
150 166
150 181
150 183
150 187
150 191
150 194
150 195
150 203
150 204
150 210
150 213
150 215
150 227
150 229
150 231
150 235
150 236
150 240
150 254
150 257
150 258
150 267
150 276
150 283
150 290
150 291
150 293
150 294
150 295
150 296
150 302
150 303
150 307
151 154
151 160
151 168
151 169
151 180
151 183
151 184
151 189
151 192
151 194
151 204
151 210
151 218
151 237
151 240
151 244
151 246
151 260
151 263
151 264
151 269
151 278
151 288
151 293
151 302
151 312
151 315
152 154
152 173
152 186
152 188
152 190
152 198
152 203
152 212
152 218
152 229
152 238
152 247
152 251
152 257
152 258
152 264
152 268
152 271
152 273
152 274
152 283
152 284
152 292
152 296
152 308
153 161
153 176
153 182
153 184
153 188
153 189
153 190
153 196
153 204
153 206
153 209
153 210
153 217
153 225
153 226
153 234
153 245
153 248
153 251
153 252
153 258
153 269
153 304
153 311
154 158
154 161
154 163
154 168
154 171
154 172
154 176
154 177
154 180
154 184
154 186
154 194
154 198
154 202
154 207
154 211
154 216
154 218
154 222
154 224
154 225
154 228
154 229
154 237
154 242
154 249
154 254
154 256
154 268
154 279
154 285
154 289
154 296
154 298
154 301
154 302
154 306
154 307
154 309
154 312
154 314
155 162
155 163
155 167
155 169
155 178
155 180
155 185
155 190
155 192
155 194
155 196
155 202
155 204
155 206
155 207
155 208
155 211
155 212
155 215
155 220
155 224
155 228
155 243
155 250
155 252
155 260
155 277
155 287
155 292
155 297
155 303
155 304
155 307
155 308
155 309
155 310
155 312
156 158
156 159
156 161
156 162
156 166
156 169
156 171
156 178
156 185
156 188
156 202
156 210
156 211
156 212
156 218
156 219
156 220
156 221
156 228
156 231
156 233
156 236
156 243
156 249
156 252
156 265
156 267
156 269
156 271
156 275
156 276
156 291
156 292
156 296
156 299
156 303
156 308
156 311
156 312
157 161
157 163
157 164
157 166
157 168
157 174
157 178
157 180
157 184
157 187
157 188
157 190
157 191
157 199
157 203
157 210
157 216
157 224
157 228
157 231
157 232
157 233
157 237
157 239
157 241
157 246
157 250
157 251
157 262
157 267
157 276
157 278
157 290
157 294
157 303
157 308
157 310
157 311
158 160
158 165
158 175
158 176
158 180
158 181
158 183
158 199
158 200
158 203
158 214
158 215
158 220
158 222
158 226
158 229
158 239
158 241
158 242
158 247
158 248
158 249
158 261
158 263
158 268
158 272
158 275
158 282
158 289
158 298
158 301
158 302
158 304
158 311
159 162
159 163
159 168
159 170
159 178
159 185
159 190
159 191
159 192
159 193
159 204
159 215
159 227
159 229
159 249
159 254
159 258
159 259
159 261
159 263
159 281
159 291
159 292
159 298
159 300
159 310
160 170
160 171
160 177
160 181
160 183
160 185
160 188
160 190
160 195
160 206
160 212
160 213
160 219
160 230
160 233
160 234
160 236
160 242
160 244
160 249
160 253
160 255
160 259
160 263
160 277
160 284
160 291
160 293
160 300
160 301
160 314
161 162
161 164
161 168
161 171
161 173
161 175
161 181
161 183
161 187
161 195
161 197
161 203
161 207
161 209
161 212
161 225
161 243
161 251
161 254
161 264
161 272
161 275
161 279
161 281
161 286
161 295
161 305
161 309
161 314
162 165
162 168
162 170
162 172
162 173
162 177
162 178
162 181
162 189
162 190
162 195
162 197
162 208
162 210
162 211
162 212
162 223
162 224
162 229
162 232
162 235
162 237
162 244
162 248
162 259
162 267
162 276
162 279
162 281
162 282
162 285
162 290
162 292
162 293
162 294
162 303
162 308
162 312
163 168
163 181
163 182
163 183
163 184
163 215
163 217
163 223
163 224
163 228
163 251
163 254
163 258
163 268
163 275
163 281
163 283
163 292
163 297
163 298
163 301
163 303
163 304
163 307
163 311
164 171
164 174
164 175
164 177
164 183
164 185
164 192
164 195
164 197
164 199
164 208
164 212
164 215
164 220
164 225
164 227
164 242
164 243
164 253
164 254
164 267
164 275
164 281
164 282
164 285
164 301
164 306
164 311
164 313
164 315
165 167
165 179
165 180
165 181
165 182
165 200
165 204
165 205
165 206
165 211
165 214
165 216
165 223
165 224
165 225
165 230
165 232
165 236
165 238
165 243
165 246
165 252
165 253
165 254
165 255
165 268
165 269
165 272
165 274
165 279
165 280
165 286
165 289
165 292
165 298
165 301
165 303
165 306
166 177
166 182
166 187
166 195
166 199
166 206
166 229
166 239
166 240
166 245
166 248
166 250
166 251
166 256
166 261
166 265
166 266
166 270
166 276
166 278
166 279
166 281
166 288
166 301
166 307
166 310
166 312
166 313
167 172
167 173
167 174
167 182
167 184
167 190
167 196
167 203
167 209
167 214
167 218
167 226
167 227
167 228
167 234
167 243
167 247
167 253
167 259
167 265
167 270
167 271
167 273
167 276
167 277
167 282
167 283
167 287
167 288
167 297
167 300
167 301
167 310
168 170
168 178
168 184
168 186
168 203
168 205
168 214
168 222
168 227
168 240
168 243
168 252
168 260
168 261
168 266
168 267
168 272
168 276
168 278
168 279
168 285
168 289
168 298
168 299
168 304
168 307
168 308
169 175
169 179
169 184
169 197
169 205
169 208
169 218
169 221
169 227
169 237
169 238
169 240
169 246
169 251
169 253
169 258
169 271
169 280
169 284
169 286
169 292
169 307
169 308
169 309
169 312
169 313
170 174
170 181
170 183
170 185
170 187
170 199
170 200
170 201
170 204
170 213
170 219
170 221
170 222
170 225
170 235
170 250
170 259
170 262
170 270
170 275
170 278
170 283
170 290
170 291
170 292
170 293
170 303
170 307
170 314
171 181
171 183
171 186
171 191
171 200
171 227
171 231
171 233
171 237
171 242
171 261
171 262
171 263
171 265
171 267
171 269
171 274
171 278
171 279
171 280
171 281
171 284
171 287
171 289
171 291
171 303
171 304
171 312
172 174
172 175
172 178
172 182
172 183
172 184
172 201
172 203
172 214
172 217
172 218
172 219
172 229
172 236
172 240
172 259
172 260
172 261
172 266
172 268
172 272
172 280
172 284
172 286
172 289
172 293
172 297
172 300
172 306
172 310
172 312
172 313
172 314
173 174
173 179
173 181
173 188
173 204
173 213
173 216
173 223
173 237
173 239
173 242
173 244
173 256
173 265
173 275
173 276
173 280
173 281
173 283
173 285
173 286
173 289
173 293
173 295
173 296
173 299
173 305
173 306
173 310
173 312
173 313
174 182
174 189
174 195
174 212
174 215
174 221
174 234
174 235
174 236
174 241
174 249
174 256
174 257
174 258
174 259
174 266
174 270
174 286
174 304
174 309
175 179
175 181
175 182
175 184
175 188
175 190
175 191
175 199
175 201
175 202
175 212
175 213
175 214
175 215
175 223
175 228
175 229
175 233
175 234
175 239
175 241
175 250
175 252
175 253
175 259
175 264
175 272
175 275
175 276
175 277
175 279
175 283
175 291
175 301
175 313
176 177
176 197
176 208
176 217
176 221
176 228
176 229
176 240
176 243
176 257
176 261
176 267
176 274
176 277
176 283
176 291
176 295
176 300
176 303
176 314
177 178
177 180
177 181
177 182
177 185
177 187
177 198
177 202
177 210
177 213
177 218
177 220
177 227
177 228
177 234
177 238
177 243
177 244
177 252
177 255
177 259
177 263
177 268
177 275
177 298
177 306
177 315
178 179
178 185
178 187
178 189
178 190
178 192
178 194
178 198
178 201
178 206
178 209
178 213
178 219
178 221
178 228
178 234
178 237
178 240
178 248
178 254
178 261
178 263
178 275
178 283
178 285
178 290
178 293
178 294
178 305
178 307
178 309
179 182
179 187
179 188
179 208
179 211
179 222
179 225
179 236
179 238
179 240
179 242
179 243
179 246
179 251
179 254
179 260
179 263
179 266
179 270
179 271
179 274
179 276
179 288
179 291
179 294
179 297
179 298
179 302
179 306
179 309
179 312
179 313
180 183
180 203
180 209
180 212
180 213
180 219
180 228
180 230
180 231
180 240
180 245
180 250
180 254
180 255
180 264
180 273
180 275
180 276
180 289
180 295
180 300
180 301
180 302
181 190
181 191
181 204
181 206
181 216
181 219
181 220
181 223
181 230
181 238
181 252
181 257
181 258
181 259
181 265
181 269
181 280
181 284
181 292
181 297
181 304
181 305
181 307
181 311
181 315
182 183
182 185
182 187
182 211
182 212
182 215
182 225
182 227
182 228
182 229
182 238
182 243
182 256
182 266
182 279
182 285
182 287
182 290
182 292
182 298
182 299
182 302
182 313
183 186
183 189
183 198
183 205
183 209
183 224
183 225
183 230
183 236
183 245
183 247
183 252
183 259
183 262
183 272
183 275
183 277
183 284
183 286
183 287
183 288
183 290
183 294
183 295
183 297
183 301
183 303
183 308
183 309
183 310
183 312
184 186
184 189
184 198
184 201
184 202
184 206
184 220
184 222
184 227
184 228
184 233
184 239
184 244
184 245
184 262
184 266
184 287
184 292
184 294
184 296
184 299
184 304
184 313
185 213
185 215
185 216
185 219
185 222
185 229
185 232
185 233
185 236
185 245
185 251
185 252
185 253
185 255
185 262
185 264
185 274
185 278
185 283
185 284
185 287
185 289
185 291
185 294
185 295
185 296
185 306
185 312
185 313
186 201
186 207
186 214
186 225
186 228
186 234
186 248
186 250
186 252
186 254
186 255
186 256
186 269
186 275
186 280
186 285
186 286
186 301
186 304
186 305
186 309
186 311
186 312
186 315
187 195
187 207
187 208
187 209
187 218
187 224
187 225
187 230
187 232
187 240
187 252
187 255
187 257
187 259
187 261
187 264
187 272
187 274
187 277
187 288
187 299
187 302
187 303
187 305
187 310
187 311
187 313
187 314
188 189
188 190
188 191
188 192
188 196
188 200
188 207
188 212
188 220
188 225
188 229
188 232
188 237
188 239
188 240
188 244
188 249
188 254
188 256
188 259
188 265
188 272
188 276
188 279
188 284
188 287
188 288
188 291
188 295
188 296
188 297
188 300
188 312
189 195
189 198
189 199
189 203
189 208
189 223
189 238
189 247
189 250
189 255
189 261
189 268
189 270
189 276
189 278
189 280
189 285
189 286
189 292
189 297
189 298
189 301
189 302
189 303
189 305
189 306
190 192
190 198
190 201
190 205
190 207
190 209
190 211
190 214
190 217
190 222
190 226
190 228
190 234
190 237
190 246
190 248
190 254
190 258
190 262
190 268
190 278
190 290
190 291
190 296
191 194
191 200
191 206
191 211
191 218
191 221
191 223
191 237
191 247
191 257
191 268
191 270
191 273
191 279
191 281
191 291
191 293
191 297
191 306
192 199
192 200
192 206
192 207
192 211
192 215
192 216
192 220
192 246
192 248
192 255
192 257
192 258
192 260
192 261
192 262
192 272
192 277
192 282
192 287
192 288
192 298
192 304
192 306
193 199
193 200
193 205
193 208
193 213
193 215
193 217
193 219
193 221
193 222
193 235
193 236
193 238
193 245
193 247
193 252
193 260
193 265
193 266
193 271
193 272
193 278
193 279
193 284
193 285
193 295
193 302
193 305
193 311
194 197
194 200
194 209
194 216
194 220
194 231
194 238
194 241
194 243
194 246
194 251
194 253
194 255
194 259
194 263
194 265
194 266
194 282
194 290
194 293
194 294
194 300
194 308
194 309
195 206
195 207
195 210
195 213
195 217
195 219
195 222
195 229
195 230
195 233
195 235
195 236
195 242
195 246
195 248
195 251
195 255
195 258
195 268
195 274
195 278
195 282
195 286
195 288
195 294
195 302
195 309
195 311
195 315
196 198
196 199
196 200
196 207
196 213
196 214
196 215
196 216
196 218
196 231
196 235
196 237
196 238
196 244
196 245
196 251
196 252
196 257
196 262
196 264
196 270
196 273
196 275
196 276
196 277
196 281
196 284
196 288
196 293
196 295
196 297
196 300
196 302
196 304
196 311
197 199
197 200
197 209
197 214
197 224
197 227
197 231
197 240
197 247
197 255
197 256
197 265
197 268
197 269
197 274
197 279
197 288
197 292
197 293
197 297
197 307
197 312
197 313
198 200
198 224
198 231
198 232
198 234
198 237
198 246
198 253
198 254
198 255
198 257
198 265
198 269
198 270
198 275
198 284
198 291
198 296
198 306
199 210
199 216
199 218
199 223
199 230
199 231
199 234
199 241
199 243
199 250
199 254
199 256
199 270
199 271
199 278
199 284
199 286
199 288
199 290
199 291
199 293
199 300
199 310
199 311
200 206
200 215
200 222
200 224
200 225
200 230
200 232
200 233
200 245
200 258
200 260
200 261
200 263
200 266
200 269
200 271
200 275
200 276
200 277
200 279
200 281
200 287
200 288
200 291
200 292
200 295
200 300
200 303
200 315
201 210
201 213
201 225
201 226
201 228
201 233
201 236
201 245
201 247
201 252
201 256
201 267
201 279
201 286
201 297
202 207
202 210
202 214
202 219
202 224
202 226
202 233
202 237
202 245
202 253
202 262
202 263
202 267
202 270
202 285
202 289
202 295
202 298
202 308
202 309
202 314
202 315
203 206
203 207
203 211
203 213
203 214
203 215
203 217
203 222
203 225
203 231
203 238
203 243
203 249
203 257
203 261
203 262
203 270
203 274
203 275
203 277
203 279
203 282
203 286
203 289
203 303
203 304
203 307
203 311
203 315
204 212
204 214
204 219
204 222
204 223
204 229
204 230
204 235
204 237
204 252
204 254
204 264
204 268
204 269
204 274
204 277
204 283
204 287
204 291
204 305
204 307
205 207
205 218
205 221
205 239
205 243
205 245
205 248
205 255
205 259
205 270
205 275
205 282
205 286
205 288
205 292
205 294
205 295
205 297
205 299
205 315
206 207
206 209
206 210
206 213
206 222
206 229
206 234
206 247
206 250
206 256
206 270
206 284
206 292
206 296
206 299
206 304
206 307
206 312
206 313
206 314
207 219
207 226
207 228
207 238
207 247
207 250
207 269
207 280
207 287
207 294
207 295
207 296
207 300
207 302
207 306
207 315
208 222
208 223
208 226
208 230
208 231
208 234
208 235
208 238
208 240
208 241
208 243
208 244
208 251
208 254
208 256
208 262
208 265
208 268
208 269
208 270
208 277
208 285
208 289
208 296
208 302
208 303
208 310
209 217
209 218
209 221
209 232
209 233
209 235
209 238
209 244
209 251
209 253
209 257
209 258
209 262
209 265
209 267
209 289
209 291
209 294
209 296
209 298
209 299
209 302
209 305
209 312
210 212
210 214
210 217
210 220
210 227
210 228
210 233
210 234
210 238
210 255
210 257
210 259
210 266
210 282
210 291
210 293
210 294
210 295
210 302
210 308
211 212
211 218
211 222
211 223
211 226
211 228
211 229
211 235
211 237
211 247
211 248
211 250
211 253
211 260
211 266
211 278
211 279
211 281
211 282
211 283
211 290
211 291
211 293
211 296
211 301
211 302
211 304
211 306
211 311
211 312
212 217
212 219
212 223
212 227
212 231
212 237
212 242
212 243
212 246
212 251
212 257
212 258
212 262
212 263
212 265
212 267
212 268
212 272
212 276
212 280
212 288
212 290
212 295
212 303
212 308
212 309
213 214
213 220
213 228
213 230
213 232
213 234
213 240
213 249
213 255
213 261
213 284
213 290
213 311
214 217
214 223
214 224
214 228
214 231
214 234
214 236
214 249
214 252
214 253
214 256
214 280
214 291
214 292
214 293
214 296
214 303
214 305
214 313
215 216
215 219
215 227
215 235
215 237
215 240
215 243
215 245
215 249
215 265
215 267
215 273
215 278
215 284
215 290
215 291
215 302
215 307
215 312
215 314
215 315
216 220
216 225
216 230
216 234
216 236
216 252
216 253
216 258
216 259
216 266
216 271
216 274
216 279
216 283
216 284
216 286
216 287
216 289
216 291
216 302
216 304
216 305
216 308
217 224
217 227
217 228
217 234
217 241
217 245
217 247
217 251
217 254
217 260
217 270
217 279
217 285
217 289
217 295
217 301
217 308
217 311
217 315
218 221
218 222
218 228
218 230
218 235
218 239
218 256
218 265
218 273
218 275
218 278
218 281
218 283
218 286
218 294
218 299
218 309
219 226
219 227
219 229
219 232
219 236
219 240
219 244
219 246
219 255
219 256
219 257
219 262
219 271
219 287
219 291
219 295
219 302
219 304
219 307
219 309
220 225
220 229
220 231
220 233
220 243
220 247
220 248
220 252
220 258
220 259
220 262
220 271
220 275
220 278
220 281
220 283
220 286
220 288
220 291
220 310
221 235
221 238
221 249
221 253
221 260
221 263
221 267
221 274
221 279
221 282
221 305
221 307
221 312
221 314
222 224
222 227
222 229
222 238
222 247
222 248
222 250
222 254
222 268
222 269
222 271
222 278
222 279
222 296
222 298
222 301
222 308
222 311
223 228
223 232
223 233
223 234
223 237
223 244
223 245
223 246
223 247
223 251
223 255
223 265
223 271
223 279
223 286
223 298
223 301
223 304
223 305
223 306
223 307
223 308
223 310
224 230
224 249
224 261
224 263
224 265
224 266
224 267
224 272
224 277
224 297
224 300
224 304
224 311
224 315
225 232
225 233
225 234
225 242
225 245
225 249
225 254
225 263
225 265
225 276
225 282
225 288
225 292
225 304
225 305
225 307
225 310
225 314
226 241
226 243
226 245
226 251
226 260
226 262
226 276
226 287
226 288
226 291
226 295
226 298
226 303
226 308
226 311
226 313
226 315
227 231
227 233
227 236
227 239
227 240
227 241
227 242
227 250
227 254
227 262
227 265
227 267
227 268
227 269
227 274
227 280
227 287
227 289
227 293
227 295
227 302
227 305
227 307
227 308
227 311
228 230
228 232
228 236
228 238
228 244
228 246
228 247
228 249
228 258
228 263
228 266
228 274
228 277
228 279
228 282
228 284
228 286
228 290
228 297
228 303
228 305
228 306
229 232
229 235
229 245
229 251
229 256
229 261
229 272
229 279
229 290
229 293
229 299
229 308
229 311
229 314
230 239
230 252
230 257
230 273
230 276
230 280
230 283
230 286
230 291
230 310
230 312
231 235
231 237
231 241
231 242
231 254
231 255
231 256
231 257
231 259
231 264
231 274
231 284
231 286
231 293
231 306
232 236
232 237
232 244
232 248
232 260
232 289
232 290
232 294
232 298
232 315
233 240
233 248
233 252
233 256
233 263
233 272
233 274
233 278
233 281
233 282
233 286
233 288
233 294
233 301
233 312
233 313
234 251
234 258
234 264
234 276
234 290
234 305
234 306
234 309
234 311
234 315
235 242
235 259
235 269
235 273
235 276
235 282
235 284
235 286
235 297
235 298
235 302
235 307
235 312
235 315
236 253
236 260
236 264
236 267
236 275
236 278
236 282
236 291
236 292
236 294
236 299
236 305
236 315
237 239
237 241
237 243
237 244
237 246
237 249
237 255
237 260
237 266
237 272
237 276
237 278
237 280
237 281
237 286
237 287
237 298
237 301
237 302
237 305
237 308
237 313
238 268
238 272
238 279
238 292
238 295
238 314
239 242
239 246
239 247
239 260
239 265
239 274
239 276
239 281
239 282
239 283
239 291
239 301
239 303
239 307
239 312
240 243
240 246
240 248
240 254
240 256
240 257
240 259
240 264
240 266
240 267
240 273
240 278
240 285
240 288
240 294
240 304
240 305
240 309
240 311
241 242
241 243
241 253
241 254
241 256
241 257
241 258
241 259
241 261
241 265
241 266
241 269
241 272
241 275
241 279
241 281
241 283
241 289
241 292
241 310
241 312
242 244
242 253
242 254
242 260
242 262
242 278
242 282
242 294
242 303
242 304
242 306
243 244
243 246
243 248
243 251
243 255
243 264
243 266
243 267
243 275
243 277
243 281
243 283
243 284
243 289
243 292
243 298
243 299
243 313
243 314
244 245
244 248
244 250
244 264
244 272
244 273
244 279
244 280
244 283
244 290
244 296
244 298
244 300
244 305
244 309
244 310
244 314
245 254
245 258
245 262
245 264
245 267
245 269
245 275
245 286
245 294
246 253
246 255
246 262
246 265
246 268
246 272
246 273
246 277
246 278
246 279
246 280
246 285
246 286
246 298
246 301
247 252
247 253
247 261
247 265
247 266
247 269
247 274
247 277
247 278
247 283
247 285
247 289
247 296
247 303
247 304
247 310
248 251
248 257
248 258
248 269
248 272
248 274
248 284
248 289
248 290
248 305
248 310
248 311
249 257
249 258
249 268
249 269
249 276
249 281
249 282
249 284
249 299
249 306
249 307
249 308
250 252
250 262
250 264
250 265
250 277
250 282
250 285
250 287
250 306
251 254
251 256
251 258
251 259
251 263
251 266
251 268
251 272
251 277
251 283
251 284
251 294
251 305
251 308
252 257
252 264
252 266
252 267
252 272
252 273
252 275
252 277
252 278
252 279
252 288
252 295
252 300
252 301
252 302
252 303
252 308
252 315
253 258
253 260
253 261
253 273
253 279
253 282
253 285
253 293
253 297
253 311
254 259
254 274
254 278
254 291
254 295
254 297
254 302
254 305
254 314
254 315
255 258
255 261
255 264
255 266
255 276
255 297
255 298
255 306
255 307
255 309
255 311
255 314
255 315
256 262
256 268
256 274
256 279
256 298
256 310
256 314
256 315
257 258
257 262
257 263
257 265
257 268
257 272
257 276
257 282
257 288
257 290
257 291
257 293
257 295
257 299
257 306
258 268
258 270
258 275
258 279
258 282
258 283
258 286
258 289
258 291
258 296
258 300
258 302
258 303
258 305
258 306
258 311
258 313
258 314
259 263
259 267
259 270
259 274
259 277
259 279
259 284
259 287
259 289
259 290
259 310
260 270
260 273
260 275
260 281
260 284
260 289
260 292
260 294
260 303
260 306
260 307
260 311
260 314
261 276
261 279
261 280
261 285
261 290
261 293
261 295
261 300
261 302
261 304
261 305
262 269
262 272
262 274
262 281
262 282
262 284
262 290
262 291
262 293
262 302
262 304
262 315
263 278
263 281
263 284
263 289
263 302
263 305
263 307
263 313
264 268
264 270
264 273
264 279
264 287
264 291
264 293
264 303
265 276
265 277
265 278
265 279
265 281
265 282
265 285
265 286
265 298
265 299
265 301
265 302
265 305
266 269
266 272
266 273
266 277
266 284
266 288
266 292
266 307
266 309
266 314
267 269
267 289
267 290
267 291
267 292
267 298
267 312
268 276
268 285
268 289
268 294
268 297
268 298
268 299
268 301
268 305
268 307
269 270
269 278
269 281
269 283
269 285
269 293
269 300
269 303
269 304
269 308
269 309
269 310
270 271
270 277
270 280
270 286
270 288
271 276
271 278
271 279
271 284
271 285
271 289
271 297
271 302
271 307
272 278
272 279
272 281
272 283
272 291
272 292
272 293
272 297
272 304
272 309
272 314
273 277
273 285
273 290
273 292
273 296
273 305
273 309
273 311
273 315
274 293
274 294
274 296
274 301
274 306
274 311
274 312
274 313
275 276
275 282
275 286
275 295
275 296
275 301
275 305
275 306
275 309
275 310
275 311
276 277
276 280
276 287
276 290
276 298
276 306
276 312
277 278
277 279
277 283
277 301
277 307
277 311
277 312
277 314
278 280
278 283
278 287
278 289
278 294
278 295
278 299
278 304
278 305
278 309
278 310
278 313
278 315
279 282
279 288
279 290
279 301
279 305
279 307
279 309
279 312
279 314
280 281
280 285
280 286
280 289
280 296
280 307
280 311
280 312
281 289
281 290
281 291
281 292
281 298
281 304
281 306
281 308
281 309
281 312
282 283
282 287
282 294
282 300
282 303
282 314
283 290
283 292
283 296
283 298
283 299
283 302
283 303
283 304
283 313
284 291
284 304
284 311
285 291
285 293
285 294
285 304
285 306
285 309
285 312
285 315
286 287
286 293
286 302
286 303
286 314
287 289
287 297
287 298
287 307
287 310
287 312
288 303
289 290
289 294
289 296
289 297
289 307
289 310
289 312
290 294
290 301
290 308
290 312
291 292
291 304
291 306
291 309
291 311
291 315
292 295
292 302
292 305
292 308
292 309
292 310
292 313
293 294
293 305
293 311
294 305
294 308
294 309
294 314
295 296
295 299
295 306
295 307
295 315
296 314
296 315
297 300
297 305
297 308
297 310
298 301
298 303
298 310
298 311
298 315
299 300
299 301
299 302
299 303
299 307
299 308
300 301
300 302
300 305
300 307
300 315
302 304
302 309
302 315
303 311
303 312
304 309
304 310
304 312
304 313
305 306
305 309
305 312
305 315
306 307
306 315
307 310
307 312
308 314
