0 1
0 2
0 3
0 4
0 5
0 6
0 7
0 8
0 9
0 11
0 12
0 16
0 17
0 18
0 20
0 21
0 24
0 30
0 31
0 32
0 33
0 40
0 41
0 42
0 50
0 52
0 55
0 56
0 58
0 59
0 60
0 62
0 65
0 70
0 71
0 72
0 74
0 75
0 92
0 97
0 98
0 103
0 104
0 107
0 110
0 113
0 116
0 118
0 122
0 136
0 137
0 139
0 140
0 144
0 151
0 159
0 162
0 165
0 167
0 179
0 191
0 201
0 203
0 208
0 217
0 227
0 232
0 250
0 254
0 255
0 258
0 264
0 273
0 280
0 289
0 307
0 308
0 309
0 311
0 313
0 321
0 343
0 344
0 347
0 362
0 363
0 371
0 384
0 390
0 394
0 433
0 448
0 451
0 458
0 461
0 469
0 495
0 511
0 514
0 525
0 526
0 530
0 536
0 539
0 541
0 559
0 586
0 590
0 591
0 607
0 611
0 613
0 614
0 634
0 636
0 654
0 688
0 701
0 720
0 726
0 757
0 761
0 775
0 790
0 794
0 800
0 813
0 865
0 872
0 879
0 887
0 894
0 903
0 907
0 910
0 913
0 917
0 943
0 945
0 960
0 966
0 1030
0 1062
0 1075
0 1093
0 1106
0 1132
0 1161
0 1178
0 1186
0 1188
0 1200
0 1265
0 1268
0 1284
0 1287
0 1289
0 1302
0 1351
0 1359
0 1362
0 1412
0 1429
0 1442
0 1456
0 1508
0 1511
0 1549
0 1552
0 1565
0 1590
0 1601
0 1605
0 1607
0 1622
0 1626
0 1735
0 1742
0 1813
0 1898
0 1914
0 1939
0 1952
0 1973
0 1998
1 6
1 7
1 8
1 11
1 13
1 14
1 16
1 28
1 40
1 86
1 125
1 138
1 150
1 225
1 269
1 274
1 332
1 436
1 445
1 449
1 492
1 499
1 520
1 525
1 561
1 574
1 619
1 636
1 648
1 825
1 840
1 904
1 952
1 1040
1 1113
1 1160
1 1209
1 1216
1 1242
1 1419
1 1490
1 1493
1 1655
1 1725
1 1732
1 1761
1 1782
1 1856
1 1940
2 11
2 15
2 23
2 46
2 56
2 81
2 85
2 202
2 211
2 236
2 329
2 379
2 457
2 536
2 677
2 742
2 777
2 981
2 1170
2 1234
2 1348
2 1365
2 1536
2 1587
2 1593
2 1999
3 6
3 7
3 9
3 13
3 15
3 41
3 51
3 56
3 57
3 60
3 77
3 92
3 100
3 101
3 108
3 164
3 168
3 185
3 240
3 245
3 263
3 315
3 437
3 446
3 564
3 584
3 646
3 749
3 926
3 932
3 981
3 998
3 1100
3 1138
3 1141
3 1147
3 1201
3 1218
3 1243
3 1385
3 1428
3 1520
3 1571
3 1816
3 1830
4 6
4 7
4 10
4 14
4 15
4 22
4 24
4 28
4 30
4 36
4 38
4 39
4 49
4 64
4 74
4 76
4 80
4 83
4 90
4 107
4 113
4 120
4 124
4 126
4 128
4 150
4 152
4 160
4 175
4 181
4 189
4 200
4 207
4 211
4 215
4 245
4 279
4 321
4 325
4 352
4 368
4 389
4 392
4 395
4 396
4 428
4 453
4 455
4 460
4 463
4 489
4 501
4 518
4 569
4 600
4 601
4 626
4 653
4 664
4 671
4 681
4 682
4 687
4 707
4 720
4 725
4 733
4 746
4 774
4 797
4 822
4 852
4 854
4 896
4 898
4 933
4 998
4 1004
4 1062
4 1124
4 1213
4 1227
4 1232
4 1245
4 1246
4 1257
4 1295
4 1297
4 1315
4 1320
4 1375
4 1392
4 1410
4 1414
4 1483
4 1512
4 1549
4 1602
4 1637
4 1675
4 1738
4 1797
4 1811
4 1852
5 6
5 8
5 12
5 15
5 61
5 69
5 119
5 131
5 136
5 215
5 243
5 255
5 277
5 302
5 324
5 364
5 495
5 611
5 743
5 760
5 792
5 909
5 925
5 948
5 953
5 1015
5 1035
5 1065
5 1076
5 1102
5 1113
5 1138
5 1200
5 1329
5 1427
5 1428
5 1444
5 1513
5 1670
5 1704
5 1884
5 1933
6 7
6 8
6 9
6 10
6 13
6 18
6 21
6 26
6 28
6 29
6 30
6 31
6 32
6 44
6 47
6 61
6 66
6 70
6 78
6 84
6 88
6 91
6 96
6 99
6 116
6 121
6 123
6 160
6 164
6 173
6 180
6 181
6 186
6 187
6 202
6 214
6 223
6 229
6 240
6 265
6 275
6 297
6 299
6 310
6 323
6 341
6 370
6 372
6 382
6 431
6 461
6 470
6 473
6 476
6 517
6 581
6 613
6 635
6 655
6 674
6 688
6 704
6 732
6 753
6 758
6 763
6 792
6 852
6 941
6 949
6 991
6 1000
6 1053
6 1087
6 1104
6 1117
6 1119
6 1126
6 1158
6 1190
6 1256
6 1260
6 1306
6 1320
6 1352
6 1375
6 1474
6 1488
6 1491
6 1540
6 1551
6 1644
6 1658
6 1689
6 1706
6 1737
6 1748
6 1760
6 1774
6 1778
6 1831
6 1838
6 1851
6 1949
6 1983
7 8
7 9
7 10
7 11
7 12
7 13
7 14
7 16
7 17
7 18
7 19
7 22
7 23
7 26
7 27
7 30
7 34
7 35
7 40
7 42
7 47
7 51
7 54
7 57
7 59
7 63
7 87
7 95
7 100
7 103
7 108
7 109
7 117
7 123
7 125
7 133
7 144
7 153
7 170
7 173
7 207
7 208
7 216
7 219
7 220
7 223
7 228
7 251
7 253
7 264
7 270
7 300
7 346
7 360
7 413
7 437
7 441
7 454
7 462
7 499
7 507
7 526
7 545
7 579
7 602
7 611
7 628
7 641
7 659
7 661
7 668
7 678
7 679
7 684
7 702
7 704
7 725
7 737
7 801
7 810
7 812
7 829
7 831
7 859
7 872
7 876
7 884
7 910
7 911
7 974
7 975
7 990
7 1015
7 1032
7 1071
7 1087
7 1101
7 1176
7 1183
7 1190
7 1198
7 1201
7 1237
7 1255
7 1265
7 1274
7 1319
7 1325
7 1335
7 1347
7 1387
7 1389
7 1406
7 1425
7 1435
7 1490
7 1528
7 1650
7 1704
7 1792
7 1795
8 9
8 10
8 14
8 15
8 16
8 17
8 18
8 19
8 21
8 25
8 34
8 37
8 42
8 43
8 45
8 46
8 54
8 55
8 63
8 73
8 77
8 80
8 84
8 91
8 101
8 112
8 113
8 116
8 120
8 122
8 128
8 133
8 134
8 143
8 151
8 167
8 182
8 195
8 198
8 207
8 213
8 220
8 222
8 228
8 253
8 264
8 267
8 293
8 300
8 314
8 323
8 324
8 336
8 341
8 351
8 363
8 374
8 375
8 405
8 423
8 425
8 473
8 476
8 480
8 519
8 604
8 621
8 643
8 687
8 699
8 718
8 726
8 730
8 740
8 778
8 814
8 818
8 865
8 895
8 913
8 999
8 1027
8 1047
8 1065
8 1066
8 1082
8 1088
8 1091
8 1144
8 1146
8 1156
8 1165
8 1190
8 1228
8 1236
8 1240
8 1257
8 1293
8 1300
8 1304
8 1314
8 1332
8 1405
8 1466
8 1475
8 1505
8 1517
8 1528
8 1567
8 1609
8 1699
8 1704
8 1743
8 1802
8 1807
8 1882
8 1932
8 1941
8 1988
8 1997
9 10
9 11
9 12
9 19
9 21
9 24
9 25
9 30
9 34
9 41
9 42
9 49
9 51
9 53
9 54
9 57
9 59
9 64
9 66
9 70
9 73
9 78
9 81
9 83
9 84
9 86
9 92
9 95
9 100
9 117
9 132
9 141
9 146
9 152
9 154
9 155
9 161
9 173
9 177
9 192
9 203
9 212
9 217
9 225
9 235
9 244
9 248
9 263
9 268
9 276
9 285
9 297
9 305
9 340
9 360
9 368
9 380
9 383
9 387
9 393
9 400
9 409
9 413
9 423
9 435
9 449
9 498
9 502
9 511
9 516
9 524
9 550
9 562
9 595
9 600
9 601
9 603
9 606
9 607
9 609
9 639
9 645
9 698
9 761
9 762
9 776
9 797
9 801
9 808
9 853
9 860
9 870
9 881
9 893
9 901
9 939
9 946
9 949
9 956
9 986
9 1020
9 1031
9 1042
9 1107
9 1137
9 1140
9 1149
9 1151
9 1152
9 1170
9 1175
9 1179
9 1247
9 1249
9 1292
9 1298
9 1308
9 1309
9 1373
9 1404
9 1422
9 1452
9 1467
9 1502
9 1511
9 1512
9 1534
9 1571
9 1610
9 1678
9 1725
9 1741
9 1749
9 1776
9 1813
9 1840
9 1861
9 1909
9 1919
9 1928
9 1938
9 1939
9 1945
9 1975
9 1992
10 12
10 13
10 14
10 16
10 17
10 23
10 25
10 27
10 28
10 29
10 34
10 36
10 37
10 50
10 53
10 82
10 83
10 131
10 133
10 159
10 182
10 191
10 199
10 230
10 251
10 328
10 330
10 345
10 381
10 385
10 407
10 413
10 445
10 468
10 504
10 535
10 547
10 550
10 553
10 560
10 603
10 611
10 628
10 640
10 641
10 652
10 657
10 670
10 699
10 715
10 724
10 739
10 746
10 775
10 783
10 806
10 844
10 869
10 883
10 915
10 930
10 931
10 964
10 1205
10 1213
10 1263
10 1271
10 1345
10 1527
10 1579
10 1592
10 1862
10 1937
11 18
11 19
11 20
11 26
11 36
11 37
11 38
11 39
11 42
11 45
11 51
11 60
11 73
11 77
11 79
11 81
11 82
11 108
11 112
11 131
11 138
11 155
11 172
11 178
11 183
11 184
11 186
11 189
11 192
11 229
11 233
11 249
11 254
11 264
11 265
11 282
11 300
11 313
11 321
11 325
11 353
11 355
11 356
11 365
11 392
11 418
11 450
11 473
11 520
11 566
11 581
11 593
11 656
11 684
11 687
11 697
11 719
11 748
11 779
11 859
11 875
11 894
11 908
11 916
11 941
11 985
11 989
11 1037
11 1059
11 1073
11 1102
11 1134
11 1135
11 1158
11 1219
11 1266
11 1331
11 1336
11 1337
11 1339
11 1468
11 1494
11 1627
11 1677
11 1730
11 1739
11 1756
11 1767
11 1796
11 1811
11 1825
11 1867
11 1889
11 1900
11 1903
11 1998
12 22
12 28
12 38
12 43
12 46
12 48
12 52
12 64
12 67
12 74
12 75
12 102
12 128
12 150
12 156
12 160
12 162
12 164
12 187
12 190
12 204
12 225
12 227
12 243
12 248
12 277
12 285
12 303
12 350
12 374
12 375
12 384
12 394
12 447
12 478
12 520
12 528
12 549
12 574
12 651
12 690
12 758
12 776
12 789
12 822
12 835
12 878
12 943
12 962
12 971
12 1004
12 1034
12 1077
12 1110
12 1241
12 1245
12 1248
12 1272
12 1286
12 1367
12 1376
12 1515
12 1531
12 1578
12 1688
12 1696
12 1736
12 1906
12 1916
13 19
13 20
13 23
13 26
13 27
13 57
13 66
13 69
13 89
13 94
13 105
13 114
13 120
13 130
13 143
13 152
13 153
13 158
13 182
13 188
13 223
13 230
13 234
13 251
13 252
13 282
13 330
13 331
13 342
13 373
13 377
13 383
13 401
13 421
13 453
13 550
13 569
13 606
13 663
13 685
13 699
13 746
13 764
13 833
13 1048
13 1173
13 1369
13 1378
13 1392
13 1416
13 1429
13 1432
13 1442
13 1486
13 1544
13 1583
13 1743
13 1857
13 1910
13 1949
13 1963
13 1980
14 25
14 35
14 44
14 46
14 85
14 95
14 99
14 133
14 141
14 149
14 150
14 152
14 176
14 254
14 293
14 306
14 398
14 419
14 494
14 521
14 587
14 608
14 660
14 673
14 766
14 773
14 856
14 875
14 889
14 982
14 1025
14 1201
14 1242
14 1259
14 1353
14 1497
14 1505
14 1588
14 1714
14 1772
14 1848
14 1962
15 17
15 22
15 36
15 41
15 44
15 47
15 53
15 65
15 79
15 93
15 109
15 119
15 133
15 146
15 231
15 371
15 403
15 406
15 438
15 455
15 478
15 482
15 584
15 654
15 679
15 697
15 745
15 780
15 965
15 973
15 999
15 1024
15 1039
15 1098
15 1103
15 1330
15 1387
15 1674
15 1710
15 1827
15 1980
16 20
16 31
16 36
16 37
16 67
16 105
16 125
16 156
16 157
16 170
16 194
16 211
16 235
16 309
16 320
16 323
16 351
16 422
16 444
16 610
16 654
16 682
16 768
16 1182
16 1386
16 1468
16 1556
16 1560
16 1599
16 1652
16 1654
16 1666
16 1720
16 1894
16 1943
16 1956
17 40
17 50
17 58
17 62
17 75
17 94
17 132
17 146
17 271
17 359
17 411
17 441
17 523
17 542
17 554
17 737
17 743
17 902
17 905
17 912
17 1086
17 1095
17 1128
17 1172
17 1344
17 1671
17 1694
17 1807
17 1873
18 21
18 22
18 24
18 32
18 33
18 40
18 45
18 46
18 47
18 62
18 69
18 93
18 106
18 162
18 176
18 187
18 277
18 322
18 441
18 474
18 509
18 548
18 607
18 676
18 710
18 726
18 733
18 921
18 931
18 1024
18 1030
18 1043
18 1140
18 1146
18 1151
18 1230
18 1342
18 1420
18 1769
18 1779
18 1866
18 1872
18 1959
18 1971
19 20
19 26
19 29
19 32
19 33
19 35
19 41
19 45
19 50
19 68
19 70
19 75
19 81
19 85
19 87
19 91
19 96
19 102
19 104
19 110
19 124
19 126
19 130
19 135
19 183
19 206
19 221
19 226
19 228
19 246
19 279
19 287
19 289
19 298
19 337
19 338
19 342
19 348
19 365
19 396
19 401
19 429
19 466
19 481
19 492
19 496
19 528
19 557
19 640
19 644
19 678
19 680
19 719
19 795
19 924
19 1000
19 1036
19 1093
19 1136
19 1243
19 1304
19 1378
19 1412
19 1415
19 1496
19 1498
19 1516
19 1518
19 1638
19 1668
19 1672
19 1702
19 1798
19 1815
19 1828
19 1844
19 1912
19 1939
19 1942
19 1992
20 38
20 63
20 101
20 112
20 116
20 124
20 144
20 166
20 183
20 185
20 438
20 500
20 540
20 626
20 712
20 729
20 909
20 1217
20 1281
20 1362
20 1424
20 1570
20 1634
20 1692
21 23
21 31
21 142
21 149
21 156
21 172
21 174
21 187
21 226
21 234
21 247
21 301
21 397
21 431
21 433
21 507
21 561
21 625
21 779
21 793
21 916
21 938
21 945
21 1119
21 1145
21 1182
21 1212
21 1237
21 1283
21 1303
21 1390
21 1398
21 1612
21 1642
21 1652
21 1666
21 1835
21 1886
22 24
22 25
22 31
22 38
22 39
22 43
22 44
22 82
22 113
22 129
22 149
22 169
22 179
22 180
22 280
22 284
22 294
22 299
22 305
22 307
22 344
22 351
22 360
22 390
22 407
22 450
22 462
22 480
22 502
22 507
22 549
22 602
22 623
22 662
22 681
22 692
22 708
22 728
22 750
22 780
22 795
22 839
22 905
22 907
22 959
22 978
22 1104
22 1120
22 1181
22 1220
22 1285
22 1287
22 1360
22 1402
22 1464
22 1629
22 1649
22 1733
22 1890
22 1961
22 1996
23 29
23 48
23 61
23 76
23 83
23 97
23 108
23 109
23 148
23 172
23 198
23 201
23 203
23 349
23 350
23 396
23 433
23 488
23 493
23 536
23 562
23 566
23 586
23 619
23 731
23 755
23 778
23 805
23 832
23 927
23 968
23 1019
23 1024
23 1052
23 1066
23 1163
23 1193
23 1357
23 1397
23 1455
23 1564
23 1566
23 1613
23 1641
23 1805
23 1877
23 1894
23 1951
24 27
24 61
24 145
24 253
24 300
24 376
24 584
24 593
24 624
24 781
24 941
24 943
24 1302
24 1339
24 1384
24 1411
24 1656
24 1767
24 1870
24 1927
25 27
25 34
25 39
25 43
25 48
25 58
25 60
25 64
25 65
25 77
25 80
25 100
25 103
25 142
25 147
25 156
25 157
25 175
25 192
25 213
25 241
25 270
25 286
25 302
25 304
25 310
25 334
25 356
25 379
25 391
25 446
25 465
25 500
25 539
25 557
25 565
25 632
25 658
25 689
25 701
25 702
25 751
25 798
25 800
25 846
25 866
25 960
25 988
25 1004
25 1055
25 1062
25 1111
25 1127
25 1187
25 1204
25 1334
25 1341
25 1361
25 1503
25 1526
25 1537
25 1587
25 1614
25 1651
25 1656
25 1680
25 1760
25 1806
25 1862
25 1863
25 1966
25 1980
25 1991
26 32
26 33
26 37
26 43
26 48
26 59
26 63
26 86
26 103
26 110
26 115
26 157
26 181
26 191
26 196
26 244
26 275
26 278
26 283
26 290
26 307
26 343
26 422
26 459
26 567
26 571
26 578
26 604
26 636
26 637
26 686
26 706
26 747
26 830
26 835
26 863
26 884
26 1050
26 1060
26 1064
26 1092
26 1167
26 1225
26 1227
26 1273
26 1277
26 1396
26 1559
26 1586
26 1594
26 1603
26 1625
26 1653
26 1738
26 1744
26 1748
26 1878
26 1938
26 1994
27 29
27 33
27 121
27 127
27 132
27 151
27 153
27 184
27 209
27 233
27 252
27 257
27 265
27 266
27 328
27 404
27 416
27 448
27 452
27 466
27 469
27 477
27 556
27 746
27 824
27 905
27 941
27 976
27 1052
27 1060
27 1121
27 1218
27 1251
27 1303
27 1354
27 1413
27 1446
27 1447
27 1469
27 1563
27 1592
27 1688
27 1705
27 1983
28 110
28 204
28 227
28 590
28 622
28 667
28 720
28 780
28 977
28 1069
28 1074
28 1098
28 1273
28 1302
28 1310
28 1329
28 1556
28 1851
28 1996
29 45
29 52
29 55
29 67
29 68
29 76
29 88
29 107
29 117
29 127
29 138
29 154
29 162
29 179
29 182
29 223
29 242
29 256
29 265
29 268
29 378
29 397
29 400
29 419
29 505
29 522
29 545
29 600
29 692
29 739
29 757
29 848
29 868
29 897
29 930
29 961
29 1101
29 1103
29 1109
29 1217
29 1263
29 1367
29 1379
29 1454
29 1551
29 1555
29 1632
29 1786
29 1796
29 1798
29 1842
29 1942
29 1990
30 47
30 49
30 59
30 90
30 94
30 98
30 107
30 142
30 144
30 197
30 231
30 253
30 348
30 487
30 576
30 622
30 631
30 658
30 669
30 677
30 692
30 720
30 730
30 734
30 821
30 1007
30 1038
30 1084
30 1122
30 1203
30 1289
30 1305
30 1548
30 1583
30 1969
31 35
31 39
31 62
31 67
31 82
31 88
31 111
31 116
31 139
31 154
31 161
31 170
31 172
31 174
31 195
31 213
31 230
31 277
31 323
31 374
31 407
31 472
31 478
31 497
31 573
31 694
31 708
31 777
31 797
31 834
31 861
31 945
31 1073
31 1075
31 1207
31 1208
31 1380
31 1437
31 1709
31 1767
31 1821
31 1848
32 35
32 70
32 78
32 90
32 92
32 95
32 98
32 99
32 102
32 106
32 111
32 114
32 129
32 148
32 183
32 185
32 217
32 250
32 251
32 305
32 312
32 314
32 352
32 360
32 369
32 374
32 379
32 419
32 429
32 458
32 464
32 478
32 521
32 589
32 605
32 656
32 658
32 667
32 686
32 696
32 697
32 726
32 742
32 761
32 816
32 835
32 948
32 969
32 1040
32 1094
32 1116
32 1148
32 1232
32 1262
32 1268
32 1282
32 1334
32 1341
32 1357
32 1383
32 1421
32 1445
32 1487
32 1501
32 1524
32 1525
32 1535
32 1588
32 1665
32 1685
32 1744
32 1793
32 1798
32 1964
32 1994
33 56
33 69
33 93
33 104
33 119
33 171
33 193
33 204
33 216
33 222
33 273
33 278
33 339
33 375
33 477
33 556
33 575
33 643
33 744
33 828
33 867
33 935
33 1095
33 1165
33 1220
33 1267
33 1315
33 1522
33 1736
33 1990
34 72
34 79
34 118
34 120
34 134
34 168
34 176
34 226
34 286
34 324
34 373
34 385
34 394
34 423
34 474
34 481
34 493
34 554
34 555
34 590
34 608
34 746
34 815
34 831
34 841
34 871
34 1013
34 1098
34 1129
34 1229
34 1299
34 1321
34 1503
34 1569
34 1639
34 1717
34 1888
34 1947
35 49
35 51
35 64
35 68
35 72
35 80
35 96
35 98
35 100
35 155
35 170
35 187
35 214
35 225
35 249
35 257
35 260
35 267
35 298
35 312
35 354
35 389
35 431
35 445
35 509
35 551
35 570
35 641
35 772
35 795
35 799
35 864
35 951
35 993
35 995
35 1010
35 1069
35 1076
35 1099
35 1120
35 1244
35 1269
35 1332
35 1403
35 1584
35 1711
35 1723
35 1730
35 1863
35 1899
35 1945
35 1959
36 58
36 76
36 92
36 97
36 115
36 193
36 218
36 232
36 240
36 258
36 272
36 286
36 290
36 307
36 311
36 312
36 336
36 374
36 417
36 445
36 455
36 479
36 576
36 619
36 634
36 784
36 832
36 900
36 974
36 989
36 1032
36 1108
36 1247
36 1305
36 1330
36 1409
36 1417
36 1450
36 1484
36 1532
36 1533
36 1539
36 1544
36 1706
36 1754
36 1761
36 1880
36 1947
37 57
37 102
37 178
37 188
37 245
37 286
37 295
37 347
37 397
37 517
37 535
37 710
37 1014
37 1406
37 1555
37 1780
37 1891
38 44
38 77
38 79
38 111
38 129
38 193
38 199
38 387
38 458
38 482
38 608
38 745
38 799
38 1090
38 1536
38 1551
38 1567
38 1761
38 1813
38 1925
38 1965
39 48
39 55
39 63
39 66
39 75
39 118
39 127
39 166
39 178
39 189
39 228
39 329
39 362
39 393
39 398
39 463
39 472
39 521
39 556
39 909
39 974
39 977
39 1016
39 1069
39 1141
39 1286
39 1480
39 1706
39 1772
39 1833
39 1850
40 52
40 56
40 71
40 106
40 164
40 182
40 209
40 221
40 247
40 260
40 282
40 283
40 292
40 317
40 357
40 372
40 379
40 399
40 406
40 413
40 414
40 497
40 532
40 538
40 541
40 583
40 594
40 670
40 838
40 859
40 924
40 954
40 963
40 1002
40 1019
40 1199
40 1277
40 1299
40 1361
40 1401
40 1416
40 1513
40 1553
40 1631
40 1669
40 1901
40 1906
40 1946
41 53
41 84
41 87
41 118
41 121
41 138
41 143
41 168
41 205
41 282
41 316
41 391
41 404
41 459
41 524
41 542
41 689
41 693
41 767
41 803
41 870
41 892
41 905
41 1185
41 1367
41 1659
41 1762
41 1765
41 1805
41 1857
41 1860
41 1884
41 1918
41 1962
42 49
42 112
42 129
42 163
42 168
42 250
42 660
42 716
42 808
42 892
42 935
42 1176
42 1193
42 1195
42 1997
43 74
43 76
43 140
43 145
43 151
43 220
43 303
43 317
43 376
43 533
43 610
43 785
43 924
43 1112
43 1254
43 1909
43 1943
44 93
44 222
44 1052
44 1387
44 1981
45 58
45 60
45 69
45 78
45 90
45 114
45 115
45 139
45 210
45 434
45 447
45 460
45 467
45 518
45 534
45 537
45 633
45 693
45 811
45 813
45 949
45 1138
45 1219
45 1257
45 1307
45 1496
45 1581
45 1690
45 1783
45 1825
46 54
46 68
46 84
46 104
46 114
46 131
46 166
46 177
46 232
46 258
46 337
46 580
46 686
46 714
46 777
46 788
46 798
46 891
46 995
46 1016
46 1190
46 1194
46 1211
46 1225
46 1587
46 1739
46 1903
47 110
47 227
47 290
47 367
47 384
47 432
47 819
47 977
47 1011
47 1120
47 1234
47 1261
47 1334
47 1428
48 50
48 65
48 71
48 85
48 88
48 97
48 122
48 127
48 132
48 145
48 165
48 175
48 279
48 286
48 380
48 505
48 663
48 665
48 673
48 763
48 785
48 850
48 938
48 1070
48 1144
48 1189
48 1296
48 1318
48 1325
48 1330
48 1365
48 1379
48 1495
48 1580
48 1625
48 1693
48 1747
48 1963
48 1986
49 52
49 62
49 203
49 312
49 338
49 364
49 383
49 387
49 516
49 620
49 672
49 1001
49 1080
49 1213
49 1232
49 1241
49 1275
49 1624
49 1780
50 85
50 125
50 245
50 319
50 546
50 605
50 754
50 1212
50 1453
50 1606
50 1662
50 1686
51 54
51 55
51 61
51 115
51 123
51 137
51 139
51 147
51 166
51 205
51 206
51 237
51 242
51 342
51 343
51 371
51 394
51 398
51 457
51 459
51 485
51 522
51 538
51 572
51 598
51 636
51 689
51 741
51 808
51 863
51 943
51 1042
51 1089
51 1128
51 1153
51 1198
51 1225
51 1299
51 1398
51 1460
51 1462
51 1506
51 1664
51 1667
51 1705
51 1734
51 1793
51 1870
51 1908
51 1942
52 53
52 74
52 89
52 134
52 139
52 146
52 177
52 196
52 208
52 218
52 267
52 269
52 270
52 310
52 362
52 481
52 494
52 515
52 529
52 544
52 552
52 554
52 588
52 629
52 802
52 814
52 815
52 867
52 934
52 1013
52 1015
52 1162
52 1219
52 1235
52 1413
52 1580
52 1679
52 1716
52 1725
52 1918
52 1935
52 1969
53 79
53 89
53 158
53 168
53 201
53 216
53 225
53 237
53 269
53 274
53 294
53 322
53 350
53 355
53 424
53 536
53 551
53 649
53 731
53 787
53 788
53 826
53 899
53 920
53 1114
53 1172
53 1204
53 1220
53 1248
53 1438
53 1521
53 1699
53 1830
53 1917
53 1944
54 78
54 83
54 248
54 282
54 532
54 570
54 592
54 640
54 836
54 852
54 1376
55 108
55 171
55 198
55 228
55 272
55 276
55 306
55 369
55 393
55 449
55 469
55 529
55 547
55 637
55 669
55 686
55 963
55 966
55 1123
55 1433
55 1443
56 318
56 421
56 444
56 454
56 504
56 508
56 585
56 626
56 639
56 881
56 971
56 978
56 1164
56 1235
56 1236
56 1382
56 1434
56 1467
56 1469
56 1479
56 1895
56 1897
56 1950
56 1987
57 422
57 646
57 1384
57 1694
58 93
58 106
58 134
58 237
58 262
58 271
58 476
58 594
58 681
58 727
58 900
58 1345
58 1389
58 1453
58 1492
58 1601
59 68
59 117
59 200
59 281
59 335
59 526
59 572
59 575
59 638
59 645
59 670
59 1084
59 1091
59 1130
59 1169
59 1366
59 1402
59 1405
59 1574
59 1691
59 1765
59 1836
60 86
60 242
60 301
60 382
60 503
60 566
60 568
60 612
60 657
60 691
60 827
60 996
60 1085
60 1094
60 1154
60 1224
60 1237
60 1250
60 1331
60 1338
60 1537
61 71
61 73
61 143
61 158
61 165
61 196
61 215
61 233
61 259
61 354
61 378
61 402
61 424
61 457
61 486
61 540
61 589
61 619
61 681
61 700
61 920
61 921
61 935
61 951
61 967
61 994
61 1104
61 1126
61 1290
61 1388
61 1401
61 1436
61 1450
61 1476
61 1568
61 1691
61 1776
61 1832
61 1885
61 1937
61 1969
62 65
62 66
62 72
62 81
62 96
62 98
62 130
62 141
62 170
62 193
62 197
62 224
62 238
62 252
62 281
62 285
62 293
62 314
62 319
62 339
62 348
62 372
62 373
62 377
62 382
62 420
62 421
62 465
62 476
62 483
62 517
62 568
62 601
62 627
62 661
62 737
62 740
62 759
62 784
62 786
62 787
62 827
62 829
62 835
62 852
62 920
62 1132
62 1155
62 1177
62 1228
62 1553
62 1565
62 1606
62 1609
62 1625
62 1820
62 1831
63 67
63 86
63 173
63 456
63 463
63 514
63 693
63 949
63 966
63 1065
63 1234
63 1254
63 1779
63 1906
64 105
64 215
64 241
64 481
64 934
64 962
64 1150
64 1678
65 111
65 202
65 204
65 212
65 219
65 252
65 253
65 313
65 325
65 328
65 399
65 589
65 713
65 733
65 759
65 795
65 1097
65 1212
65 1270
65 1361
65 1367
65 1412
65 1550
65 1582
65 1589
65 1621
65 1686
65 1784
65 1809
65 1827
66 180
66 210
66 344
66 401
66 869
66 906
66 1135
66 1139
66 1284
67 71
67 82
67 94
67 161
67 172
67 261
67 524
67 579
67 698
67 706
67 823
67 1009
67 1011
67 1180
67 1431
67 1559
67 1764
67 1799
67 1929
68 89
68 101
68 201
68 219
68 264
68 583
68 789
68 885
68 1004
68 1125
68 1209
68 1324
68 1325
68 1349
68 1555
68 1569
68 1729
69 72
69 125
69 189
69 439
69 560
69 875
69 933
69 1100
69 1105
69 1356
69 1397
69 1459
69 1475
69 1658
70 73
70 106
70 130
70 140
70 169
70 250
70 365
70 369
70 409
70 487
70 503
70 533
70 634
70 691
70 792
70 848
70 862
70 887
70 901
70 906
70 1113
70 1155
70 1222
70 1388
70 1422
70 1568
70 1767
71 200
71 218
71 244
71 287
71 306
71 365
71 475
71 623
71 625
71 662
71 674
71 864
71 994
71 1355
71 1423
71 1455
71 1464
71 1642
71 1683
71 1714
72 109
72 120
72 123
72 130
72 150
72 178
72 190
72 197
72 220
72 242
72 249
72 252
72 271
72 281
72 436
72 488
72 579
72 608
72 646
72 650
72 727
72 801
72 837
72 897
72 1015
72 1285
72 1289
72 1318
72 1330
72 1363
72 1376
72 1420
72 1483
72 1485
72 1491
72 1757
72 1865
73 87
73 123
73 208
73 787
73 963
73 1106
74 88
74 89
74 114
74 121
74 162
74 206
74 236
74 238
74 248
74 257
74 303
74 316
74 326
74 382
74 417
74 424
74 516
74 551
74 576
74 675
74 738
74 751
74 1048
74 1136
74 1284
74 1317
74 1645
74 1768
74 1832
75 126
75 169
75 376
75 488
75 512
75 543
75 621
75 862
75 951
75 1097
75 1205
75 1313
75 1335
75 1477
75 1550
75 1682
75 1916
76 80
76 161
76 186
76 199
76 235
76 280
76 281
76 397
76 459
76 723
76 847
76 984
76 1546
76 1866
77 145
77 186
77 189
77 388
77 496
77 664
77 725
77 812
77 819
77 877
77 1022
77 1174
77 1611
77 1916
77 1968
78 119
78 124
78 128
78 165
78 246
78 259
78 291
78 296
78 310
78 334
78 418
78 466
78 722
78 915
78 1122
78 1171
78 1186
78 1302
78 1410
78 1514
78 1534
78 1730
78 1735
78 1871
78 1892
78 1946
78 1949
79 90
79 91
79 99
79 119
79 135
79 198
79 239
79 243
79 276
79 292
79 349
79 371
79 480
79 705
79 1117
79 1699
79 1707
79 1748
79 1753
79 1924
79 1948
79 1975
80 87
80 140
80 142
80 151
80 171
80 199
80 207
80 241
80 257
80 262
80 281
80 340
80 368
80 385
80 464
80 490
80 525
80 548
80 595
80 598
80 609
80 616
80 627
80 649
80 794
80 819
80 937
80 1063
80 1069
80 1096
80 1183
80 1255
80 1376
80 1462
80 1726
80 1787
80 1910
81 97
81 109
81 142
81 146
81 169
81 183
81 247
81 259
81 261
81 266
81 278
81 283
81 288
81 363
81 425
81 444
81 541
81 629
81 639
81 705
81 724
81 953
81 983
81 1276
81 1467
81 1482
81 1495
81 1499
81 1508
81 1758
81 1832
81 1913
81 1924
82 96
82 127
82 195
82 295
82 308
82 602
82 716
82 763
82 810
82 885
82 897
82 1020
82 1063
82 1289
82 1411
82 1682
83 91
83 154
83 192
83 205
83 221
83 302
83 318
83 391
83 411
83 415
83 418
83 432
83 474
83 511
83 518
83 543
83 550
83 571
83 579
83 630
83 921
83 929
83 1157
83 1166
83 1320
83 1340
83 1807
83 1918
83 1920
84 103
84 112
84 115
84 160
84 221
84 255
84 256
84 295
84 338
84 405
84 421
84 489
84 519
84 542
84 562
84 578
84 631
84 640
84 685
84 807
84 854
84 868
84 949
84 1344
84 1357
84 1394
84 1444
84 1509
84 1560
84 1575
84 1644
84 1708
84 1790
84 1845
84 1899
84 1921
85 94
85 137
85 255
85 263
85 341
85 365
85 609
85 974
85 984
85 1044
85 1078
85 1131
85 1208
85 1260
85 1317
85 1351
85 1873
85 1932
85 1941
85 1954
86 113
86 188
86 205
86 234
86 296
86 327
86 336
86 357
86 470
86 534
86 668
86 680
86 720
86 755
86 778
86 816
86 851
86 869
86 969
86 982
86 1042
86 1478
86 1751
86 1814
86 1819
86 1868
86 1939
86 1972
87 132
87 149
87 179
87 224
87 406
87 516
87 581
87 709
87 718
87 741
87 806
87 821
87 880
87 883
87 1011
87 1083
87 1179
87 1217
87 1240
87 1489
87 1583
87 1619
87 1621
87 1732
87 1862
88 102
88 532
88 555
88 658
88 1074
88 1181
88 1325
88 1509
89 153
89 870
89 1314
90 95
90 107
90 128
90 135
90 147
90 205
90 246
90 249
90 256
90 275
90 337
90 339
90 350
90 396
90 499
90 588
90 665
90 669
90 740
90 820
90 901
90 914
90 927
90 1003
90 1039
90 1083
90 1287
90 1311
90 1400
90 1423
90 1572
90 1636
90 1696
90 1773
90 1935
91 147
91 333
91 534
91 577
91 881
91 1016
92 122
92 126
92 292
92 375
92 411
92 412
92 567
92 604
92 624
92 747
92 984
92 990
92 1189
92 1457
92 1929
93 272
93 290
93 388
93 460
93 538
93 562
93 577
93 622
93 804
93 963
93 1073
93 1146
93 1175
93 1187
93 1438
93 1507
93 1827
94 159
94 167
94 231
94 320
94 419
94 639
94 961
94 968
94 1056
94 1096
94 1258
94 1346
94 1369
94 1562
94 1953
95 105
95 135
95 167
95 209
95 210
95 322
95 366
95 402
95 423
95 453
95 463
95 535
95 546
95 646
95 690
95 828
95 925
95 1022
95 1042
95 1129
95 1345
95 1403
95 1439
95 1528
95 1582
95 1633
95 1711
95 1935
96 111
96 135
96 163
96 169
96 341
96 427
96 442
96 498
96 589
96 676
96 695
96 725
96 751
96 812
96 968
96 1012
96 1013
96 1140
96 1416
96 1651
96 1701
96 1723
96 1883
96 1920
96 1972
97 104
97 143
97 156
97 181
97 414
97 542
97 620
97 621
97 1400
97 1452
97 1589
97 1688
98 99
98 148
98 173
98 194
98 211
98 240
98 314
98 315
98 319
98 332
98 340
98 358
98 389
98 425
98 601
98 651
98 687
98 707
98 803
98 825
98 834
98 866
98 1209
98 1379
98 1394
98 1507
98 1533
98 1605
98 1878
99 101
99 126
99 131
99 136
99 267
99 309
99 505
99 722
99 1014
99 1020
99 1156
99 1347
99 1393
99 1466
99 1658
99 1780
100 270
100 378
100 511
100 648
100 1006
100 1371
100 1641
101 145
101 195
101 219
101 381
101 398
101 408
101 470
101 529
101 674
101 677
101 1046
101 1066
101 1233
101 1307
101 1319
101 1392
101 1482
101 1648
101 1780
101 1956
102 117
102 136
102 138
102 213
102 563
102 848
102 942
102 1386
102 1473
102 1510
102 1617
102 1678
102 1690
103 176
103 179
103 200
103 416
103 493
103 530
103 599
103 620
103 742
103 965
103 1005
103 1025
103 1114
103 1215
103 1223
103 1316
103 1370
103 1443
103 1481
103 1486
103 1543
103 1598
103 1660
103 1776
104 105
104 122
104 267
104 290
104 341
104 399
104 481
104 492
104 928
104 997
104 1147
104 1153
104 1348
104 1651
104 1656
104 1822
104 1911
105 184
105 222
105 326
105 405
105 818
105 868
105 1081
105 1307
105 1351
105 1473
106 152
106 159
106 207
106 210
106 346
106 347
106 388
106 807
106 1005
106 1006
106 1070
106 1121
106 1573
107 178
107 301
107 304
107 333
107 350
107 506
107 515
107 539
107 587
107 594
107 656
107 675
107 706
107 727
107 738
107 754
107 820
107 855
107 894
107 1094
107 1179
107 1534
107 1543
107 1616
107 1816
107 1828
107 1922
108 153
108 175
108 213
108 306
108 316
108 329
108 335
108 448
108 495
108 531
108 774
108 997
108 1254
108 1333
108 1380
108 1454
108 1627
108 1854
108 1891
109 121
109 147
109 237
109 261
109 403
109 424
109 708
109 733
109 930
109 996
109 1023
109 1046
109 1093
109 1238
109 1446
109 1656
110 140
110 226
110 229
110 291
110 292
110 295
110 308
110 316
110 361
110 372
110 386
110 399
110 459
110 471
110 618
110 633
110 723
110 745
110 752
110 788
110 801
110 887
110 895
110 978
110 1009
110 1368
110 1417
110 1497
110 1533
110 1611
110 1785
111 118
111 159
111 180
111 334
111 400
111 467
111 666
111 673
111 1141
111 1166
111 1264
111 1290
111 1492
112 212
112 220
112 289
112 295
112 311
112 315
112 383
112 426
112 458
112 567
112 644
112 714
112 764
112 802
112 1068
112 1157
112 1400
112 1513
112 1611
112 1666
112 1734
112 1774
112 1929
112 1931
113 158
113 241
113 287
113 331
113 461
113 581
113 637
113 911
113 1010
113 1105
113 1115
113 1276
113 1340
113 1864
114 124
114 273
114 288
114 406
114 929
114 1018
114 1206
115 148
115 192
115 235
115 402
115 426
115 497
115 530
115 647
115 680
115 694
115 808
115 873
115 875
115 944
115 1999
116 224
116 263
116 409
116 439
116 569
116 643
116 650
116 698
116 754
116 776
116 867
116 938
116 1365
116 1419
116 1510
116 1579
116 1794
116 1832
116 1838
117 239
117 243
117 249
117 261
117 287
117 326
117 351
117 405
117 410
117 446
117 483
117 491
117 678
117 690
117 762
117 859
117 946
117 998
117 1308
117 1368
117 1543
117 1670
117 1856
117 1923
117 1940
118 149
118 441
118 764
118 1135
118 1831
119 136
119 161
119 206
119 484
119 566
119 679
119 718
119 891
119 936
119 1082
119 1192
119 1305
119 1527
119 1561
120 134
120 217
120 243
120 500
120 675
120 905
120 1133
120 1226
120 1456
120 1538
120 1654
120 1827
120 1931
121 129
121 141
121 188
121 197
121 233
121 247
121 298
121 389
121 407
121 465
121 513
121 586
121 649
121 732
121 926
121 1089
121 1171
121 1272
121 1351
121 1417
121 1554
121 1578
121 1766
121 1805
121 1970
122 164
122 223
122 537
122 1028
122 1118
122 1250
122 1809
123 185
123 216
123 276
123 300
123 420
123 443
123 477
123 491
123 527
123 661
123 671
123 682
123 709
123 729
123 777
123 791
123 806
123 932
123 991
123 1039
123 1185
123 1231
123 1378
123 1664
123 1677
123 1772
124 137
124 154
124 230
124 238
124 250
124 283
124 355
124 358
124 364
124 394
124 514
124 557
124 565
124 623
124 766
124 1061
124 1092
124 1138
124 1139
124 1221
124 1279
124 1337
124 1407
124 1434
124 1481
124 1489
124 1561
124 1633
124 1730
124 1738
124 1799
124 1806
124 1850
124 1930
124 1958
124 1990
125 191
125 469
125 585
125 775
125 1107
125 1409
125 1545
125 1546
125 1604
125 1920
125 1982
126 242
126 331
126 512
126 1346
126 1623
126 1995
127 141
127 157
127 163
127 186
127 190
127 193
127 198
127 200
127 221
127 274
127 284
127 303
127 332
127 336
127 340
127 390
127 417
127 436
127 442
127 487
127 500
127 523
127 535
127 553
127 583
127 628
127 683
127 703
127 744
127 782
127 824
127 826
127 842
127 857
127 874
127 931
127 978
127 1038
127 1058
127 1100
127 1143
127 1195
127 1197
127 1333
127 1344
127 1355
127 1382
127 1412
127 1420
127 1478
127 1499
127 1500
127 1601
127 1673
127 1743
127 1773
127 1796
127 1844
127 1924
128 137
128 160
128 714
128 767
128 959
128 992
128 997
128 1034
128 1078
128 1091
128 1338
129 224
129 358
129 439
129 1011
129 1304
129 1421
129 1573
130 148
130 245
130 304
130 363
130 391
130 461
130 464
130 565
130 575
130 1029
130 1242
130 1252
130 1288
130 1496
130 1831
130 1853
130 1861
130 1923
130 1977
131 195
131 306
131 759
131 792
131 1184
131 1360
131 1591
132 206
132 337
132 361
132 478
132 639
132 748
132 983
132 1257
132 1415
132 1768
133 166
133 288
133 369
133 443
133 665
133 673
133 836
133 919
133 1177
133 1267
133 1352
134 464
134 485
134 732
134 748
134 1040
134 1042
134 1682
134 1786
134 1878
135 285
135 438
135 464
135 640
135 672
135 811
135 926
135 1053
135 1192
135 1755
135 1911
135 1978
136 144
136 184
136 262
136 294
136 320
136 348
136 453
136 547
136 573
136 694
136 736
136 892
136 1339
136 1591
136 1657
136 1667
136 1672
136 1844
137 190
137 332
137 367
137 1059
137 1079
137 1224
137 1397
137 1492
137 1787
138 180
138 234
138 356
138 549
138 637
138 706
138 752
138 764
138 765
138 851
138 893
138 956
138 1185
138 1461
138 1826
138 1835
138 1985
139 155
139 157
139 236
139 296
139 346
139 527
139 591
139 650
139 750
139 931
139 967
139 1829
139 1854
140 174
140 227
140 672
140 682
140 873
140 948
140 962
141 215
141 301
141 429
141 440
141 1154
141 1239
141 1273
141 1820
142 392
142 397
142 489
142 585
142 694
142 787
142 911
142 1301
142 1488
142 1566
142 1661
142 1870
143 202
143 310
143 404
143 482
143 662
143 772
143 819
143 1021
143 1043
143 1121
143 1487
143 1501
143 1551
144 236
144 692
144 924
144 1081
144 1259
144 1570
144 1638
145 176
145 196
145 322
145 329
145 398
145 580
145 668
145 977
145 1745
145 1778
146 155
146 174
146 231
146 337
146 367
146 428
146 539
146 984
146 1017
146 1049
146 1118
146 1146
146 1353
146 1420
146 1697
147 163
147 171
147 174
147 184
147 190
147 210
147 236
147 353
147 444
147 484
147 529
147 780
147 812
147 839
147 892
147 1114
147 1181
147 1268
147 1370
147 1769
147 1863
148 254
148 655
148 1310
148 1390
148 1645
149 219
149 408
149 430
149 451
149 800
149 970
150 158
150 239
150 325
150 420
150 435
150 437
150 468
150 506
150 782
150 957
150 989
151 199
151 385
151 714
151 1056
151 1753
152 239
152 247
152 688
152 1025
153 201
153 222
153 280
153 408
153 426
153 508
153 701
153 820
153 1310
153 1698
153 1777
153 1897
154 163
154 188
154 259
154 294
154 405
154 408
154 412
154 493
154 499
154 564
154 696
154 847
154 895
154 917
154 918
154 942
154 962
154 1049
154 1090
154 1112
154 1175
154 1353
154 1478
154 1530
154 1573
154 1582
154 1785
154 1867
155 185
155 1160
155 1309
155 1455
155 1503
156 208
156 262
156 356
156 377
156 393
156 404
156 447
156 537
156 698
156 734
156 790
156 898
156 1068
156 1146
156 1240
156 1350
156 1569
156 1587
156 1703
156 1913
157 177
157 246
157 625
157 985
157 1566
158 194
158 231
158 271
158 328
158 335
158 450
158 483
158 528
158 762
158 1063
158 1425
158 1509
158 1628
158 1752
159 214
159 218
159 293
159 302
159 304
159 332
159 401
159 502
159 533
159 669
159 754
159 845
159 881
159 1001
159 1022
159 1453
159 1516
159 1623
159 1883
159 1886
159 1918
160 165
160 177
160 194
160 255
160 263
160 269
160 272
160 273
160 293
160 443
160 502
160 882
160 942
160 1026
160 1186
160 1199
160 1247
160 1314
160 1364
160 1526
160 1557
160 1668
160 1829
160 1915
160 1952
160 1989
161 175
161 212
161 343
161 403
161 421
161 603
161 660
161 903
161 993
161 1053
161 1092
161 1110
161 1155
161 1307
161 1688
162 239
162 326
162 330
162 402
162 506
162 536
162 756
162 856
162 1069
162 1155
162 1242
162 1265
162 1847
162 1952
163 229
163 299
163 1078
163 1215
163 1337
164 181
164 229
164 289
164 291
164 429
164 432
164 475
164 621
164 679
164 723
164 929
164 936
164 1270
164 1356
164 1492
164 1806
165 167
165 230
165 291
165 334
165 428
165 433
165 591
165 907
165 944
165 1086
165 1137
165 1373
165 1413
165 1881
166 216
166 556
166 660
166 770
166 825
166 885
166 1147
166 1266
166 1278
166 1308
166 1908
166 1948
167 202
167 204
167 217
167 271
167 415
167 987
167 1040
167 1180
167 1188
167 1347
167 1450
168 171
168 238
168 256
168 294
168 452
168 595
168 638
168 697
168 753
168 829
168 1031
168 1051
168 1088
168 1132
168 1306
168 1313
168 1421
168 1531
168 1615
168 1719
168 1996
169 197
169 423
169 622
169 1157
169 1381
169 1593
169 1627
169 1789
170 1512
170 1653
170 1841
171 318
171 417
171 431
171 532
171 548
171 632
171 842
171 1083
171 1142
171 1204
171 1363
171 1440
171 1697
171 1968
172 238
172 329
172 345
172 396
172 767
172 874
172 1143
172 1395
172 1490
172 1639
172 1659
172 1893
173 254
173 266
173 318
173 330
173 368
173 454
173 501
173 561
173 617
173 861
173 921
173 1027
173 1161
173 1175
173 1322
173 1331
173 1490
173 1699
173 1768
173 1822
174 194
174 203
174 442
174 469
174 495
174 530
174 555
174 602
174 841
174 994
174 1052
174 1085
174 1105
174 1192
174 1564
174 1635
174 1689
174 1740
174 1810
175 241
175 321
175 553
175 743
175 830
175 951
175 1122
175 1205
175 1941
176 1410
177 257
177 265
177 301
177 460
177 523
177 610
177 711
177 814
177 1123
178 212
178 258
178 270
178 443
178 451
178 465
178 506
178 566
178 614
178 663
178 675
178 842
178 1067
178 1152
178 1330
178 1385
178 1550
178 1566
178 1670
178 1735
178 1751
178 1802
178 1857
178 1861
178 1961
179 283
179 324
179 361
179 430
179 454
179 489
179 617
179 771
179 959
179 1035
179 1036
179 1049
179 1125
179 1234
179 1438
179 1511
179 1643
179 1789
179 1977
180 354
180 603
180 665
180 783
180 1127
180 1160
181 191
181 209
181 284
181 297
181 355
181 517
181 692
181 805
181 875
181 883
181 1088
181 1091
181 1136
181 1361
181 1520
181 1585
181 1660
181 1837
181 1922
182 244
182 315
182 355
182 623
182 794
182 959
182 982
182 1424
183 218
183 274
183 308
183 356
183 544
183 556
183 731
183 948
183 993
183 1065
183 1077
183 1230
183 1644
183 1645
183 1751
183 1915
184 211
184 297
184 586
184 827
184 1034
184 1644
185 427
185 468
185 495
185 906
185 1686
185 1726
186 237
186 331
186 339
186 487
186 586
186 627
186 679
186 740
186 908
186 1202
187 269
187 410
187 451
187 465
187 489
187 498
187 688
187 709
187 885
187 888
187 983
187 1375
187 1469
188 196
188 235
188 258
188 359
188 418
188 447
188 528
188 530
188 558
188 621
188 695
188 944
188 981
188 1044
188 1166
188 1185
188 1304
188 1401
188 1623
188 1846
188 1919
189 311
189 668
189 817
189 1252
189 1255
189 1465
190 276
190 288
190 432
190 498
190 630
190 632
190 680
190 721
190 909
190 1007
190 1377
190 1564
190 1700
190 1762
191 362
191 404
191 411
191 893
191 1135
191 1702
192 387
192 727
192 1303
192 1798
193 251
193 498
193 609
193 855
193 1336
193 1874
194 214
194 226
194 510
194 527
194 696
194 850
194 928
194 1097
194 1171
194 1174
194 1624
194 1926
194 1930
194 1957
195 657
195 863
195 940
195 1233
195 1277
196 275
196 296
196 327
196 345
196 479
196 565
196 971
196 1157
196 1280
196 1393
196 1574
196 1770
197 268
197 342
197 499
197 630
197 635
197 816
197 923
197 973
197 1057
197 1182
197 1216
197 1250
197 1356
197 1362
197 1380
197 1396
197 1447
197 1519
197 1683
197 1942
198 335
198 606
198 659
198 805
198 1216
198 1242
198 1271
198 1558
198 1855
198 1917
199 266
199 309
199 333
199 336
199 470
199 568
199 678
199 830
199 872
199 958
199 991
199 1059
199 1136
199 1292
199 1497
199 1585
199 1845
200 260
200 343
200 347
200 376
200 386
200 410
200 447
200 475
200 496
200 613
200 858
200 933
200 1142
200 1272
200 1297
200 1448
200 1595
201 209
201 285
201 288
201 340
201 381
201 437
201 544
201 731
201 786
201 923
201 950
201 1238
201 1821
202 335
202 491
202 1223
202 1610
202 1628
203 380
203 427
203 612
203 622
203 667
203 672
203 815
203 973
203 1058
203 1143
203 1949
203 1993
204 277
204 389
204 524
204 574
204 742
204 1037
204 1359
204 1378
204 1641
204 1730
205 214
205 240
205 268
205 344
205 348
205 358
205 375
205 403
205 451
205 468
205 485
205 512
205 721
205 837
205 860
205 1014
205 1156
205 1177
205 1218
205 1517
205 1639
205 1903
205 1993
206 448
206 471
206 670
206 712
206 851
206 1014
206 1708
206 1746
206 1887
206 1951
207 370
207 666
207 710
207 712
207 825
207 879
207 1390
208 244
208 452
208 773
208 816
209 233
209 261
209 278
209 415
209 523
209 558
209 638
209 648
209 659
209 695
209 705
209 797
209 882
209 937
209 992
209 1035
209 1051
209 1110
209 1211
209 1254
209 1323
209 1335
209 1447
209 1473
209 1503
209 1603
209 1779
209 1795
209 1947
209 1981
210 273
210 287
210 320
210 416
210 503
210 924
210 1020
210 1455
211 313
211 333
211 563
211 593
211 731
211 771
211 847
211 1040
211 1354
211 1515
211 1938
212 377
212 411
212 506
212 533
212 567
212 602
212 1395
212 1405
212 1615
212 1707
212 1752
213 338
213 354
213 422
213 537
213 580
213 627
213 775
213 911
213 1022
213 1184
213 1206
213 1253
213 1527
213 1726
213 1736
213 1751
213 1902
213 1988
214 319
214 783
214 1079
214 1447
214 1596
215 296
215 403
215 524
215 725
215 768
215 983
215 1162
215 1740
215 1821
216 260
216 1547
216 1577
216 1647
217 275
217 284
217 804
217 811
217 820
217 917
217 922
217 1282
217 1405
217 1422
217 1853
217 1909
218 224
218 234
218 440
218 793
218 958
218 973
218 1263
218 1327
218 1430
218 1955
219 232
219 326
219 418
219 482
219 494
219 636
219 822
219 918
219 1067
219 1107
219 1211
219 1480
219 1604
219 1646
219 1723
219 1768
219 1843
220 303
220 508
220 584
220 1226
220 1297
220 1882
221 291
221 366
221 818
221 862
221 880
221 960
221 1012
221 1343
221 1974
222 327
222 660
222 736
222 896
222 1121
222 1681
223 521
223 522
223 614
223 616
223 652
223 830
223 980
223 994
223 1209
223 1600
223 1629
223 1738
223 1747
224 616
224 634
224 857
224 980
225 578
225 599
225 694
225 799
225 845
225 1647
225 1741
225 1801
226 553
226 610
226 718
226 963
226 1000
226 1248
226 1262
226 1360
226 1642
226 1750
226 1862
226 1983
227 232
227 259
227 278
227 379
227 577
227 701
227 1102
227 1338
227 1350
228 480
228 490
228 849
228 1305
228 1423
229 246
229 299
229 353
229 369
229 380
229 592
229 624
229 707
229 760
229 809
229 864
229 969
229 1099
229 1144
229 1150
229 1169
229 1636
229 1984
230 458
230 770
230 881
230 890
230 1461
231 344
231 387
231 425
231 590
231 761
231 805
231 869
231 969
231 1274
231 1442
232 444
232 470
232 1081
232 1577
232 1827
232 1899
233 1023
233 1095
233 1291
233 1414
233 1604
234 248
234 272
234 339
234 346
234 359
234 407
234 415
234 436
234 502
234 504
234 563
234 587
234 666
234 681
234 715
234 912
234 921
234 951
234 1029
234 1033
234 1142
234 1253
234 1286
234 1327
234 1430
234 1646
234 1803
235 262
235 266
235 320
235 446
235 462
235 615
235 655
235 729
235 756
235 1052
235 1130
235 1142
235 1173
235 1360
235 1385
235 1761
236 321
236 367
236 453
236 580
236 652
236 686
236 696
236 713
236 807
236 906
236 1387
236 1667
236 1872
236 1873
237 268
237 284
237 317
237 318
237 351
237 409
237 434
237 561
237 871
237 1064
237 1386
237 1612
237 1743
237 1928
238 349
238 388
238 531
238 540
238 687
238 839
238 1186
238 1225
238 1245
238 1270
238 1373
238 1502
238 1539
238 1648
238 1961
239 342
239 359
239 424
239 487
239 597
239 1003
239 1468
239 1925
240 496
240 570
240 615
240 632
240 684
240 861
240 947
240 986
240 1384
240 1727
240 1771
240 1808
240 1818
240 1819
240 1947
241 367
241 442
241 804
241 853
241 908
241 1189
241 1236
241 1340
241 1794
241 1960
242 297
242 307
242 317
242 476
242 546
242 562
242 579
242 606
242 715
242 735
242 768
242 833
242 882
242 896
242 902
242 1193
242 1428
242 1895
243 279
243 324
243 327
243 490
243 508
243 827
243 931
243 1001
243 1285
243 1290
243 1334
243 1399
243 1531
243 1858
243 1877
244 531
244 544
244 677
244 772
244 1035
244 1094
244 1427
244 1615
244 1649
245 706
245 750
245 876
245 889
245 1432
245 1569
245 1804
245 1859
245 1903
246 565
246 721
246 836
246 1787
247 494
247 509
247 806
247 844
247 1133
247 1437
247 1613
247 1679
248 289
248 302
248 349
248 432
248 545
248 1276
248 1565
249 313
249 802
249 1191
249 1554
249 1620
249 1752
250 492
250 689
250 791
250 1064
250 1100
250 1278
250 1358
250 1611
250 1987
251 633
251 1023
251 1130
251 1269
251 1460
251 1494
251 1843
251 1919
251 1971
252 274
252 1122
252 1656
253 322
253 353
253 450
253 457
253 504
253 542
253 645
253 684
253 703
253 884
253 1154
253 1449
253 1472
253 1526
253 1734
253 1752
254 256
254 382
254 439
254 440
254 563
254 659
254 695
254 700
254 806
254 878
254 1056
254 1084
254 1263
254 1320
254 1418
254 1624
255 338
255 422
255 513
255 626
255 737
255 747
255 837
255 1032
255 1217
255 1719
255 1750
256 317
256 623
256 851
256 1211
256 1358
256 1547
256 1583
256 1679
257 279
257 416
257 477
257 500
257 788
257 888
258 260
258 433
258 846
258 1389
259 304
259 330
259 419
259 456
259 518
259 572
259 585
259 722
259 915
259 1039
259 1097
259 1459
259 1733
259 1943
260 392
260 786
260 1022
260 1039
260 1101
260 1275
260 1316
261 311
261 364
261 373
261 460
261 671
261 1044
261 1366
261 1591
262 299
262 395
262 564
262 570
262 600
262 703
262 734
262 811
262 989
262 1050
262 1246
262 1310
262 1371
262 1510
262 1673
263 328
263 357
263 391
263 597
263 690
263 804
263 946
263 1130
263 1800
263 1877
265 370
265 456
265 483
265 508
265 510
265 894
265 1524
265 1535
265 1693
265 1841
265 1894
265 1998
266 434
267 345
267 1005
267 1200
267 1293
267 1475
267 1931
268 430
268 488
268 617
268 718
268 798
269 440
269 505
269 708
269 760
269 796
269 925
269 1041
269 1751
269 1823
270 400
270 823
270 864
270 1632
271 390
271 402
271 588
271 625
271 691
271 1116
271 1123
271 1194
271 1229
271 1244
271 1584
271 1596
271 1597
271 1632
271 1659
271 1824
271 1928
272 280
272 331
272 569
272 893
272 1026
272 1651
272 1685
273 292
273 298
273 362
273 408
273 677
273 935
273 1288
273 1568
273 1592
273 1692
273 1746
273 1883
273 1984
274 349
274 378
274 412
274 871
274 873
274 1041
274 1087
274 1269
274 1574
274 1657
275 314
275 420
275 577
275 717
275 803
275 1406
276 361
276 798
276 995
276 1244
276 1430
276 1928
276 1996
277 484
277 1315
277 1372
277 1671
277 1720
277 1786
278 425
278 607
278 732
278 1153
278 1154
278 1221
278 1525
278 1574
278 1724
278 1859
279 298
279 316
279 333
279 559
279 693
279 848
279 1080
279 1505
279 1541
279 1690
279 1988
280 309
280 435
280 462
280 896
280 1139
280 1280
280 1491
280 1805
280 1876
281 305
281 352
281 373
281 457
281 501
281 578
281 664
281 1038
281 1093
281 1107
281 1119
281 1177
282 357
282 435
282 441
282 490
282 568
282 643
282 663
282 691
282 868
282 1332
282 1541
282 1750
282 1817
282 1880
282 1904
283 312
283 629
283 857
283 1213
283 1461
283 1518
283 1599
283 1630
284 319
284 352
284 363
284 472
284 671
284 1074
284 1120
284 1608
284 1815
284 1838
285 308
285 440
285 526
285 558
285 768
285 1661
286 415
286 590
287 366
287 699
287 764
287 779
287 937
287 1072
287 1097
287 1102
287 1425
287 1879
288 381
288 435
288 467
288 1512
288 1848
289 323
289 325
289 477
289 496
289 515
289 559
289 911
289 966
289 972
289 1041
289 1218
289 1329
289 1352
289 1372
289 1570
289 1669
289 1727
289 1759
289 1951
290 461
290 647
290 774
290 993
290 1549
291 386
291 413
291 482
291 535
291 555
291 782
291 967
291 972
291 1054
291 1287
291 1710
291 1745
291 1847
292 873
292 1006
292 1123
292 1471
292 1601
293 653
293 843
293 1688
293 1867
293 1871
294 616
294 653
294 912
294 1018
294 1282
294 1804
294 1816
294 1836
294 1905
295 352
295 395
295 480
295 815
295 865
295 889
295 1079
295 1168
295 1368
296 305
296 434
296 455
296 546
296 711
296 753
296 898
296 1170
296 1181
296 1273
296 1413
296 1617
296 1668
296 1684
296 1811
296 1819
296 1925
296 1961
296 1994
297 484
297 584
297 642
297 716
297 843
297 980
297 1054
297 1187
297 1350
297 1386
297 1457
297 1480
297 1596
297 1693
298 395
298 561
298 613
298 1159
298 1276
298 1893
299 378
299 625
299 802
300 647
300 1140
300 1816
301 455
301 575
301 996
301 1333
301 1519
301 1793
302 598
302 1790
303 761
303 988
303 1154
303 1265
303 1428
303 1436
303 1630
304 427
304 452
304 514
304 527
304 574
304 597
304 618
304 795
304 1283
304 1293
304 1629
304 1744
305 543
305 1175
305 1660
305 1988
306 393
306 864
306 1849
306 1875
306 1890
307 587
307 593
307 701
307 854
307 1513
307 1901
308 357
308 428
308 479
308 849
308 886
308 966
308 1061
308 1230
308 1440
308 1476
308 1544
308 1698
309 376
309 662
309 755
309 978
309 1169
309 1228
309 1250
309 1725
309 1803
309 1980
310 315
310 383
310 384
310 430
310 527
310 578
310 656
310 749
310 772
310 955
310 1006
310 1123
310 1190
310 1286
310 1371
310 1411
310 1524
310 1538
310 1875
311 386
311 613
311 650
311 737
311 938
311 1359
311 1450
311 1459
311 1998
312 400
312 412
312 429
312 599
312 618
312 667
312 793
312 813
312 830
312 1045
312 1291
312 1295
312 1303
312 1556
312 1619
312 1707
312 1789
312 1892
312 1899
312 1972
313 434
313 510
313 1637
314 327
314 347
314 390
314 454
314 484
314 490
314 531
314 594
314 721
314 862
314 888
314 1104
314 1233
314 1563
314 1742
315 354
315 406
315 474
315 486
315 528
315 546
315 676
315 940
315 964
315 1236
315 1241
315 1390
315 1637
315 1650
316 412
316 548
316 611
316 668
316 860
316 967
316 1000
316 1002
316 1053
316 1090
316 1200
316 1650
316 1737
317 361
317 569
317 717
317 847
317 1628
318 919
318 961
318 975
318 1019
318 1253
318 1299
318 1517
318 1520
318 1579
318 1593
318 1727
319 890
319 920
319 1463
319 1466
319 1702
320 674
320 805
320 856
320 879
320 1023
320 1074
320 1132
320 1145
320 1186
320 1288
320 1383
320 1391
320 1593
320 1834
320 1964
321 1670
322 334
322 449
322 649
322 1057
322 1258
322 1300
322 1383
322 1528
322 1718
322 1930
323 417
323 1467
324 359
324 605
324 618
324 832
324 841
324 1029
324 1194
324 1214
324 1539
324 1605
324 1847
324 1878
325 380
325 539
325 750
325 903
325 1275
325 1328
325 1713
326 456
326 1833
327 386
327 426
327 730
327 792
327 852
327 1188
327 1298
327 1859
328 377
328 475
328 637
328 652
328 877
328 947
328 1058
328 1169
328 1176
328 1323
328 1433
328 1504
328 1532
328 1552
328 1664
328 1687
328 1786
329 467
329 485
329 732
329 1684
329 1757
329 1900
330 504
330 940
331 463
331 691
331 1432
331 1637
331 1846
332 583
332 620
332 730
332 818
332 958
332 1586
332 1612
332 1691
332 1858
332 1876
333 372
333 410
333 445
333 507
333 683
333 749
333 750
333 874
333 883
333 917
333 930
333 1002
333 1055
333 1196
333 1198
333 1408
333 1458
333 1493
333 1663
333 1818
333 1848
333 1855
333 1914
333 1938
333 1993
334 384
334 409
334 486
334 503
334 599
334 624
334 757
334 1038
334 1716
334 1932
335 882
335 1311
335 1839
336 426
336 758
336 1082
336 1106
336 1116
336 1157
336 1199
336 1582
336 1716
337 553
337 867
337 1239
337 1288
337 1332
337 1839
338 366
338 1880
339 410
339 645
339 676
339 1000
339 1074
339 1282
339 1450
339 1722
339 1908
340 366
340 518
340 638
340 734
340 893
340 1033
340 1320
340 1323
341 414
341 529
341 540
341 887
341 912
341 1124
341 1133
341 1198
341 1226
341 1731
341 1887
341 1930
342 345
342 533
342 817
342 1196
342 1456
342 1665
342 1741
343 353
343 358
343 430
343 657
343 736
343 738
343 765
343 997
343 1084
343 1270
343 1385
343 1659
343 1697
343 1782
343 1815
343 1880
343 1912
343 1926
344 456
344 597
344 944
344 946
344 960
344 1070
344 1163
344 1176
344 1497
344 1500
344 1529
345 346
345 360
345 437
345 446
345 520
345 655
345 849
345 918
345 1113
345 1159
345 1368
345 1459
345 1702
345 1823
346 371
346 414
346 839
346 977
346 1452
346 1453
346 1850
347 370
347 501
347 550
347 575
347 642
347 932
347 979
347 1999
348 619
348 785
348 841
348 1616
348 1636
349 364
349 466
349 756
349 758
349 765
349 1236
349 1291
350 414
350 635
350 886
350 913
350 1207
351 846
351 877
351 1629
352 381
352 665
352 756
352 833
352 913
352 1381
352 1558
352 1917
353 697
353 1379
353 1550
353 1786
353 1787
353 1856
354 769
354 1081
354 1105
354 1770
354 1882
355 662
355 858
355 915
355 1403
355 1599
355 1612
356 589
356 598
356 600
356 1557
356 1620
356 1894
357 438
357 517
357 545
357 573
357 595
357 630
357 666
357 824
357 1008
357 1166
357 1385
357 1522
357 1533
357 1660
357 1904
358 388
358 493
358 614
358 1068
358 1383
358 1846
358 1896
359 368
359 906
360 765
360 1090
360 1178
360 1973
361 466
361 1334
361 1392
362 370
362 616
362 715
362 766
362 866
362 1402
362 1435
362 1458
362 1772
363 702
363 735
363 1389
363 1532
363 1802
363 1904
364 592
364 609
364 832
364 1148
364 1542
364 1709
365 395
365 657
365 700
365 912
365 1025
365 1230
365 1342
365 1426
365 1815
366 651
366 653
366 821
366 840
366 883
366 1164
366 1369
366 1414
367 545
367 580
367 628
367 742
367 763
367 1131
367 1545
367 1864
367 1905
368 427
369 955
369 1324
369 1343
370 385
370 452
370 541
370 547
370 685
370 773
370 799
370 878
370 1048
370 1050
370 1913
371 540
371 605
371 815
371 1088
371 1344
371 1613
371 1757
372 392
372 428
372 474
372 511
372 523
372 525
372 724
372 751
372 916
372 950
372 990
372 1256
372 1323
372 1709
373 789
373 1281
373 1514
373 1933
374 473
374 693
374 930
374 1313
375 1158
375 1363
375 1520
375 1908
376 560
376 902
376 1023
376 1180
376 1639
376 1749
376 1892
377 667
377 1089
377 1426
377 1680
377 1778
378 399
378 1018
378 1223
378 1326
378 1489
378 1722
378 1858
378 1971
379 532
379 604
379 796
379 1416
379 1462
379 1610
379 1746
380 534
380 860
380 1173
380 1595
380 1820
381 431
381 1374
381 1777
382 420
382 462
382 605
382 745
382 814
382 880
382 1152
382 1294
382 1384
382 1599
382 1619
382 1860
383 491
383 596
383 659
383 783
383 1540
384 468
384 520
384 534
384 719
384 762
384 777
384 837
384 1092
384 1363
385 1214
385 1299
385 1812
386 492
386 866
386 1007
386 1440
386 1665
387 515
387 774
387 778
387 928
387 954
388 1759
388 1777
388 1964
389 443
389 612
389 629
389 631
389 705
389 816
389 1791
390 401
390 436
390 618
390 748
390 1552
391 503
391 558
391 564
391 704
391 1115
391 1185
391 1235
391 1487
392 840
392 1043
392 1296
392 1399
392 1458
392 1485
392 1673
392 1889
393 781
393 1139
393 1800
394 467
394 673
394 758
394 794
394 1207
394 1332
394 1590
394 1869
394 1989
395 644
395 849
395 853
395 869
395 968
395 1129
395 1427
395 1647
395 1778
396 488
396 903
396 1127
396 1380
396 1451
397 558
397 559
397 571
397 844
397 903
397 1050
397 1148
397 1394
397 1819
398 1147
398 1149
398 1261
398 1317
398 1460
398 1741
398 1747
398 1979
399 512
399 574
399 700
399 790
399 923
399 1105
399 1349
399 1524
399 1542
400 552
400 648
400 723
400 821
400 993
400 1208
400 1532
400 1835
401 448
401 560
401 784
401 922
401 1011
401 1436
401 1663
402 738
402 1417
402 1763
403 612
403 1289
403 1680
404 494
404 982
404 1534
405 439
405 513
405 515
405 568
405 571
405 730
405 836
405 850
405 904
405 1260
405 1292
405 1422
406 1255
406 1543
407 661
407 711
407 794
407 818
407 821
407 854
407 976
407 989
407 1193
407 1361
407 1412
407 1630
407 1633
407 1849
407 1994
408 897
409 1166
409 1652
409 1718
410 473
410 582
410 1713
411 497
411 525
411 973
411 1164
411 1279
412 615
412 633
412 1196
412 1245
412 1279
412 1709
412 1784
413 1442
414 438
414 1274
414 1904
415 416
415 449
415 514
415 526
415 817
416 472
416 582
416 606
416 652
416 700
416 783
416 831
416 868
416 919
416 1419
416 1546
417 593
417 803
417 860
417 894
417 1128
417 1204
417 1349
417 1521
417 1936
418 501
418 513
418 831
418 1430
418 1746
418 1915
419 711
419 735
419 902
419 926
419 942
419 976
419 987
419 1003
419 1353
420 582
420 773
420 988
420 1078
420 1161
420 1210
420 1296
420 1301
420 1609
420 1923
421 564
421 776
421 919
421 1311
421 1328
421 1391
421 1476
421 1812
421 1902
421 1942
422 450
422 596
422 676
422 695
422 1557
422 1578
422 1738
423 727
423 753
423 855
423 1047
423 1564
423 1647
424 510
424 513
424 1063
424 1283
424 1560
424 1797
424 1934
425 491
425 522
425 713
425 755
425 890
425 985
425 1182
425 1313
425 1471
426 471
426 635
426 861
426 895
426 947
426 980
426 1058
426 1291
426 1622
426 1851
426 1867
426 1875
427 828
428 614
428 1622
429 744
429 774
429 954
429 1099
429 1558
429 1595
430 509
430 531
430 797
430 900
430 933
430 970
430 972
430 1076
430 1134
430 1594
430 1654
431 576
431 705
431 1724
432 519
432 543
432 588
432 769
432 850
432 1047
432 1051
432 1058
432 1592
432 1985
433 591
433 752
434 789
434 1114
434 1706
434 1920
435 743
435 952
435 953
435 1038
435 1060
436 442
436 573
436 735
436 743
436 1676
436 1828
437 475
437 749
437 865
437 1203
437 1323
437 1434
437 1451
437 1659
437 1710
438 537
438 810
438 857
438 923
438 1125
438 1279
438 1628
438 1842
439 992
439 1168
439 1496
439 1517
439 1661
440 486
440 624
440 710
440 813
440 1001
440 1397
440 1502
440 1618
441 552
441 654
441 1426
441 1740
442 617
442 757
442 1035
443 507
443 581
443 658
443 682
443 1306
443 1603
444 1232
444 1685
445 486
445 1084
445 1227
447 471
447 596
447 632
447 683
447 1228
447 1498
447 1541
447 1906
447 1933
448 713
448 819
448 1189
449 472
449 549
449 744
449 969
449 972
449 975
449 988
449 1471
449 1716
449 1734
449 1995
450 1605
451 479
451 674
451 809
451 829
451 1368
452 955
452 1119
452 1571
452 1876
453 471
453 505
453 549
453 615
453 848
453 1224
454 483
454 554
454 849
454 1021
454 1161
454 1221
454 1643
455 916
455 1047
457 664
457 729
457 790
457 1729
457 1826
457 1834
458 485
458 834
459 516
459 810
459 846
459 1060
459 1156
460 760
460 1206
460 1673
460 1910
461 767
461 1010
461 1676
462 479
462 509
462 521
462 786
462 1028
462 1153
462 1314
462 1695
462 1995
463 844
463 1051
463 1086
463 1096
463 1728
463 1868
464 1110
464 1139
464 1240
464 1258
465 557
465 957
465 1116
465 1563
466 572
466 760
466 1026
466 1222
466 1283
466 1495
466 1520
466 1649
466 1843
467 629
467 644
467 888
467 1028
467 1117
467 1191
467 1328
467 1440
467 1458
468 654
468 717
468 910
468 953
468 979
468 1277
468 1731
469 582
469 615
469 649
469 712
469 1065
469 1077
469 1985
470 538
470 541
470 547
470 567
470 709
470 711
470 1085
470 1098
470 1256
470 1600
471 1082
472 781
473 678
473 1255
473 1439
474 598
474 1219
474 1264
474 1300
474 1381
474 1418
474 1548
474 1992
475 908
475 1692
476 698
476 1470
476 1770
476 1775
477 596
477 862
477 1321
478 538
478 791
478 1047
478 1229
478 1259
478 1275
478 1364
478 1997
479 1553
480 597
480 646
480 651
480 829
480 895
480 1195
480 1401
480 1411
480 1640
480 1879
481 587
481 1062
482 1215
482 1931
482 1960
482 1965
483 570
483 1288
483 1608
483 1689
484 898
484 1457
485 708
485 710
485 939
485 953
485 1112
485 1960
485 1968
486 1179
486 1806
487 551
487 891
488 552
488 594
488 956
488 1003
488 1096
488 1325
488 1636
489 802
489 1215
489 1556
489 1620
489 1813
490 510
490 707
490 1466
490 1563
490 1997
491 1898
492 512
492 519
492 1017
492 1333
492 1704
492 1781
492 1904
492 1914
492 1944
493 736
494 497
494 557
494 633
494 717
494 990
494 1283
494 1498
494 1852
495 544
495 585
495 591
495 608
495 778
495 859
495 899
495 1068
495 1072
495 1079
495 1233
495 1454
495 1521
496 595
496 631
496 642
496 739
496 833
496 838
496 1055
496 1693
496 1887
497 1452
498 519
498 551
498 634
498 719
498 877
499 522
499 1324
499 1602
499 1675
499 1770
500 702
500 1435
500 1675
500 1880
501 733
501 1225
501 1849
502 628
502 739
502 800
502 826
502 952
502 1174
502 1292
503 571
503 771
503 856
503 1064
503 1127
503 1876
504 976
504 987
504 1032
504 1447
504 1461
505 645
505 726
505 756
505 838
505 870
505 899
505 925
505 996
505 1049
505 1210
505 1278
506 1087
506 1251
507 543
507 1016
507 1137
508 1281
508 1384
508 1439
509 548
509 554
509 573
509 1152
509 1404
510 563
510 828
510 1129
510 1239
510 1588
510 1613
510 1729
510 1792
510 1814
510 1955
511 655
511 1019
511 1180
511 1358
511 1435
511 1638
511 1925
512 992
513 739
513 789
513 824
513 914
513 947
513 1160
513 1205
513 1318
513 1559
513 1575
513 1769
514 728
514 823
514 995
514 1249
514 1852
515 1349
515 1598
515 1709
515 1958
516 572
516 603
516 607
516 744
516 884
516 1884
517 955
517 960
517 1087
517 1117
517 1300
517 1549
517 1791
518 870
518 880
518 886
518 891
518 917
518 965
518 1009
518 1012
518 1178
518 1295
518 1479
518 1516
518 1687
518 1758
519 1731
520 1203
520 1226
520 1573
520 1583
520 1732
521 635
521 647
521 785
521 1045
521 1075
521 1719
521 1729
521 1788
522 770
522 1442
522 1559
523 670
523 990
523 1002
523 1109
523 1184
523 1207
523 1399
523 1484
523 1561
523 1860
523 1883
523 1936
524 1021
524 1423
524 1546
525 1079
526 577
526 704
526 929
526 979
526 1063
526 1768
526 1861
526 1976
527 620
527 964
527 1593
528 975
528 999
528 1272
528 1370
528 1584
528 1862
529 755
529 1623
529 1684
530 773
530 1214
530 1602
531 1043
531 1055
531 1272
531 1807
532 918
532 1523
533 913
533 933
533 1494
533 1706
533 1812
534 809
534 858
534 1066
535 617
535 825
535 1013
535 1192
535 1433
536 843
536 855
536 934
536 1626
536 1645
537 555
537 604
537 642
537 776
537 1153
537 1249
537 1697
537 1732
538 661
538 752
538 939
538 1775
538 1849
539 763
539 1018
539 1020
539 1075
539 1464
539 1584
539 1885
539 1900
540 747
540 879
540 1053
540 1128
540 1567
540 1917
541 934
541 1005
541 1967
542 552
542 717
542 997
542 1259
542 1281
542 1374
542 1635
542 1647
542 1736
542 1859
542 1869
543 729
543 991
543 1550
543 1879
544 560
544 626
544 846
544 858
544 920
544 1441
544 1509
544 1727
544 1881
545 559
545 1523
545 1672
545 1855
546 782
546 791
546 935
546 943
547 769
547 775
547 1934
548 817
548 1077
548 1104
548 1742
549 897
549 1202
550 888
550 1258
550 1597
551 663
551 1129
551 1134
551 1654
551 1707
551 1926
552 923
552 1681
553 642
553 683
553 741
553 779
553 1348
553 1441
553 1590
554 766
554 769
554 914
554 940
554 1721
555 1202
557 918
557 1046
557 1376
557 1662
557 1965
558 582
558 650
558 772
558 1151
558 1252
558 1430
558 1620
559 583
559 653
559 874
559 981
559 1145
559 1489
559 1906
560 810
560 1220
561 719
561 748
562 685
562 749
562 1133
563 796
563 844
563 968
563 1284
563 1540
563 1547
563 1864
563 1975
564 576
564 596
564 1427
564 1667
565 872
565 1050
565 1179
566 592
566 791
566 1046
566 1070
568 630
568 845
568 1366
569 592
569 747
569 1957
570 981
570 1030
570 1061
570 1089
570 1420
570 1699
571 716
571 736
571 992
571 1061
571 1530
571 1542
571 1590
571 1662
571 1762
572 656
572 1055
572 1339
572 1548
572 1630
572 1969
573 979
573 1111
573 1200
573 1274
573 1627
574 847
574 899
575 599
575 850
575 944
575 945
575 1364
575 1818
575 1822
576 820
576 1160
576 1424
576 1477
576 1972
577 922
577 1012
577 1180
577 1215
577 1319
577 1634
577 1928
578 998
578 1043
578 1194
579 690
579 741
579 813
579 1203
579 1445
579 1479
579 1833
580 680
580 1429
581 669
581 1064
581 1082
581 1199
581 1294
581 1649
581 1874
582 704
582 1099
582 1194
582 1197
582 1627
583 638
583 958
584 627
584 1159
584 1527
584 1580
585 1292
585 1716
586 601
586 770
586 799
586 1486
586 1535
586 1565
587 588
587 867
587 910
587 1095
587 1945
588 612
588 703
588 1247
588 1415
588 1449
588 1631
588 1944
589 796
589 1108
589 1254
589 1625
590 740
590 838
590 1212
590 1352
590 1803
591 840
591 873
592 937
592 1302
592 1477
593 1622
593 1766
594 631
594 671
594 822
594 902
594 1402
594 1794
595 882
596 1045
596 1355
596 1642
596 1763
597 641
597 745
598 1100
598 1802
598 1872
599 793
599 1418
599 1700
600 1522
600 1838
601 696
601 1578
601 1728
601 1749
602 767
602 835
602 1073
602 1256
602 1311
602 1578
602 1986
603 715
603 779
603 840
604 871
604 928
604 1178
604 1189
604 1237
604 1364
604 1775
606 641
606 666
606 889
606 965
606 996
606 1388
606 1741
607 610
607 1836
608 712
608 1250
608 1360
608 1494
609 713
609 1927
609 1938
610 648
610 876
610 890
610 964
610 1048
610 1056
610 1067
610 1226
610 1269
610 1910
610 1984
611 1036
611 1559
612 1615
612 1815
613 809
613 987
613 1033
613 1143
613 1534
613 1766
614 1158
615 970
615 976
615 1470
616 962
616 1476
616 1562
616 1922
617 787
617 832
617 1148
617 1643
618 1801
618 1869
619 1138
619 1704
620 766
620 1437
621 643
621 1170
621 1481
622 644
622 866
622 886
622 1663
622 1770
623 781
623 901
623 1165
623 1714
623 1829
624 809
624 1369
624 1817
625 1163
625 1223
625 1301
625 1359
625 1826
626 927
626 1073
626 1243
626 1429
626 1474
626 1535
626 1594
626 1858
627 672
627 1552
627 1727
628 664
628 932
628 1542
628 1937
629 1775
630 689
630 831
630 932
630 1031
630 1315
630 1435
630 1499
630 1504
630 1835
631 688
631 1617
631 1823
633 1029
633 1176
633 1199
633 1280
633 1363
633 1407
633 1517
634 1089
634 1619
635 699
635 790
635 1355
635 1463
636 1784
637 1821
637 1953
637 1956
638 728
638 887
638 936
638 1355
638 1597
638 1675
638 1748
638 1860
639 735
639 1198
639 1337
640 685
640 1045
640 1071
640 1126
640 1208
640 1294
640 1348
640 1594
640 1808
641 936
641 1118
641 1171
641 1354
641 1650
641 1651
641 1710
641 1823
642 647
642 754
642 892
642 955
642 1014
642 1147
642 1276
642 1393
642 1403
642 1660
642 1722
642 1746
643 702
643 1340
643 1701
644 651
644 1027
644 1149
644 1201
644 1308
644 1446
644 1628
645 793
645 1012
645 1971
646 703
646 845
646 878
646 1015
646 1403
646 1562
647 796
647 1083
647 1163
647 1285
647 1476
647 1909
648 683
648 728
648 759
648 851
648 950
648 1120
648 1267
648 1346
648 1349
648 1653
648 1739
648 1887
648 1889
649 722
649 863
649 1367
649 1374
649 1443
649 1630
649 1788
649 1879
650 724
650 1788
650 1867
650 1959
651 684
652 752
652 947
653 1008
653 1149
653 1445
653 1674
654 728
654 1365
654 1457
654 1518
654 1905
655 1216
655 1452
655 1987
656 784
656 845
656 1057
656 1238
656 1733
658 675
658 838
658 1715
659 1002
659 1298
659 1319
659 1409
659 1491
659 1900
660 1021
660 1075
660 1090
660 1191
661 803
661 1438
662 1495
662 1661
664 940
664 1134
665 1261
665 1312
665 1448
665 1451
666 784
666 839
666 1008
666 1632
666 1705
667 1048
667 1710
668 757
668 974
668 1072
668 1162
669 837
669 1062
669 1429
669 1607
669 1614
670 942
670 1249
670 1321
670 1711
672 721
672 722
672 741
672 994
672 1797
672 1946
673 939
674 950
674 1498
674 1707
675 842
675 878
675 927
675 1044
675 1381
675 1539
675 1852
676 1109
676 1174
676 1448
676 1632
676 1955
676 1984
677 1168
677 1362
678 762
678 1191
678 1262
678 1640
678 1818
678 1916
679 1274
679 1899
680 853
680 1494
680 1885
681 914
681 1356
681 1808
682 1356
682 1677
683 1284
684 1316
684 1449
684 1983
685 738
685 1106
685 1151
685 1740
686 834
686 954
686 1121
686 1465
687 1019
687 1633
687 1885
687 1929
689 889
689 1652
689 1973
690 954
690 1010
690 1264
690 1760
691 769
691 1111
691 1521
691 1750
692 716
692 824
692 936
692 1521
692 1678
692 1844
692 1916
693 751
694 1017
694 1021
694 1051
694 1076
694 1301
695 1378
695 1801
696 1071
696 1112
697 707
697 817
697 1061
697 1150
697 1687
697 1724
698 915
698 1924
699 709
700 925
700 1026
700 1322
701 714
701 1173
701 1801
703 801
703 808
703 1695
704 1982
705 723
705 800
705 1317
706 986
706 1124
706 1297
706 1354
706 1548
706 1892
707 910
707 979
707 1248
707 1266
707 1511
707 1961
708 1067
708 1109
708 1256
708 1826
709 1093
709 1889
711 753
711 1066
711 1837
712 1177
712 1771
712 1914
713 1468
714 771
714 865
714 945
714 1634
717 724
717 826
717 985
717 1009
717 1262
717 1902
718 975
719 1099
719 1131
719 1222
719 1358
719 1806
720 734
720 1221
720 1987
721 1054
721 1265
721 1788
721 1790
722 858
722 876
722 1071
722 1977
723 957
724 886
724 1617
724 1940
725 822
725 1231
725 1285
725 1404
725 1793
726 828
726 876
726 1137
726 1605
726 1974
727 1072
727 1465
727 1873
727 1912
728 965
728 1538
729 842
729 1151
729 1264
729 1415
729 1640
729 1723
729 1781
730 1445
730 1982
731 759
731 879
731 985
731 1165
731 1487
731 1505
731 1604
731 1959
731 1977
732 768
732 1187
732 1307
732 1371
732 1579
732 1621
733 1311
733 1398
734 1085
734 1144
734 1624
734 1935
735 1515
736 765
736 1018
736 1451
736 1496
737 1626
737 1726
738 1271
739 958
739 1370
740 770
740 781
740 1611
741 811
742 826
742 1102
742 1257
743 1584
743 1795
743 1800
744 827
744 1609
745 834
745 1108
746 952
746 1086
746 1135
746 1419
746 1814
746 1885
747 771
747 1235
747 1287
747 1399
748 900
748 1111
748 1132
748 1715
748 1878
749 1024
749 1459
750 1737
751 1181
751 1227
752 967
752 1978
753 823
753 934
753 1480
753 1486
753 1800
753 1841
754 785
754 1008
754 1085
754 1168
754 1406
754 1919
755 798
755 823
755 1233
755 1576
755 1658
755 1713
755 1825
757 786
757 1005
757 1009
757 1108
757 1222
757 1491
757 1499
757 1703
757 1897
758 804
758 1161
758 1543
760 1322
761 1394
761 1640
762 857
762 1475
762 1829
762 1933
763 1456
763 1780
764 890
764 1057
765 788
765 909
765 922
765 1329
766 782
766 807
766 1070
767 1126
767 1350
767 1461
767 1714
768 780
768 833
768 1109
768 1379
768 1424
769 1221
769 1715
770 1041
770 1278
770 1748
770 1760
770 1762
770 1802
770 1982
771 1030
771 1764
771 1976
772 1096
772 1409
772 1589
772 1646
773 853
773 926
773 1460
773 1634
773 1771
776 988
776 1060
776 1128
776 1327
776 1344
776 1482
776 1506
776 1668
776 1793
776 1888
777 1555
777 1684
777 1962
778 1027
779 1026
779 1219
779 1279
779 1410
779 1582
779 1773
780 919
780 961
780 1549
780 1830
781 984
781 1560
781 1781
781 1893
781 1901
782 1364
782 1393
782 1733
783 1036
783 1124
783 1266
783 1448
783 1950
784 812
784 957
784 1188
784 1294
784 1724
784 1986
785 1577
785 1749
786 807
786 1607
787 1773
788 1229
788 1526
788 1921
789 1522
790 1167
790 1411
790 1717
790 1887
791 814
791 1083
791 1312
791 1694
792 856
792 1644
792 1717
792 1729
793 855
793 972
793 1169
793 1239
793 1245
793 1268
793 1271
793 1372
793 1515
793 1595
793 1870
794 1140
794 1631
795 1163
795 1206
795 1273
795 1455
795 1514
795 1579
795 1668
795 1797
796 908
796 1511
797 1346
797 1610
797 1662
798 1295
798 1484
799 863
799 1502
799 1529
800 1728
801 1955
802 1487
803 1339
804 1506
805 1031
805 1037
805 1298
805 1434
805 1834
806 843
806 1115
806 1235
806 1391
807 904
807 922
807 1155
807 1239
807 1395
807 1502
807 1606
807 1917
807 1922
808 1133
808 1251
808 1261
810 871
810 1297
810 1723
812 980
812 1095
812 1183
812 1227
812 1483
812 1728
812 1926
813 836
813 877
813 1397
814 907
814 928
814 929
814 1150
814 1208
814 1212
814 1846
816 939
816 1077
816 1338
816 1506
816 1580
817 970
817 1795
818 948
818 1034
818 1357
818 1463
818 1858
819 1290
820 874
820 1451
820 1477
820 1485
820 1533
820 1538
820 1865
821 1167
821 1246
821 1382
822 1278
822 1698
823 843
823 964
823 1306
823 1478
823 1604
825 1028
826 1159
826 1357
826 1540
826 1788
827 1243
827 1417
827 1683
828 907
828 1034
828 1427
829 841
829 1030
829 1845
830 1626
831 1006
831 1145
831 1263
831 1823
831 1888
833 1204
833 1377
834 1174
835 1824
836 937
837 1059
837 1101
837 1351
837 1519
837 1708
837 1762
838 1078
838 1682
838 1920
839 1054
839 1510
839 1645
840 1195
840 1576
841 872
841 1029
841 1369
841 1440
841 1471
841 1607
841 1999
842 891
842 1523
842 1546
843 880
843 1839
844 854
844 898
844 1152
845 1001
845 1118
845 1366
845 1948
845 1985
847 904
847 1081
847 1136
847 1159
848 1253
848 1350
849 884
849 1017
849 1217
849 1380
850 1595
850 1866
851 941
852 904
852 1271
853 1965
854 1037
854 1103
854 1137
854 1522
854 1980
855 959
855 1013
855 1883
856 1033
857 899
857 1243
857 1508
858 861
858 885
858 1008
858 1251
858 1841
859 1382
859 1472
860 1247
860 1362
860 1489
860 1745
860 1795
861 1162
862 1113
862 1252
865 896
865 914
865 1228
865 1448
865 1638
865 1671
865 1718
865 1982
866 1216
866 1341
866 1625
867 1172
867 1408
867 1537
867 1790
867 1888
867 1978
868 900
870 1944
871 1734
872 916
872 957
872 1662
872 1811
872 1934
874 987
874 1131
874 1681
875 1328
875 1479
876 1067
877 901
877 927
877 1290
877 1478
877 1874
878 1940
879 961
879 1229
879 1934
880 1214
881 1045
881 1418
881 1466
882 1343
885 1210
885 1576
886 1561
886 1950
887 1267
888 1309
889 1574
890 950
890 1024
890 1197
890 1232
890 1312
891 1107
892 1758
893 1010
893 1814
894 1315
894 1321
894 1927
896 1857
896 1950
897 1890
898 1122
898 1183
898 1776
898 1929
899 1094
899 1130
899 1373
900 1238
900 1393
901 999
901 1408
902 971
902 1068
902 1282
902 1790
903 1329
903 1389
903 1392
903 1529
903 1535
903 1657
903 1681
903 1843
903 1912
903 1966
904 1173
904 1590
904 1672
905 1144
905 1342
905 1700
907 946
907 1027
907 1165
907 1171
907 1324
907 1388
907 1431
907 1597
907 1881
908 1990
909 1558
909 1822
911 1059
911 1869
911 1896
912 1031
914 1468
915 1044
915 1115
916 1016
918 999
918 1017
919 1993
920 1739
921 1076
921 1557
921 1842
921 1960
923 938
923 1092
923 1158
923 1375
923 1400
923 1902
924 986
924 1188
924 1441
924 1708
924 1742
925 1088
925 1799
926 1046
926 1310
926 1619
926 1700
927 1156
928 1195
929 956
929 1124
929 1557
930 1183
930 1596
931 1372
931 1426
932 1231
932 1305
932 1436
933 998
933 1028
933 1117
933 1141
933 1223
933 1759
933 1775
933 1817
933 1963
934 1192
935 1240
935 1635
935 1692
935 1981
936 1003
936 1958
937 1197
937 1338
937 1449
937 1609
937 1696
937 1809
937 1828
940 970
940 1621
941 982
941 1054
941 1365
941 1672
942 971
942 1581
942 1712
944 1524
944 1565
944 1822
945 1850
945 1854
946 952
946 1057
946 1871
947 983
947 1193
947 1281
947 1374
947 1536
947 1580
947 1932
948 1443
948 1503
948 1648
948 1978
949 1231
950 956
950 1318
950 1571
950 1690
950 1861
950 1891
952 1167
952 1264
952 1693
952 1713
953 1080
953 1184
953 1443
955 1118
955 1167
955 1224
955 1262
956 1589
957 1875
959 1600
960 1345
960 1946
962 1080
962 1206
962 1501
962 1896
963 1103
963 1125
963 1602
965 1407
965 1631
965 1958
966 1294
966 1348
967 1866
968 1316
968 1422
968 1652
968 1794
968 1798
969 1759
970 1007
970 1825
971 1718
973 986
973 1032
973 1390
973 1989
974 1484
974 1805
974 1808
974 1854
975 1004
975 1336
975 1641
976 1833
977 1657
977 1954
979 1187
980 1840
980 1881
981 1791
982 1981
984 1116
985 1108
985 1464
985 1681
986 995
986 1170
987 1033
987 1150
988 991
988 1591
989 1007
990 1300
990 1721
991 1098
991 1184
991 1261
991 1809
992 1145
992 1172
992 1976
993 1260
993 1432
993 1670
994 1328
994 1396
994 1529
994 1708
995 1941
997 1387
997 1722
997 1745
999 1413
1000 1398
1001 1141
1001 1241
1001 1572
1002 1638
1003 1258
1004 1041
1004 1333
1004 1666
1005 1575
1005 1721
1006 1853
1006 1945
1007 1196
1008 1244
1009 1110
1009 1618
1010 1642
1010 1774
1010 1957
1011 1724
1012 1148
1012 1613
1012 1674
1012 1837
1012 1881
1013 1386
1014 1025
1014 1912
1015 1293
1015 1337
1015 1373
1016 1851
1018 1526
1019 1655
1020 1037
1021 1324
1021 1695
1021 1987
1022 1554
1023 1056
1023 1119
1023 1588
1023 1940
1024 1308
1024 1407
1024 1570
1024 1842
1025 1182
1025 1396
1025 1465
1025 1532
1026 1126
1026 1425
1026 1614
1026 1948
1027 1519
1027 1763
1027 1785
1028 1295
1029 1509
1029 1581
1029 1601
1029 1680
1029 1819
1030 1103
1030 1249
1030 1354
1030 1438
1032 1501
1033 1036
1033 1884
1034 1381
1035 1091
1035 1410
1035 1553
1035 1826
1037 1671
1039 1237
1039 1820
1041 1049
1041 1127
1041 1375
1041 1637
1042 1080
1042 1106
1042 1162
1042 1211
1042 1839
1042 1849
1043 1291
1043 1317
1043 1493
1043 1514
1043 1913
1044 1492
1045 1298
1045 1936
1046 1347
1046 1516
1046 1675
1046 1697
1046 1808
1046 1921
1047 1313
1047 1785
1049 1896
1051 1071
1051 1776
1051 1789
1051 1803
1051 1986
1054 1072
1054 1111
1054 1131
1054 1561
1054 1685
1055 1377
1055 1726
1057 1312
1057 1341
1057 1469
1057 1657
1057 1779
1058 1441
1059 1852
1059 1882
1060 1178
1060 1646
1061 1164
1061 1756
1063 1304
1063 1755
1063 1756
1065 1967
1066 1306
1067 1246
1067 1850
1067 1998
1068 1210
1068 1469
1068 1577
1068 1624
1068 1952
1069 1115
1070 1648
1071 1859
1072 1149
1072 1280
1072 1646
1073 1810
1074 1963
1076 1164
1076 1463
1076 1603
1076 1893
1077 1112
1077 1346
1078 1224
1078 1374
1078 1401
1078 1616
1078 1943
1078 1957
1078 1966
1079 1086
1080 1172
1080 1391
1080 1419
1080 1907
1081 1168
1081 1876
1083 1974
1084 1213
1084 1322
1086 1585
1086 1603
1087 1143
1087 1485
1087 1674
1087 1696
1087 1804
1087 1863
1088 1643
1088 1922
1089 1301
1091 1408
1092 1395
1094 1610
1095 1142
1095 1275
1096 1326
1096 1937
1096 1967
1097 1114
1097 1319
1098 1418
1098 1493
1098 1528
1098 1541
1098 1767
1098 1855
1100 1101
1100 1196
1101 1203
1101 1571
1102 1518
1102 1682
1102 1979
1104 1326
1104 1995
1105 1673
1105 1758
1107 1599
1107 1616
1108 1871
1109 1907
1110 1414
1110 1721
1110 1820
1110 1963
1111 1125
1111 1220
1111 1506
1111 1622
1111 1954
1111 1977
1112 1207
1113 1222
1113 1277
1114 1303
1114 1391
1114 1462
1114 1896
1117 1358
1117 1666
1117 1791
1118 1191
1118 1312
1118 1537
1118 1606
1118 1979
1119 1774
1120 1205
1120 1296
1121 1530
1121 1924
1123 1210
1123 1253
1123 1537
1123 1614
1123 1842
1124 1327
1125 1755
1125 1783
1126 1246
1127 1525
1128 1134
1128 1259
1128 1425
1128 1655
1128 1687
1129 1293
1129 1501
1130 1547
1130 1712
1131 1992
1132 1655
1132 1866
1133 1888
1134 1366
1134 1653
1134 1939
1135 1654
1135 1698
1135 1771
1135 1936
1138 1352
1138 1555
1138 1618
1138 1921
1139 1260
1139 1717
1141 1530
1141 1575
1143 1201
1143 1676
1143 1683
1145 1218
1145 1395
1145 1488
1147 1847
1148 1241
1148 1804
1148 1844
1150 1270
1150 1507
1150 1689
1151 1499
1151 1500
1151 1631
1152 1581
1153 1437
1153 1971
1154 1414
1154 1755
1154 1812
1154 1833
1154 1882
1155 1500
1156 1508
1156 1811
1156 1944
1158 1335
1158 1342
1158 1570
1158 1846
1159 1472
1159 1518
1160 1538
1160 1568
1161 1485
1161 1530
1161 1586
1161 1946
1162 1230
1162 1439
1164 1765
1165 1431
1165 1541
1166 1634
1166 1701
1168 1248
1169 1266
1169 1792
1169 1921
1170 1484
1171 1676
1172 1372
1172 1402
1174 1416
1174 1454
1174 1840
1175 1463
1175 1508
1175 1803
1175 1845
1176 1404
1176 1586
1176 1676
1177 1951
1178 1309
1180 1197
1180 1252
1180 1424
1180 1691
1181 1498
1181 1870
1183 1377
1183 1472
1183 1486
1183 1756
1184 1816
1185 1434
1185 1562
1185 1598
1186 1316
1187 1209
1187 1214
1187 1761
1189 1202
1189 1431
1189 1935
1189 1968
1190 1421
1190 1879
1192 1359
1192 1732
1192 1754
1192 1900
1193 1406
1196 1343
1196 1655
1197 1664
1198 1202
1198 1405
1200 1231
1200 1331
1201 1531
1202 1286
1202 1629
1203 1431
1203 1554
1204 1439
1205 1436
1206 1433
1206 1446
1206 1470
1206 1653
1208 1353
1208 1586
1208 1686
1208 1720
1210 1669
1210 1719
1210 1736
1211 1268
1213 1872
1215 1470
1215 1737
1216 1665
1216 1915
1217 1449
1217 1988
1219 1244
1219 1456
1219 1558
1219 1735
1219 1753
1219 1974
1220 1432
1220 1970
1222 1514
1223 1234
1223 1269
1223 1773
1223 1869
1225 1394
1225 1757
1230 1238
1230 1318
1230 1453
1230 1567
1232 1598
1232 1824
1232 1947
1233 1648
1233 1782
1234 1505
1235 1863
1239 1314
1239 1512
1240 1267
1240 1336
1240 1399
1240 1853
1241 1441
1242 1830
1243 1377
1243 1809
1243 1897
1244 1327
1244 1331
1244 1572
1245 1280
1245 1953
1246 1371
1246 1507
1246 1548
1246 1702
1247 1322
1247 1481
1247 1754
1248 1251
1248 1336
1248 1341
1248 1444
1249 1475
1249 1824
1250 1296
1250 1326
1250 1426
1251 1527
1251 1531
1252 1415
1253 1383
1253 1404
1254 1335
1254 1551
1254 1784
1255 1445
1257 1525
1257 1784
1257 1810
1258 1400
1258 1444
1258 1467
1259 1594
1259 1873
1260 1507
1260 1807
1260 1835
1262 1547
1262 1943
1262 1985
1263 1500
1264 1665
1264 1966
1267 1893
1269 1388
1270 1695
1270 1754
1271 1477
1271 1516
1271 1918
1272 1488
1274 1620
1274 1771
1276 1556
1276 1626
1277 1309
1277 1321
1280 1483
1280 1695
1280 1956
1283 1705
1284 1408
1285 1778
1287 1340
1287 1444
1287 1731
1288 1877
1289 1597
1289 1679
1289 1785
1290 1472
1291 1864
1292 1370
1292 1482
1296 1460
1296 1621
1296 1832
1297 1664
1297 1970
1299 1649
1299 1937
1301 1407
1302 1347
1302 1576
1303 1504
1303 1949
1304 1975
1305 1703
1308 1851
1309 1536
1310 1796
1312 1474
1313 1457
1314 1345
1314 1473
1314 1895
1316 1544
1316 1694
1316 1875
1317 1343
1317 1470
1317 1782
1320 1481
1320 1765
1322 1326
1322 1458
1323 1752
1325 1510
1326 1523
1326 1817
1327 1769
1328 1750
1331 1342
1331 1753
1334 1554
1336 1382
1336 1568
1337 1465
1337 1523
1339 1831
1340 1669
1341 1513
1342 1602
1343 1536
1343 1756
1344 1587
1344 1589
1344 1800
1347 1941
1350 1490
1350 1991
1351 1437
1351 1600
1351 1955
1352 1480
1352 1544
1353 1567
1355 1398
1356 1828
1356 1932
1357 1872
1363 1614
1364 1991
1369 1824
1372 1433
1373 1658
1373 1956
1375 1409
1376 1598
1376 1995
1377 1479
1378 1686
1379 1640
1380 1464
1380 1525
1380 1953
1381 1562
1381 1564
1381 1667
1381 1700
1382 1596
1382 1886
1384 1973
1386 1421
1387 1845
1390 1396
1390 1454
1392 1423
1393 1572
1393 1777
1395 1539
1395 1715
1396 1796
1396 1830
1400 1834
1402 1504
1402 1545
1405 1689
1406 1735
1407 1612
1408 1721
1409 1540
1409 1837
1410 1504
1410 1839
1411 1635
1412 1685
1412 1703
1413 1783
1413 1792
1415 1789
1416 1497
1417 1462
1417 1720
1419 1934
1420 1907
1421 1677
1421 1907
1424 1474
1424 1617
1426 1691
1427 1715
1429 1979
1431 1950
1433 1737
1433 1840
1435 1728
1435 1990
1436 1769
1436 1976
1437 1905
1438 1495
1438 1836
1439 1446
1439 1725
1439 1747
1441 1635
1441 1698
1441 1902
1442 1493
1442 1616
1442 1930
1443 1967
1444 1744
1446 1569
1447 1483
1447 1618
1447 1636
1447 1714
1449 1968
1450 1588
1451 1471
1451 1473
1451 1519
1452 1474
1453 1837
1454 1607
1458 1515
1460 1650
1460 1679
1462 1783
1463 1585
1464 1572
1465 1663
1465 1892
1467 1545
1467 1623
1467 1754
1468 1482
1469 1989
1471 1575
1471 1891
1472 1573
1473 1563
1474 1553
1475 1787
1475 1847
1476 1731
1476 1996
1478 1889
1481 1733
1482 1488
1482 1853
1482 1857
1484 1799
1485 1799
1485 1868
1486 1765
1489 1581
1489 1701
1493 1722
1494 1545
1498 1529
1498 1661
1500 1577
1500 1868
1502 1591
1503 1643
1503 1821
1506 1560
1507 1692
1507 1763
1509 1608
1510 1713
1512 1615
1514 1678
1515 1755
1515 1890
1516 1694
1517 1566
1518 1717
1519 1576
1523 1552
1523 1618
1523 1674
1523 1812
1524 1972
1525 1663
1526 1719
1527 1840
1528 1792
1528 1895
1528 1964
1529 1633
1529 1966
1534 1742
1535 1764
1535 1984
1536 1542
1538 1712
1538 1740
1540 1608
1541 1585
1541 1865
1542 1639
1542 1951
1543 1684
1545 1991
1550 1774
1552 1608
1552 1669
1555 1991
1556 1856
1556 1884
1556 1911
1557 1783
1561 1600
1561 1641
1563 1948
1564 1690
1564 1976
1565 1804
1568 1606
1571 1592
1579 1758
1581 1898
1588 1687
1589 1965
1590 1836
1592 1810
1593 1834
1593 1871
1594 1897
1601 1855
1601 1923
1602 1993
1603 1915
1603 1925
1603 1997
1604 1739
1608 1743
1609 1757
1609 1848
1610 1677
1613 1712
1621 1923
1622 1969
1623 1856
1623 1914
1629 1962
1631 1777
1631 1974
1632 1696
1635 1877
1636 1813
1637 1749
1639 1772
1641 1671
1643 1962
1644 1908
1644 1953
1645 1720
1645 1958
1648 1680
1648 1801
1650 1898
1651 1744
1654 1745
1654 1825
1654 1860
1654 1886
1656 1764
1656 1926
1661 1766
1663 1868
1669 1683
1669 1954
1670 1911
1671 1763
1672 1703
1673 1874
1674 1747
1674 1781
1675 1764
1675 1782
1675 1905
1676 1705
1680 1701
1680 1711
1680 1864
1680 1960
1682 1711
1684 1973
1685 1919
1687 1933
1690 1718
1691 1760
1691 1766
1691 1794
1699 1843
1700 1817
1701 1901
1702 1712
1702 1983
1705 1909
1713 1979
1717 1999
1718 1818
1718 1910
1727 1779
1727 1865
1729 1898
1730 1759
1736 1814
1737 1975
1738 1753
1741 1781
1743 1931
1747 1967
1749 1829
1753 1891
1759 1810
1762 1865
1764 1986
1766 1903
1771 1886
1774 1797
1774 1970
1779 1954
1783 1959
1787 1791
1789 1907
1789 1927
1789 1945
1791 1989
1792 1994
1813 1841
1813 1854
1823 1838
1826 1901
1836 1874
1843 1978
1853 1927
1855 1970
1861 1895
1871 1890
1876 1894
1882 1952
1891 1911
1905 1957
1909 1936
1911 1913
1911 1992
1925 1981
1932 1964
