0 1
0 2
0 3
0 4
0 5
0 6
0 9
0 10
0 17
0 21
0 23
0 24
0 26
0 38
0 41
0 44
0 45
0 50
0 62
0 64
0 65
0 81
0 87
0 95
0 98
0 120
0 122
0 138
0 150
0 168
0 179
0 183
0 191
0 199
0 200
0 207
0 224
0 234
0 267
0 268
0 272
0 278
0 322
0 350
0 367
0 376
0 400
0 430
0 451
0 476
0 495
0 522
0 546
0 554
0 559
0 573
0 591
0 595
0 628
0 634
0 645
0 670
0 672
0 673
0 676
0 685
0 704
0 709
0 718
0 721
0 817
0 830
0 835
0 850
0 851
0 855
0 858
0 878
0 888
0 920
0 981
0 985
0 999
0 1010
0 1011
0 1023
0 1072
0 1091
0 1131
0 1138
0 1141
0 1276
0 1281
0 1312
0 1318
0 1322
0 1344
0 1350
0 1373
0 1424
0 1438
0 1446
0 1449
0 1452
0 1466
0 1496
0 1514
0 1535
0 1536
0 1544
0 1600
0 1618
0 1635
1 4
1 13
1 17
1 19
1 23
1 42
1 63
1 72
1 77
1 80
1 97
1 105
1 107
1 134
1 157
1 160
1 172
1 209
1 226
1 242
1 303
1 314
1 343
1 356
1 379
1 428
1 435
1 443
1 481
1 493
1 508
1 513
1 571
1 579
1 670
1 721
1 729
1 774
1 950
1 967
1 1035
1 1042
1 1053
1 1091
1 1122
1 1172
1 1186
1 1203
1 1206
1 1271
1 1333
1 1356
1 1449
1 1611
1 1635
1 1638
2 4
2 6
2 7
2 11
2 17
2 20
2 25
2 29
2 30
2 31
2 33
2 36
2 54
2 68
2 72
2 75
2 104
2 107
2 127
2 129
2 131
2 142
2 144
2 203
2 214
2 235
2 247
2 267
2 268
2 270
2 276
2 282
2 291
2 301
2 324
2 387
2 420
2 449
2 468
2 497
2 510
2 521
2 535
2 614
2 624
2 643
2 661
2 691
2 710
2 758
2 798
2 884
2 903
2 919
2 995
2 1106
2 1165
2 1210
2 1211
2 1214
2 1220
2 1253
2 1393
2 1418
2 1430
2 1458
2 1560
2 1620
2 1626
2 1655
3 5
3 7
3 15
3 19
3 21
3 32
3 43
3 110
3 273
3 411
3 510
3 688
3 770
3 814
3 1279
3 1423
3 1631
4 5
4 6
4 7
4 12
4 35
4 41
4 46
4 85
4 156
4 163
4 234
4 280
4 294
4 304
4 315
4 320
4 511
4 542
4 607
4 830
4 864
4 892
4 908
4 1027
4 1074
4 1084
4 1122
4 1150
4 1229
4 1319
4 1361
4 1467
4 1627
5 8
5 12
5 13
5 14
5 25
5 28
5 32
5 41
5 43
5 48
5 50
5 68
5 69
5 78
5 85
5 90
5 93
5 102
5 117
5 128
5 146
5 162
5 163
5 166
5 218
5 226
5 246
5 248
5 264
5 273
5 278
5 300
5 330
5 362
5 366
5 367
5 377
5 380
5 402
5 425
5 438
5 440
5 453
5 504
5 562
5 581
5 594
5 597
5 601
5 627
5 713
5 779
5 800
5 835
5 848
5 891
5 896
5 921
5 936
5 958
5 1018
5 1021
5 1037
5 1053
5 1134
5 1143
5 1147
5 1212
5 1215
5 1244
5 1247
5 1296
5 1388
5 1436
5 1551
5 1643
6 8
6 9
6 10
6 11
6 23
6 24
6 27
6 44
6 78
6 94
6 98
6 103
6 111
6 113
6 125
6 142
6 146
6 153
6 156
6 162
6 184
6 201
6 248
6 252
6 253
6 326
6 347
6 348
6 374
6 386
6 395
6 396
6 427
6 433
6 445
6 450
6 472
6 482
6 523
6 579
6 581
6 622
6 642
6 678
6 719
6 787
6 871
6 880
6 896
6 921
6 954
6 988
6 1034
6 1062
6 1066
6 1127
6 1159
6 1217
6 1250
6 1264
6 1285
6 1381
6 1391
6 1413
6 1554
6 1561
6 1620
6 1658
7 8
7 12
7 13
7 14
7 25
7 26
7 28
7 29
7 33
7 45
7 49
7 53
7 59
7 61
7 71
7 83
7 84
7 88
7 92
7 109
7 120
7 121
7 130
7 154
7 168
7 172
7 173
7 212
7 244
7 267
7 284
7 300
7 341
7 344
7 352
7 354
7 358
7 381
7 401
7 423
7 459
7 471
7 508
7 581
7 615
7 659
7 692
7 739
7 771
7 783
7 847
7 906
7 942
7 1099
7 1130
7 1157
7 1160
7 1205
7 1268
7 1276
7 1322
7 1324
7 1459
7 1473
7 1506
7 1606
8 9
8 10
8 15
8 24
8 53
8 67
8 96
8 118
8 147
8 175
8 180
8 254
8 299
8 358
8 394
8 421
8 438
8 542
8 606
8 628
8 773
8 782
8 785
8 793
8 815
8 840
8 871
8 978
8 1057
8 1248
8 1289
8 1314
8 1333
8 1348
8 1378
8 1520
8 1537
8 1575
9 11
9 15
9 20
9 27
9 29
9 32
9 38
9 44
9 49
9 61
9 66
9 84
9 105
9 107
9 121
9 125
9 126
9 154
9 161
9 170
9 183
9 194
9 202
9 212
9 224
9 227
9 229
9 254
9 283
9 322
9 348
9 363
9 399
9 451
9 481
9 484
9 487
9 536
9 543
9 549
9 555
9 574
9 582
9 691
9 700
9 709
9 729
9 783
9 788
9 794
9 801
9 825
9 827
9 1025
9 1032
9 1069
9 1075
9 1130
9 1185
9 1251
9 1255
9 1269
9 1300
9 1302
9 1376
9 1426
9 1530
9 1541
9 1589
9 1637
10 16
10 18
10 36
10 40
10 55
10 73
10 79
10 82
10 99
10 152
10 204
10 210
10 234
10 298
10 395
10 403
10 428
10 436
10 469
10 571
10 587
10 637
10 810
10 866
10 900
10 973
10 1084
10 1223
10 1236
10 1249
10 1272
10 1284
10 1305
10 1311
10 1502
10 1521
11 14
11 16
11 20
11 26
11 27
11 31
11 39
11 40
11 43
11 48
11 58
11 64
11 74
11 91
11 92
11 97
11 101
11 108
11 116
11 122
11 123
11 129
11 152
11 157
11 174
11 205
11 215
11 219
11 237
11 258
11 269
11 271
11 359
11 360
11 373
11 378
11 380
11 397
11 406
11 422
11 426
11 568
11 578
11 648
11 670
11 688
11 695
11 727
11 759
11 787
11 810
11 839
11 841
11 852
11 855
11 864
11 873
11 903
11 918
11 972
11 974
11 1003
11 1030
11 1056
11 1120
11 1192
11 1267
11 1294
11 1306
11 1339
11 1363
11 1369
11 1389
11 1401
11 1427
11 1442
11 1451
11 1473
11 1592
11 1620
11 1629
11 1634
11 1655
12 18
12 19
12 21
12 22
12 30
12 70
12 99
12 101
12 124
12 143
12 144
12 147
12 169
12 185
12 187
12 189
12 221
12 310
12 519
12 548
12 626
12 635
12 684
12 695
12 723
12 853
12 967
12 982
12 1065
12 1175
12 1239
12 1252
12 1331
12 1344
12 1422
12 1475
12 1476
12 1477
12 1546
12 1612
13 16
13 31
13 51
13 67
13 71
13 253
13 257
13 275
13 318
13 334
13 342
13 351
13 495
13 524
13 541
13 677
13 735
13 891
13 1050
13 1110
13 1163
13 1219
13 1234
13 1331
13 1356
13 1427
13 1472
13 1608
14 30
14 55
14 63
14 77
14 115
14 154
14 165
14 179
14 208
14 261
14 297
14 319
14 422
14 437
14 458
14 470
14 480
14 483
14 555
14 649
14 654
14 822
14 850
14 879
14 939
14 953
14 980
14 1041
14 1081
14 1090
14 1186
14 1259
14 1297
14 1421
14 1480
14 1539
14 1541
14 1593
14 1630
14 1637
14 1664
15 18
15 34
15 35
15 37
15 60
15 72
15 94
15 95
15 141
15 155
15 167
15 171
15 189
15 311
15 325
15 339
15 484
15 494
15 497
15 521
15 548
15 569
15 584
15 613
15 712
15 743
15 754
15 768
15 920
15 959
15 1035
15 1125
15 1137
15 1140
15 1201
15 1265
15 1374
15 1622
16 22
16 42
16 52
16 77
16 131
16 296
16 372
16 696
17 36
17 37
17 57
17 59
17 69
17 71
17 87
17 97
17 140
17 243
17 314
17 316
17 335
17 425
17 484
17 530
17 547
17 566
17 593
17 638
17 694
17 706
17 740
17 909
17 1146
17 1192
17 1379
17 1607
17 1616
18 61
18 244
18 355
18 362
18 538
18 572
18 589
18 755
18 959
18 1038
18 1044
18 1149
18 1180
18 1246
18 1488
19 472
20 22
20 40
20 45
20 141
20 213
20 219
20 240
20 454
20 537
20 541
20 673
20 840
20 886
20 943
20 993
20 1025
20 1431
20 1442
20 1476
20 1494
21 48
21 55
21 149
21 200
21 405
21 499
21 545
21 681
21 894
21 1555
22 47
22 534
22 1640
23 33
23 35
23 51
23 52
23 59
23 62
23 70
23 126
23 149
23 213
23 217
23 283
23 302
23 323
23 457
23 477
23 498
23 527
23 567
23 635
23 675
23 722
23 723
23 724
23 797
23 938
23 946
23 1063
23 1084
23 1166
23 1173
23 1194
23 1265
23 1433
23 1517
23 1572
24 50
24 54
24 89
24 128
24 133
24 237
24 336
24 502
24 536
24 550
24 602
24 688
24 699
24 743
24 789
24 806
24 813
24 849
24 853
24 870
24 887
24 963
24 1051
24 1340
24 1428
24 1632
25 47
25 69
25 206
25 531
25 629
25 986
25 996
25 1269
26 28
26 49
26 114
26 207
26 227
26 287
26 298
26 313
26 344
26 365
26 450
26 516
26 604
26 767
26 795
26 836
26 884
26 933
26 1127
26 1141
26 1180
26 1300
26 1308
26 1445
26 1506
27 34
27 39
27 73
27 114
27 134
27 144
27 146
27 204
27 373
27 385
27 400
27 451
27 454
27 502
27 664
27 686
27 848
27 865
27 959
27 983
27 1110
27 1185
27 1289
27 1309
27 1416
27 1443
27 1450
27 1628
28 51
28 57
28 78
28 119
28 132
28 137
28 138
28 151
28 180
28 237
28 291
28 384
28 531
28 556
28 576
28 663
28 1031
28 1056
28 1200
28 1310
28 1311
28 1348
28 1375
28 1394
28 1413
28 1453
28 1484
28 1487
28 1550
28 1636
28 1647
28 1649
29 47
29 53
29 66
29 83
29 103
29 109
29 124
29 178
29 186
29 188
29 216
29 233
29 235
29 238
29 246
29 301
29 323
29 325
29 444
29 474
29 514
29 574
29 759
29 865
29 991
29 992
29 1070
29 1139
29 1543
29 1545
29 1548
30 39
30 104
30 110
30 160
30 181
30 224
30 233
30 239
30 317
30 361
30 525
30 570
30 731
30 742
30 1002
30 1201
30 1232
30 1310
31 130
31 919
31 1027
31 1274
32 34
32 79
32 86
32 196
32 220
32 478
32 527
32 590
32 689
32 744
32 784
32 807
32 861
32 1213
32 1392
32 1546
33 38
33 64
33 87
33 159
33 178
33 195
33 241
33 256
33 257
33 280
33 490
33 527
33 711
33 828
33 1142
33 1217
33 1219
33 1229
33 1269
33 1335
33 1405
33 1487
33 1587
33 1622
34 82
34 115
34 145
34 159
34 174
34 176
34 191
34 202
34 211
34 274
34 276
34 299
34 309
34 331
34 528
34 568
34 824
34 889
34 900
34 901
34 990
34 1018
34 1019
34 1090
34 1103
34 1109
34 1146
34 1168
34 1211
34 1243
34 1295
34 1328
34 1346
34 1420
34 1451
34 1464
34 1479
35 37
35 56
35 106
35 113
35 177
35 201
35 206
35 259
35 295
35 296
35 311
35 320
35 651
35 833
35 915
35 986
35 1012
35 1287
35 1315
35 1338
35 1562
36 89
36 159
36 197
36 262
36 297
36 298
36 331
36 389
36 503
36 561
36 621
36 698
36 752
36 790
36 871
36 905
36 918
36 958
36 966
36 987
36 1037
36 1039
36 1044
36 1070
36 1499
36 1662
37 57
37 120
37 127
37 130
37 198
37 321
37 369
37 405
37 472
37 489
37 823
37 1438
37 1510
38 42
38 46
38 54
38 76
38 102
38 113
38 176
38 205
38 211
38 223
38 228
38 318
38 349
38 374
38 605
38 907
38 961
38 1055
38 1153
38 1252
38 1364
39 90
39 95
39 136
39 143
39 288
39 458
39 524
39 563
39 647
39 679
39 803
39 876
39 1257
39 1357
39 1511
40 63
40 82
40 83
40 122
40 210
40 374
40 495
40 533
40 832
40 1042
40 1256
40 1614
41 52
41 58
41 74
41 84
41 88
41 100
41 101
41 133
41 152
41 166
41 184
41 189
41 195
41 202
41 268
41 285
41 325
41 354
41 380
41 398
41 425
41 426
41 460
41 509
41 533
41 536
41 546
41 553
41 592
41 608
41 612
41 685
41 790
41 849
41 952
41 1024
41 1034
41 1046
41 1067
41 1133
41 1156
41 1162
41 1224
41 1277
41 1434
41 1490
41 1505
41 1576
41 1603
42 56
42 177
42 193
42 218
42 334
42 361
42 388
42 419
42 500
42 505
42 624
42 650
42 714
42 722
42 822
42 1039
42 1058
42 1116
42 1607
42 1617
43 65
43 102
43 112
43 148
43 161
43 214
43 256
43 285
43 306
43 308
43 504
43 560
43 586
43 610
43 698
43 838
43 1187
43 1226
43 1414
43 1516
43 1528
44 56
44 312
44 317
44 385
44 563
44 745
44 1335
44 1597
44 1638
45 46
45 88
45 132
45 207
45 271
45 364
45 408
45 475
45 501
45 643
45 790
45 827
45 835
45 1087
46 67
46 106
46 118
46 140
46 174
46 176
46 318
46 322
46 334
46 499
46 609
46 682
46 795
46 1095
46 1140
46 1329
46 1489
46 1529
47 156
47 190
47 303
47 382
47 873
47 1123
47 1564
47 1599
48 62
48 81
48 198
48 235
48 238
48 255
48 282
48 339
48 437
48 610
48 720
48 751
48 771
48 807
48 808
48 879
48 946
48 1125
48 1140
48 1168
48 1235
48 1441
49 66
49 76
49 128
49 259
49 278
49 785
49 852
49 896
49 1482
49 1509
49 1540
49 1652
50 58
50 60
50 85
50 100
50 105
50 184
50 208
50 231
50 251
50 342
50 375
50 406
50 447
50 486
50 519
50 734
50 744
50 756
50 786
50 847
50 863
50 1032
50 1111
50 1115
50 1187
50 1216
50 1376
50 1476
50 1626
51 91
51 92
51 98
51 194
51 369
51 488
51 519
51 543
51 575
51 602
51 836
51 856
51 937
51 1440
51 1569
51 1573
52 60
52 119
52 164
52 175
52 274
52 277
52 316
52 474
52 493
52 552
52 570
52 753
52 823
52 1002
52 1046
52 1099
52 1115
52 1133
52 1151
53 139
53 150
53 288
53 432
53 642
53 831
53 939
53 1312
53 1462
54 117
54 315
54 382
54 456
54 515
54 561
54 593
54 713
54 799
55 141
55 205
55 282
55 287
55 617
55 620
55 636
55 762
55 965
55 967
55 984
55 1072
55 1104
55 1154
55 1254
55 1292
55 1337
55 1460
55 1649
56 81
56 89
56 131
56 164
56 209
56 262
56 264
56 271
56 372
56 407
56 427
56 429
56 444
56 464
56 494
56 525
56 541
56 552
56 554
56 616
56 622
56 648
56 700
56 1151
56 1190
56 1258
56 1380
56 1391
56 1405
56 1407
56 1435
56 1497
56 1536
57 65
57 294
57 824
57 841
57 1030
57 1039
57 1249
57 1404
57 1424
57 1451
57 1520
58 585
58 650
58 821
59 100
59 308
59 340
59 358
59 396
59 501
59 634
59 703
59 851
59 865
59 883
59 1189
59 1365
59 1560
60 70
60 139
60 147
60 173
60 335
60 386
60 565
60 658
60 782
60 933
60 1106
60 1241
60 1355
60 1362
60 1630
60 1665
61 115
61 132
61 161
61 179
61 390
61 393
61 430
61 632
61 767
61 906
61 971
61 1155
61 1261
61 1571
61 1633
61 1661
62 68
62 86
62 93
62 126
62 133
62 190
62 270
62 381
62 384
62 459
62 473
62 478
62 526
62 577
62 645
62 662
62 792
62 805
62 922
62 952
62 969
62 979
62 1260
63 140
63 151
63 257
63 283
63 319
63 370
63 430
63 481
63 625
63 646
63 728
63 774
63 1046
63 1254
63 1325
63 1347
63 1385
63 1445
64 73
64 80
64 109
64 178
64 263
64 307
64 355
64 446
64 594
64 638
64 954
64 1160
64 1184
65 111
65 180
65 232
65 479
65 506
65 674
65 699
65 834
65 917
65 1073
65 1471
66 117
66 310
66 1173
67 199
67 328
67 388
67 687
67 971
67 1429
68 75
68 80
68 114
68 116
68 148
68 187
68 302
68 410
68 486
68 566
68 866
68 1242
68 1340
68 1498
68 1579
69 74
69 158
69 229
69 289
69 383
69 544
69 582
69 730
69 1118
69 1400
69 1419
69 1645
70 79
70 90
70 110
70 163
70 185
70 284
70 535
70 640
70 717
70 923
70 926
70 1220
70 1461
71 75
71 76
71 106
71 145
71 196
71 203
71 249
71 272
71 292
71 353
71 418
71 461
71 535
71 556
71 572
71 731
71 760
71 939
71 940
71 941
71 953
71 999
71 1001
71 1081
71 1126
71 1444
71 1596
71 1651
72 336
72 353
72 475
72 564
72 597
72 613
72 1278
72 1523
72 1576
73 171
73 247
73 292
73 328
73 498
73 778
73 928
73 1117
73 1152
73 1440
73 1554
74 96
74 339
75 137
75 138
75 210
75 213
75 265
75 292
75 300
75 435
75 450
75 523
75 542
75 708
75 1067
75 1170
75 1232
75 1314
75 1355
75 1554
75 1581
75 1599
75 1604
76 112
76 134
76 145
76 160
76 299
76 427
76 668
76 855
76 1193
77 157
77 196
77 225
77 231
77 245
77 277
77 399
77 447
77 718
77 878
77 1129
77 1164
78 108
78 170
78 192
78 327
78 349
78 404
78 414
78 444
78 447
78 448
78 612
78 629
78 792
78 879
78 1131
78 1248
78 1264
78 1343
78 1418
79 142
79 162
79 264
79 338
79 578
79 922
79 929
79 1164
79 1482
80 119
80 233
80 338
80 363
80 406
80 432
80 682
80 687
80 710
80 765
80 862
80 1230
80 1351
81 94
81 111
81 149
81 232
81 263
81 295
81 329
81 411
81 449
81 607
81 736
81 927
81 1163
81 1382
81 1411
81 1448
81 1468
81 1598
83 192
83 247
83 258
84 112
84 135
84 139
84 148
84 182
84 185
84 193
84 222
84 230
84 251
84 273
84 375
84 383
84 386
84 414
84 464
84 511
84 584
84 616
84 619
84 660
84 731
84 804
84 905
84 1008
84 1139
84 1155
84 1176
84 1237
84 1266
84 1452
84 1472
84 1538
84 1646
84 1650
85 86
85 725
85 837
85 1152
85 1280
85 1283
85 1364
85 1605
86 99
86 199
86 269
86 279
86 368
86 370
86 392
86 442
86 590
86 605
86 671
86 741
86 982
86 1107
86 1208
86 1233
86 1392
86 1516
86 1594
87 96
87 123
87 167
87 260
87 312
87 330
87 355
87 446
87 493
87 566
87 813
87 900
87 1059
87 1075
87 1124
87 1129
87 1169
87 1248
87 1299
87 1477
87 1604
87 1644
88 91
88 143
88 337
88 464
88 560
88 589
88 1282
88 1360
88 1556
89 93
89 263
89 455
89 582
89 880
89 929
89 1262
89 1306
89 1386
90 136
90 158
90 880
90 1004
90 1305
91 192
91 204
91 253
91 502
91 559
91 583
91 666
91 673
91 707
91 888
91 895
91 932
91 1001
91 1240
91 1286
91 1338
91 1383
91 1408
91 1483
92 356
92 683
92 823
92 987
93 103
93 265
93 465
93 850
93 981
93 1011
93 1061
93 1459
93 1559
93 1624
94 121
94 260
94 460
94 496
94 586
94 681
94 854
94 915
94 1237
94 1267
94 1359
94 1522
94 1524
94 1635
95 118
95 171
95 242
95 249
95 327
95 333
95 403
95 597
95 650
95 803
95 889
95 898
95 947
95 994
95 1052
95 1125
95 1172
95 1246
95 1274
95 1362
95 1409
96 1123
96 1195
96 1260
97 135
97 512
97 593
97 728
98 284
98 553
98 632
98 1115
98 1243
98 1373
99 104
99 137
99 186
99 215
99 261
99 705
99 1088
99 1183
99 1320
99 1344
100 124
100 155
100 353
100 772
100 1071
100 1260
100 1300
100 1530
101 127
101 168
101 261
101 336
101 640
101 755
101 1378
102 313
102 563
102 567
102 629
102 676
102 737
102 809
102 895
102 958
102 1009
102 1022
102 1165
102 1480
102 1482
102 1592
103 738
103 839
103 1392
104 108
104 916
104 1083
105 135
105 150
105 223
105 485
105 506
105 609
105 675
105 756
105 791
105 857
105 1029
105 1403
105 1574
105 1650
106 177
106 293
106 338
106 415
106 473
106 483
106 645
106 680
106 888
106 962
106 977
106 1001
106 1049
106 1132
106 1238
106 1580
107 211
107 538
108 225
108 265
108 529
108 588
108 853
108 1195
108 1317
109 116
109 348
109 539
109 586
109 658
109 768
109 881
109 1416
109 1436
109 1517
110 442
110 600
110 1009
111 277
111 412
111 441
111 548
111 559
111 580
111 644
111 706
112 341
112 699
112 898
113 505
113 537
113 549
113 711
113 841
113 1020
113 1279
113 1486
113 1491
113 1542
113 1573
114 123
114 125
114 151
114 236
114 287
114 289
114 290
114 312
114 415
114 423
114 433
114 605
114 776
114 784
114 819
114 877
114 970
114 1085
114 1155
114 1532
114 1564
115 129
115 181
115 409
115 503
115 528
115 558
115 759
115 957
115 968
115 1030
115 1050
115 1183
115 1394
116 482
116 1450
117 136
117 216
117 229
117 250
117 391
117 394
117 411
117 467
117 659
117 662
117 697
117 838
117 845
117 956
117 978
117 1080
117 1213
117 1236
117 1394
117 1447
118 596
118 753
118 989
118 1465
118 1516
119 188
119 216
119 399
119 439
119 591
119 604
119 1177
119 1212
119 1372
120 236
120 249
120 296
120 587
120 821
121 165
121 217
121 290
121 307
121 370
121 816
121 828
121 1156
121 1318
122 153
122 266
122 332
122 660
123 332
123 843
124 381
124 577
124 661
124 747
124 872
124 1128
124 1135
124 1298
124 1623
125 280
125 1663
126 1614
127 188
127 307
127 631
127 1064
127 1178
127 1665
128 346
128 352
128 402
128 1004
128 1485
129 1052
130 413
130 561
130 594
130 626
130 914
130 1633
131 182
131 187
131 285
131 424
131 445
131 530
131 781
131 1161
131 1633
132 153
132 191
132 241
132 817
133 175
133 181
133 232
133 239
133 538
133 607
133 696
133 934
133 1102
133 1206
133 1640
134 198
134 220
134 248
134 279
134 289
134 316
134 321
134 479
134 621
134 634
134 663
134 682
134 738
134 1150
134 1211
134 1254
134 1290
134 1301
134 1413
134 1497
134 1612
135 165
135 182
135 567
135 1078
136 186
136 391
136 772
136 849
136 960
136 1358
137 240
137 653
137 884
137 1079
137 1631
138 395
138 526
138 1043
138 1250
138 1641
139 200
139 390
139 431
139 678
139 1448
140 209
140 251
140 333
140 356
140 459
140 600
140 669
140 680
140 867
140 874
140 935
140 977
140 1042
141 225
141 258
141 507
141 514
141 549
141 618
141 656
141 680
141 1012
141 1045
141 1193
141 1403
141 1508
142 172
142 228
142 831
142 1438
143 169
143 321
143 416
143 423
143 555
143 719
143 812
143 902
143 966
143 1010
143 1017
143 1182
143 1456
143 1551
143 1618
144 740
145 155
145 379
145 979
145 1240
146 272
146 867
146 875
146 914
146 1212
147 197
147 422
147 663
147 802
147 937
147 1070
148 221
148 443
148 580
148 781
148 1563
149 221
149 518
149 749
149 775
149 791
149 802
149 944
149 1408
150 238
150 461
150 507
150 550
150 554
150 625
150 936
150 972
150 1116
150 1119
150 1199
150 1359
150 1375
151 164
151 304
151 539
151 761
151 1454
152 222
152 243
152 266
152 404
152 417
152 708
152 739
152 1190
152 1241
152 1354
153 578
154 158
154 169
154 193
154 288
154 500
154 528
154 763
154 885
154 1109
154 1198
154 1273
154 1353
154 1368
155 206
155 376
155 585
155 591
155 755
155 1379
155 1483
156 215
156 245
156 266
156 522
156 734
156 869
157 167
157 223
157 230
157 357
157 369
157 409
157 410
157 913
157 944
157 1033
157 1040
157 1097
157 1114
157 1249
157 1310
157 1425
158 250
158 462
158 667
158 689
158 690
158 722
158 983
158 1101
158 1322
159 195
159 326
159 526
159 647
159 890
159 1026
159 1040
159 1181
159 1227
159 1244
159 1553
159 1653
160 166
160 173
160 226
160 231
160 611
161 170
161 208
161 212
161 219
161 362
161 461
161 516
161 704
161 946
161 1090
161 1270
161 1273
161 1534
162 418
162 746
162 1087
162 1548
162 1646
163 236
163 364
163 431
163 455
163 564
163 618
163 753
163 952
163 960
163 1233
164 396
164 643
164 1358
164 1453
164 1546
165 241
165 243
165 421
165 1091
165 1388
166 194
166 393
166 662
166 707
166 905
166 1029
166 1106
166 1469
166 1508
167 217
167 343
167 378
167 498
167 517
167 1068
167 1274
167 1448
168 228
168 252
168 303
168 306
168 490
168 751
168 820
168 868
168 886
168 1037
170 256
170 293
171 255
171 951
171 970
171 985
171 1437
172 686
172 725
172 1223
172 1284
172 1430
173 775
173 887
173 971
173 1121
175 359
175 551
175 1013
176 197
176 295
176 332
176 359
176 445
176 545
176 798
176 810
176 1016
177 275
177 363
177 489
177 708
177 955
177 1111
177 1351
177 1432
178 326
178 391
178 463
178 872
178 1043
178 1221
178 1511
179 183
179 293
179 294
179 304
179 429
179 467
179 479
179 588
179 608
179 625
179 733
179 955
179 1063
179 1133
179 1384
179 1385
179 1397
180 222
180 340
180 492
180 748
180 1414
181 1253
182 746
182 783
183 190
183 308
183 727
183 838
183 893
183 1521
183 1595
184 203
184 218
184 246
184 306
184 317
184 330
184 500
184 547
184 562
184 671
184 861
184 895
184 921
184 1028
184 1363
184 1381
185 624
185 716
185 874
185 1384
186 201
186 220
186 598
186 966
186 1409
187 361
187 416
187 466
187 620
187 697
187 833
187 945
187 1142
187 1224
187 1286
187 1298
187 1326
188 214
188 320
188 415
188 1179
188 1184
188 1190
188 1590
189 589
189 700
189 1277
190 315
190 626
191 847
192 732
192 1330
192 1589
192 1602
193 551
193 744
193 1191
193 1502
194 281
194 305
194 394
194 419
194 462
194 608
194 716
194 1048
194 1464
194 1475
195 1270
196 439
196 702
196 894
196 934
196 1060
197 260
197 328
197 340
197 443
197 448
197 613
197 848
197 1007
197 1349
197 1567
198 769
198 1560
200 357
200 402
200 462
200 738
200 774
200 928
200 1014
200 1262
200 1361
201 371
201 378
201 398
201 436
201 916
201 968
201 1053
201 1086
201 1377
202 270
202 424
202 837
202 904
202 929
202 1078
202 1270
202 1276
202 1608
203 337
203 480
203 816
203 950
203 1064
203 1263
204 403
204 565
204 610
204 666
204 727
204 932
204 1135
204 1604
205 1139
205 1225
206 281
206 639
206 1296
207 499
207 1502
208 418
208 1470
209 227
210 407
210 440
210 941
210 1329
211 269
211 313
211 407
211 426
211 511
211 611
211 621
211 932
211 1154
211 1220
211 1299
211 1462
211 1601
212 515
212 520
212 1060
212 1223
212 1558
213 350
213 397
213 509
213 734
213 948
213 1119
213 1196
214 432
214 488
214 557
214 644
214 672
214 914
214 962
214 1170
214 1278
214 1377
214 1595
214 1622
214 1637
215 242
215 483
215 637
215 770
215 1543
216 1096
216 1642
217 291
217 389
217 424
217 505
217 518
217 530
217 641
217 649
217 728
217 762
217 861
217 956
217 1166
217 1196
217 1206
217 1275
217 1296
217 1352
217 1570
218 324
218 508
218 618
220 1366
220 1522
221 240
221 244
221 392
221 1191
221 1295
222 319
222 384
222 602
222 684
222 1583
224 286
224 604
225 239
225 309
225 371
225 409
225 676
225 694
225 805
225 824
225 925
225 931
225 1425
225 1565
225 1663
226 230
226 250
226 345
226 389
226 572
226 592
226 687
226 1016
226 1372
226 1399
226 1612
226 1660
228 551
228 632
228 1022
228 1079
229 275
229 279
229 819
229 1207
229 1320
229 1458
230 252
230 360
230 383
230 385
230 523
230 612
230 844
231 458
231 547
231 601
231 808
231 904
232 400
232 420
232 694
232 763
233 429
233 452
233 724
233 769
233 1000
233 1083
233 1232
234 254
234 337
234 557
234 1137
235 575
235 897
236 376
236 931
236 1080
236 1483
237 776
238 255
238 388
238 501
238 534
238 672
238 993
238 1222
238 1241
238 1457
238 1634
239 259
239 512
239 1055
239 1189
239 1299
239 1493
239 1507
239 1571
240 997
240 1474
240 1512
241 457
242 705
242 910
242 1144
243 245
243 290
243 331
243 598
243 1062
243 1174
243 1280
243 1304
243 1377
243 1417
244 302
244 366
244 1204
244 1542
245 286
245 309
245 437
245 491
245 951
246 377
246 683
246 689
246 942
246 1174
246 1302
247 305
247 829
247 980
247 1150
247 1484
248 305
248 371
248 750
249 908
249 1580
250 545
250 703
251 497
252 329
252 347
252 357
252 397
252 466
252 503
252 656
252 797
252 828
252 995
252 1048
252 1402
252 1428
252 1648
253 368
253 630
253 660
253 669
253 947
253 982
253 998
253 1097
253 1218
253 1595
254 664
254 1277
254 1534
255 750
256 360
257 314
257 446
257 669
257 765
257 975
257 1079
258 343
259 262
259 344
259 345
259 346
259 354
259 431
259 438
259 564
259 718
259 757
259 769
259 779
259 798
259 860
259 1086
259 1401
259 1496
259 1625
260 737
260 800
260 1131
260 1578
261 793
261 1050
261 1108
261 1122
261 1342
261 1509
262 480
262 845
262 1194
262 1205
263 276
263 327
263 434
263 469
263 562
263 615
263 646
263 943
263 1177
263 1245
263 1285
264 281
264 286
264 477
264 758
264 1073
265 349
265 351
265 417
265 517
265 569
265 653
265 818
265 926
265 965
266 795
266 1033
267 436
267 933
267 1085
267 1194
268 274
268 405
268 421
268 550
268 627
268 787
268 907
268 1113
268 1282
268 1293
268 1318
268 1552
268 1561
268 1663
269 408
269 491
269 732
269 830
269 1224
269 1424
269 1519
270 453
270 765
270 806
270 1153
271 310
271 749
272 743
272 1272
273 365
273 468
273 513
273 571
273 623
273 809
273 1098
273 1138
273 1210
273 1357
273 1437
273 1563
274 419
274 1218
275 323
276 531
276 656
276 833
276 1154
276 1225
276 1485
277 595
277 652
277 701
277 741
277 818
277 1022
278 475
278 1007
278 1058
278 1177
279 342
279 507
279 631
279 1373
279 1456
279 1541
280 627
280 808
281 333
281 684
281 893
281 1290
281 1435
282 453
283 335
283 637
283 655
284 935
284 1052
284 1124
284 1286
285 311
285 382
285 997
285 1619
286 1327
287 347
287 408
287 658
287 719
287 1565
288 301
288 955
288 989
288 1008
288 1467
289 297
289 345
290 924
291 341
291 782
291 1006
291 1157
291 1226
292 745
292 796
292 886
292 930
292 1309
293 387
294 387
294 1409
294 1491
295 352
295 428
295 761
296 969
296 1581
297 366
297 693
297 726
297 918
297 1099
298 1328
298 1474
299 1004
299 1341
300 707
301 350
301 692
301 747
301 1317
301 1371
301 1636
302 433
302 576
303 988
303 1137
304 540
304 696
304 826
304 1117
304 1242
304 1343
305 796
306 510
306 532
306 606
306 826
306 1020
306 1167
306 1258
307 1164
308 467
308 834
308 926
308 986
308 1410
309 760
309 1202
309 1321
309 1341
310 799
310 825
310 1161
311 404
311 723
311 902
311 1273
311 1307
312 496
314 449
314 573
314 652
314 876
314 993
314 1028
314 1421
315 364
315 456
315 580
315 717
315 1408
316 1422
317 417
317 440
317 636
318 410
318 897
318 1023
319 1334
320 477
320 492
320 619
320 630
320 868
320 1014
320 1118
321 324
321 639
321 1352
321 1481
321 1495
321 1555
322 746
323 485
323 540
323 596
323 883
323 1227
324 398
324 1061
324 1457
324 1549
325 401
325 1397
325 1442
325 1513
326 435
326 1043
326 1534
327 329
327 365
327 463
327 569
327 587
327 615
327 812
327 890
328 512
328 516
328 1628
329 373
329 379
329 991
329 1439
330 709
330 924
330 1193
332 351
332 375
332 476
332 619
332 1537
332 1625
333 752
333 1393
334 367
334 460
334 1167
334 1353
335 412
335 504
335 534
335 775
335 846
335 1008
336 346
336 434
336 474
336 1054
337 1100
338 948
338 1288
338 1504
339 789
339 1257
340 377
340 881
341 1518
342 843
342 1010
343 513
343 647
344 599
344 651
344 693
344 1057
344 1060
344 1330
344 1434
344 1460
346 368
346 416
346 486
346 603
346 733
346 739
346 742
346 1093
346 1366
346 1526
347 1196
348 1568
349 1000
350 372
350 524
350 781
350 801
350 1118
350 1171
350 1266
350 1303
350 1515
350 1629
351 1627
352 927
352 972
353 401
353 864
353 957
353 1023
353 1345
353 1365
353 1423
354 762
355 733
355 821
355 1067
355 1128
355 1215
355 1221
355 1222
355 1649
355 1658
356 448
356 515
356 834
356 1033
356 1339
357 558
357 912
358 392
358 770
359 520
359 617
359 712
359 760
359 777
359 811
359 1049
359 1553
360 923
360 1229
360 1462
362 506
362 702
362 1500
364 485
364 1387
365 1594
366 942
367 570
367 639
367 651
367 702
367 805
367 836
367 1208
368 540
368 793
369 393
369 866
369 1138
369 1573
371 936
371 1114
372 794
372 1047
373 623
374 1580
374 1613
375 412
375 520
375 1324
376 454
376 470
378 546
378 1011
378 1436
378 1634
379 439
379 655
379 773
379 1073
379 1651
380 964
380 1513
380 1613
381 617
381 912
381 1065
381 1581
382 414
382 469
382 482
382 977
382 1120
382 1209
382 1521
383 434
383 748
383 772
383 1245
383 1446
383 1549
384 457
384 468
384 590
384 1121
384 1149
384 1290
384 1323
384 1659
385 442
385 452
385 517
385 620
385 667
385 1032
385 1512
385 1559
386 455
386 489
386 1181
386 1301
386 1543
386 1662
387 973
387 1031
388 390
388 638
388 675
388 678
388 1367
389 476
389 854
389 1598
390 466
390 473
390 592
391 420
391 573
391 703
391 863
391 1006
392 1178
392 1179
393 736
393 1109
394 413
394 588
394 1132
394 1172
395 413
395 785
395 1315
395 1429
396 826
396 845
396 1309
397 681
397 860
397 1103
397 1239
397 1370
398 556
398 600
398 1143
398 1148
398 1406
398 1605
399 465
399 583
399 641
399 693
399 1108
401 487
401 575
401 1152
401 1307
401 1445
402 522
402 1018
402 1510
403 452
404 915
404 1439
404 1531
404 1567
405 441
406 831
406 903
406 925
406 1292
406 1405
406 1430
406 1652
407 1629
408 985
408 1025
408 1265
408 1566
409 1335
410 1238
410 1648
412 471
412 544
413 906
413 1075
414 543
414 1135
415 532
415 1058
416 628
416 815
417 788
417 913
417 1652
419 1101
421 1255
422 1362
422 1379
423 598
423 653
423 729
423 846
423 1047
423 1325
423 1346
423 1562
424 1200
424 1447
425 642
425 961
426 441
426 667
426 717
426 801
426 1398
428 456
429 518
430 539
430 577
431 470
431 494
431 521
431 574
431 599
431 616
431 721
431 1085
431 1113
431 1145
431 1288
431 1386
431 1569
433 1397
434 736
434 1539
435 725
436 1054
438 514
438 579
438 623
438 777
439 713
439 968
439 994
439 1492
439 1506
439 1528
439 1582
440 529
440 923
441 754
441 1077
441 1100
442 674
442 748
442 1093
442 1648
443 568
443 1209
443 1371
444 827
444 1313
444 1400
445 1271
446 1002
447 471
447 631
447 648
447 815
447 875
447 882
447 1045
447 1213
447 1268
448 487
449 465
449 584
449 992
449 1319
449 1452
450 478
450 683
450 701
450 764
450 1082
450 1197
451 796
455 463
455 509
455 553
455 1147
455 1346
456 1182
456 1197
457 800
459 657
459 957
459 1240
459 1319
459 1659
460 611
461 715
461 1158
462 778
462 803
462 1015
462 1016
462 1210
462 1473
462 1536
463 603
463 712
463 943
463 1443
464 740
465 491
467 1107
468 488
468 1163
469 490
469 492
472 1124
472 1258
472 1278
473 1071
473 1175
473 1192
473 1263
473 1422
475 496
475 544
475 640
475 714
475 1089
475 1321
475 1607
476 825
476 1610
477 614
477 1017
477 1404
477 1624
478 859
478 1026
478 1469
480 786
481 945
481 970
481 983
481 1119
483 1367
484 940
484 996
485 679
485 698
485 842
485 1547
486 609
486 655
486 963
487 799
488 1080
488 1441
489 583
489 701
489 773
489 786
489 1071
489 1350
490 1390
490 1529
491 1264
491 1336
492 635
492 646
492 909
492 1160
492 1410
493 758
493 1402
493 1455
493 1527
495 1601
496 585
496 904
497 1487
497 1524
497 1567
498 558
498 844
498 992
498 1158
498 1162
498 1287
499 1065
499 1161
500 603
500 1094
500 1540
501 730
501 1565
502 766
503 691
503 870
503 1423
504 599
504 974
504 1420
505 767
505 873
506 777
507 560
507 1156
508 754
509 537
509 867
509 1374
510 766
510 1024
510 1126
510 1418
511 668
511 724
511 1007
511 1189
512 804
512 1059
512 1447
514 715
514 976
514 1141
514 1228
514 1455
514 1552
515 679
516 565
516 711
516 776
517 1005
517 1553
518 596
518 937
518 1570
518 1596
518 1621
519 532
520 1327
520 1600
521 763
521 1339
521 1463
522 768
522 997
522 1102
523 552
523 641
523 911
523 1650
524 525
524 630
524 897
524 1176
525 666
525 1233
525 1333
526 1087
527 529
527 822
527 837
527 851
527 1517
527 1577
527 1615
528 1088
528 1251
528 1512
531 533
531 654
531 1134
532 606
532 706
532 856
532 1158
532 1404
533 633
533 671
533 1351
533 1654
534 817
534 1068
534 1204
534 1469
534 1505
535 1312
536 938
536 989
536 1387
536 1389
537 726
537 938
538 1609
539 557
539 595
539 761
539 842
539 1063
539 1459
540 1518
541 813
541 856
542 720
543 1021
543 1227
545 1077
545 1407
545 1575
547 794
547 876
547 1291
547 1380
547 1583
549 910
549 925
550 1144
554 898
554 962
554 1259
555 812
555 1489
555 1656
556 674
556 928
556 953
556 984
556 1014
556 1142
556 1297
559 1112
559 1393
559 1523
560 622
560 1166
561 868
562 807
562 1045
562 1112
562 1334
562 1341
563 633
564 1111
565 948
566 832
566 1136
566 1202
567 576
567 857
567 916
567 1207
567 1415
567 1535
568 668
568 1285
568 1586
569 1305
570 745
570 951
572 811
572 1089
572 1486
572 1610
575 735
576 806
577 614
577 665
577 1571
578 636
579 695
579 811
580 814
580 1275
580 1455
581 922
581 1038
581 1654
582 1105
582 1504
583 854
585 704
585 954
586 1615
588 852
588 1337
588 1347
589 756
589 791
590 872
590 1176
590 1205
591 1049
592 862
592 1538
592 1627
593 677
593 843
595 802
595 1472
595 1609
597 1316
598 686
599 601
600 697
600 764
600 961
600 1072
600 1149
600 1207
600 1531
601 1036
601 1098
601 1357
601 1519
601 1587
603 965
603 1082
603 1151
603 1326
603 1558
605 661
605 902
605 1028
605 1153
605 1449
606 1465
607 1129
608 860
608 862
609 1013
610 1066
610 1096
611 1539
612 990
613 1136
613 1382
614 778
614 858
614 1245
615 644
615 652
615 685
615 899
615 1475
617 633
617 797
619 1398
620 649
622 1378
623 832
623 974
623 1492
624 705
624 912
625 665
625 749
625 757
625 780
625 892
625 1159
626 659
626 1498
627 657
627 690
627 1493
629 1235
629 1342
630 1369
631 654
631 715
631 1078
631 1582
633 1017
634 891
634 1242
636 788
637 1292
638 1055
638 1145
638 1179
638 1304
639 1365
640 665
640 869
642 930
642 934
642 1169
643 890
643 1474
643 1528
644 1188
646 1579
647 692
647 809
648 1069
649 780
650 1104
651 1591
652 909
652 1113
652 1116
653 752
653 1183
654 657
654 741
654 1019
654 1639
655 664
655 1568
656 816
657 1640
659 899
659 1465
660 987
661 1034
661 1114
661 1170
662 690
662 726
662 930
662 1188
663 1388
663 1538
664 917
664 988
665 677
665 1097
665 1256
665 1597
666 1570
669 1059
669 1088
670 1203
670 1340
671 1145
672 714
672 1291
673 735
673 878
673 1148
673 1234
674 998
675 870
676 1222
676 1426
677 1165
678 720
679 730
679 869
679 947
679 1239
679 1492
680 751
681 978
681 1550
682 1323
683 913
683 1064
683 1646
684 818
684 829
684 1398
685 911
687 780
687 1015
687 1104
688 1489
692 839
692 1403
694 1291
695 1012
695 1188
695 1257
696 910
696 1051
696 1585
696 1664
697 750
697 1005
697 1349
699 1371
699 1406
700 710
700 716
701 1524
701 1660
704 829
704 1353
704 1588
705 820
705 887
705 1283
707 949
708 737
708 1143
708 1247
708 1308
708 1361
708 1547
712 949
712 1396
713 1349
715 901
715 1501
716 1013
717 757
717 771
717 1076
717 1613
718 1092
719 1478
720 1246
721 814
722 789
722 1334
722 1411
723 766
725 732
725 1180
725 1410
726 1256
726 1432
727 804
727 857
727 908
727 1585
727 1608
727 1656
727 1657
730 742
730 1294
730 1329
730 1545
732 764
732 979
732 1101
733 747
733 1003
733 1021
733 1026
733 1031
735 1636
736 1603
737 1501
739 1368
739 1577
739 1664
740 1317
741 1348
742 1279
742 1356
744 877
744 1421
745 844
745 846
745 1110
745 1136
747 1370
747 1617
749 792
749 941
749 1159
754 1181
755 1019
755 1289
755 1615
756 779
756 940
756 1044
756 1186
756 1558
758 1076
759 784
762 1074
763 907
763 1234
763 1243
763 1660
764 976
764 1420
764 1624
765 911
766 1600
767 945
767 976
767 1105
767 1209
767 1592
768 819
768 899
768 1386
769 1228
770 1641
772 1003
772 1399
772 1514
773 1000
773 1308
775 1302
779 1314
780 1368
781 1261
781 1284
781 1376
782 1639
783 1051
784 1395
785 973
786 1112
786 1467
786 1497
787 1653
788 1230
789 1477
791 1199
793 1417
793 1515
794 949
794 1127
795 881
796 919
796 950
796 1657
800 1330
801 1066
801 1306
803 1495
803 1505
805 1038
805 1395
806 1216
806 1578
807 863
807 1068
810 885
810 1590
812 874
812 1015
812 1215
813 1259
813 1320
813 1576
813 1614
814 1191
816 1146
816 1225
816 1535
817 820
817 1009
817 1169
817 1401
817 1514
818 1208
818 1336
819 840
819 875
819 877
822 883
822 1102
825 1061
826 882
826 1548
827 859
828 1216
829 1360
829 1456
829 1591
830 1083
830 1171
830 1303
832 1121
832 1406
832 1494
832 1515
833 998
835 1247
836 1096
836 1098
837 1525
839 842
839 999
839 1095
840 920
840 1338
840 1461
841 995
842 1006
842 1175
843 1100
844 1303
844 1366
845 1094
845 1460
847 858
847 1328
847 1496
849 859
849 882
849 960
849 1252
850 889
850 1441
851 894
851 956
852 1360
852 1383
852 1439
853 1041
853 1412
857 1400
858 996
858 1380
859 924
860 901
860 963
860 1591
860 1661
861 1381
861 1575
864 893
864 935
864 1358
864 1478
865 1253
868 980
868 1359
868 1390
868 1412
868 1444
869 975
869 1304
869 1440
870 964
870 1598
873 885
874 1077
874 1578
875 984
875 1263
877 917
878 927
880 1466
882 1020
883 994
883 1148
883 1295
883 1498
884 1126
886 1583
887 892
888 1332
888 1382
889 1235
890 1128
890 1342
891 1237
893 964
893 1094
894 991
894 1372
895 931
895 969
895 1236
895 1428
896 1628
897 1525
898 1047
902 1076
906 1024
906 1057
906 1332
906 1350
906 1495
908 975
909 1029
909 1198
909 1450
909 1471
912 1544
913 1089
913 1184
915 1200
916 1069
920 1105
920 1108
920 1244
920 1374
922 1396
925 1419
928 1202
929 944
929 1454
933 981
933 1199
934 1540
937 1370
941 1332
942 1280
943 1162
943 1621
945 1035
946 1510
950 1157
957 1527
959 1187
963 1644
964 1130
964 1281
966 1005
966 1081
966 1488
966 1606
968 1062
969 1484
970 1470
971 1433
972 1092
973 1040
973 1464
976 1074
976 1086
977 1427
978 1174
979 1171
981 1466
982 1419
983 990
983 1185
986 1375
986 1384
986 1471
986 1644
987 1056
987 1593
989 1054
989 1132
989 1385
990 1321
991 1503
992 1294
994 1036
995 1082
996 1316
996 1537
997 1120
997 1507
998 1363
1000 1093
1000 1526
1001 1103
1001 1197
1004 1048
1004 1231
1004 1266
1005 1036
1007 1275
1011 1446
1012 1117
1013 1457
1016 1201
1017 1027
1017 1261
1017 1569
1018 1092
1020 1435
1022 1123
1022 1203
1022 1221
1023 1298
1025 1313
1025 1590
1027 1095
1030 1219
1032 1383
1032 1623
1033 1041
1033 1107
1034 1144
1037 1606
1039 1623
1040 1564
1041 1352
1042 1217
1042 1355
1043 1231
1043 1531
1043 1626
1044 1533
1047 1596
1049 1323
1053 1195
1055 1601
1056 1293
1057 1134
1057 1313
1057 1396
1058 1557
1058 1657
1059 1407
1061 1431
1062 1230
1062 1429
1062 1499
1066 1182
1066 1238
1067 1147
1068 1287
1068 1315
1069 1645
1070 1572
1071 1167
1074 1178
1075 1426
1075 1499
1075 1522
1079 1281
1079 1307
1079 1415
1079 1443
1080 1364
1080 1641
1084 1226
1084 1504
1086 1437
1086 1584
1087 1251
1087 1283
1092 1584
1097 1511
1101 1367
1102 1415
1104 1311
1104 1494
1106 1337
1107 1585
1109 1529
1110 1198
1110 1444
1112 1665
1113 1325
1115 1255
1117 1228
1119 1326
1123 1168
1123 1173
1123 1662
1125 1566
1126 1611
1126 1647
1128 1336
1128 1391
1133 1586
1133 1651
1134 1589
1140 1461
1140 1470
1143 1268
1144 1549
1144 1593
1151 1262
1151 1561
1155 1542
1157 1425
1158 1272
1159 1345
1160 1293
1161 1282
1161 1523
1164 1250
1165 1588
1165 1603
1167 1532
1174 1218
1176 1577
1177 1389
1179 1463
1181 1557
1188 1204
1188 1632
1189 1416
1190 1594
1192 1574
1194 1587
1195 1231
1195 1491
1196 1642
1200 1267
1205 1214
1207 1214
1207 1479
1208 1331
1208 1572
1210 1520
1211 1557
1216 1579
1217 1488
1218 1288
1218 1343
1221 1316
1225 1414
1225 1480
1233 1327
1234 1387
1235 1500
1237 1301
1239 1616
1241 1354
1243 1533
1251 1402
1255 1271
1255 1297
1258 1631
1262 1417
1263 1324
1264 1547
1270 1412
1271 1345
1274 1433
1276 1468
1278 1527
1286 1639
1287 1485
1287 1602
1288 1434
1292 1551
1295 1621
1299 1556
1301 1478
1309 1354
1309 1481
1312 1369
1314 1550
1314 1562
1315 1347
1315 1630
1316 1503
1318 1618
1320 1399
1325 1642
1329 1617
1338 1390
1342 1411
1342 1568
1343 1584
1352 1431
1352 1619
1352 1656
1354 1500
1357 1507
1359 1395
1367 1556
1368 1458
1371 1552
1373 1453
1374 1493
1379 1519
1390 1555
1390 1654
1395 1501
1396 1582
1402 1468
1405 1611
1407 1490
1409 1658
1413 1432
1414 1486
1417 1616
1419 1454
1424 1532
1426 1479
1437 1518
1438 1463
1438 1481
1449 1545
1451 1643
1454 1559
1459 1525
1459 1605
1462 1533
1466 1503
1466 1513
1469 1508
1476 1509
1477 1599
1477 1653
1480 1490
1483 1588
1503 1563
1507 1530
1509 1526
1510 1609
1511 1647
1519 1574
1520 1566
1522 1544
1522 1619
1525 1597
1525 1602
1550 1632
1554 1586
1579 1643
1582 1638
1591 1610
1592 1661
1596 1645
1604 1625
1630 1659
1642 1655
