0 1
0 2
0 3
0 4
0 5
0 6
0 7
0 21
0 25
0 37
0 43
0 47
0 56
0 64
0 89
0 99
0 115
0 119
0 124
0 128
0 146
0 157
0 158
0 164
0 166
0 188
0 199
0 207
0 235
0 250
0 268
0 310
0 342
0 348
0 349
0 359
0 395
0 401
0 412
0 420
0 490
0 503
0 640
0 659
0 708
0 735
0 777
0 783
0 796
0 828
0 852
0 876
0 891
0 903
0 916
0 961
0 1021
0 1027
0 1073
0 1075
0 1082
0 1110
0 1171
0 1248
0 1268
0 1302
0 1314
0 1407
0 1408
0 1437
0 1469
0 1551
0 1575
0 1657
0 1682
0 1701
0 1741
0 1811
0 1836
0 1994
0 2028
0 2045
0 2058
0 2066
0 2073
0 2102
0 2231
0 2300
0 2305
0 2350
0 2404
0 2505
0 2506
0 2579
0 2779
0 2852
0 2994
0 3008
0 3010
0 3077
0 3084
0 3105
0 3210
0 3235
0 3256
0 3306
0 3326
1 4
1 6
1 8
1 9
1 10
1 11
1 13
1 14
1 15
1 17
1 18
1 19
1 22
1 23
1 24
1 27
1 30
1 34
1 35
1 38
1 39
1 41
1 42
1 45
1 47
1 50
1 51
1 59
1 62
1 67
1 69
1 82
1 83
1 91
1 98
1 101
1 114
1 118
1 121
1 136
1 153
1 161
1 168
1 169
1 170
1 175
1 177
1 180
1 190
1 193
1 201
1 208
1 217
1 219
1 223
1 234
1 237
1 238
1 239
1 241
1 248
1 256
1 261
1 277
1 278
1 286
1 306
1 313
1 316
1 333
1 338
1 351
1 354
1 363
1 372
1 385
1 391
1 405
1 411
1 414
1 427
1 466
1 483
1 484
1 489
1 495
1 498
1 509
1 511
1 531
1 534
1 536
1 540
1 545
1 551
1 562
1 563
1 568
1 570
1 576
1 585
1 598
1 618
1 631
1 634
1 666
1 675
1 678
1 679
1 741
1 749
1 767
1 771
1 787
1 818
1 820
1 824
1 829
1 836
1 864
1 865
1 916
1 921
1 935
1 938
1 947
1 964
1 984
1 1014
1 1022
1 1024
1 1059
1 1061
1 1065
1 1094
1 1107
1 1111
1 1142
1 1149
1 1156
1 1172
1 1239
1 1253
1 1267
1 1284
1 1300
1 1323
1 1354
1 1395
1 1410
1 1419
1 1440
1 1498
1 1504
1 1507
1 1529
1 1538
1 1550
1 1570
1 1588
1 1597
1 1601
1 1616
1 1623
1 1671
1 1726
1 1744
1 1762
1 1764
1 1777
1 1813
1 1819
1 1849
1 1853
1 1871
1 1872
1 1915
1 1916
1 1927
1 1933
1 1935
1 1959
1 1967
1 1968
1 1980
1 1982
1 1992
1 1998
1 2016
1 2057
1 2103
1 2131
1 2145
1 2157
1 2159
1 2179
1 2196
1 2197
1 2236
1 2237
1 2249
1 2259
1 2260
1 2261
1 2301
1 2304
1 2343
1 2389
1 2405
1 2436
1 2478
1 2513
1 2515
1 2520
1 2528
1 2555
1 2584
1 2617
1 2633
1 2646
1 2678
1 2695
1 2707
1 2716
1 2824
1 2887
1 2895
1 2920
1 2925
1 2937
1 2970
1 3004
1 3029
1 3030
1 3055
1 3090
1 3091
1 3123
1 3167
1 3195
1 3196
1 3225
1 3231
1 3245
1 3297
1 3331
2 13
2 16
2 20
2 40
2 115
2 123
2 135
2 181
2 213
2 232
2 436
2 569
2 582
2 586
2 608
2 651
2 709
2 804
2 844
2 973
2 1163
2 1184
2 1229
2 1348
2 1406
2 1503
2 1624
2 1667
2 1723
2 1880
2 1928
2 1932
2 1990
2 2137
2 2180
2 2422
3 4
3 5
3 77
3 88
3 467
3 769
3 1181
3 1943
3 2198
3 2650
3 2709
3 2863
3 3197
4 5
4 8
4 14
4 20
4 22
4 25
4 28
4 29
4 31
4 32
4 34
4 36
4 58
4 71
4 74
4 86
4 95
4 100
4 115
4 116
4 141
4 173
4 240
4 246
4 254
4 292
4 317
4 320
4 373
4 379
4 438
4 577
4 727
4 766
4 794
4 810
4 989
4 1290
4 1294
4 1415
4 1451
4 1718
4 1734
4 1773
4 1794
4 1980
4 2022
4 2189
4 2191
4 2310
4 2326
4 2418
4 2625
4 2714
4 2844
4 2862
4 3011
4 3038
4 3056
4 3212
5 6
5 7
5 8
5 10
5 11
5 12
5 14
5 19
5 26
5 28
5 31
5 32
5 36
5 46
5 49
5 50
5 52
5 56
5 62
5 63
5 83
5 90
5 96
5 97
5 106
5 107
5 116
5 130
5 134
5 137
5 138
5 145
5 172
5 173
5 175
5 187
5 227
5 242
5 247
5 251
5 252
5 276
5 280
5 296
5 298
5 301
5 313
5 334
5 344
5 368
5 370
5 408
5 430
5 444
5 448
5 453
5 461
5 464
5 493
5 499
5 502
5 523
5 539
5 554
5 557
5 583
5 586
5 587
5 594
5 617
5 621
5 622
5 642
5 664
5 681
5 683
5 694
5 704
5 751
5 754
5 755
5 782
5 783
5 787
5 789
5 797
5 811
5 862
5 906
5 912
5 926
5 987
5 988
5 996
5 1026
5 1035
5 1047
5 1063
5 1099
5 1101
5 1104
5 1121
5 1124
5 1152
5 1153
5 1169
5 1180
5 1195
5 1197
5 1245
5 1270
5 1291
5 1309
5 1320
5 1341
5 1387
5 1393
5 1409
5 1437
5 1444
5 1500
5 1512
5 1524
5 1557
5 1580
5 1583
5 1607
5 1613
5 1738
5 1841
5 1851
5 1882
5 1943
5 1955
5 1974
5 2021
5 2036
5 2037
5 2130
5 2213
5 2221
5 2259
5 2289
5 2325
5 2348
5 2360
5 2368
5 2400
5 2455
5 2504
5 2521
5 2552
5 2592
5 2611
5 2691
5 2713
5 2725
5 2727
5 2795
5 2810
5 2823
5 2844
5 2846
5 2873
5 2944
5 2999
5 3083
5 3102
5 3104
5 3113
5 3137
5 3161
5 3176
5 3279
5 3284
5 3299
5 3308
6 7
6 11
6 13
6 41
6 76
6 89
6 100
6 120
6 155
6 250
6 294
6 332
6 422
6 481
6 535
6 578
6 636
6 647
6 699
6 760
6 925
6 1002
6 1804
6 2299
6 2548
6 2649
6 2653
6 2761
6 2960
6 3021
6 3135
7 9
7 12
7 16
7 17
7 19
7 20
7 26
7 27
7 43
7 57
7 61
7 65
7 67
7 79
7 84
7 95
7 99
7 103
7 121
7 125
7 133
7 137
7 141
7 163
7 165
7 174
7 180
7 182
7 205
7 210
7 220
7 233
7 238
7 262
7 290
7 296
7 306
7 311
7 324
7 330
7 337
7 388
7 396
7 397
7 413
7 446
7 515
7 540
7 541
7 596
7 602
7 611
7 644
7 651
7 661
7 666
7 723
7 724
7 820
7 868
7 955
7 987
7 1088
7 1170
7 1211
7 1248
7 1319
7 1357
7 1371
7 1379
7 1401
7 1413
7 1447
7 1540
7 1640
7 1655
7 1724
7 1762
7 1858
7 1907
7 1920
7 1986
7 2261
7 2358
7 2400
7 2428
7 2475
7 2583
7 2654
7 2661
7 2791
7 2794
7 2839
7 2922
7 2953
7 3034
7 3129
7 3187
7 3203
7 3245
7 3268
7 3286
8 9
8 10
8 18
8 21
8 23
8 35
8 42
8 55
8 66
8 101
8 102
8 117
8 129
8 131
8 139
8 140
8 141
8 144
8 154
8 178
8 186
8 189
8 208
8 213
8 215
8 230
8 274
8 289
8 343
8 355
8 374
8 495
8 506
8 528
8 544
8 603
8 642
8 655
8 688
8 690
8 717
8 722
8 723
8 767
8 781
8 782
8 795
8 796
8 845
8 867
8 959
8 1042
8 1056
8 1157
8 1249
8 1279
8 1303
8 1349
8 1445
8 1461
8 1541
8 1631
8 1784
8 1852
8 1902
8 1976
8 1994
8 2000
8 2004
8 2032
8 2245
8 2267
8 2298
8 2418
8 2429
8 2546
8 2552
8 2573
8 2585
8 2659
8 2756
8 2785
8 2788
8 2797
8 2799
8 2803
8 2946
8 2965
8 3001
8 3046
8 3059
8 3089
8 3146
8 3149
8 3241
8 3292
9 35
9 44
9 119
9 167
9 179
9 258
9 324
9 340
9 344
9 577
9 598
9 848
9 1234
9 1323
9 1538
9 2063
9 2115
9 2377
9 2663
9 3083
9 3135
9 3148
9 3310
10 12
10 15
10 16
10 22
10 31
10 33
10 38
10 39
10 71
10 72
10 80
10 96
10 131
10 152
10 184
10 201
10 245
10 254
10 293
10 309
10 312
10 313
10 329
10 340
10 348
10 367
10 373
10 386
10 398
10 399
10 404
10 409
10 527
10 643
10 739
10 750
10 793
10 800
10 802
10 839
10 856
10 879
10 882
10 998
10 1058
10 1141
10 1197
10 1202
10 1245
10 1307
10 1327
10 1405
10 1493
10 1504
10 1513
10 1526
10 1576
10 1608
10 1613
10 1724
10 1727
10 1741
10 1838
10 1941
10 2015
10 2029
10 2333
10 2338
10 2668
10 2669
10 2722
10 2788
10 2819
10 2837
10 2863
10 2898
10 2992
10 2995
10 3017
10 3028
10 3125
10 3185
10 3297
11 18
11 38
11 116
11 118
11 132
11 148
11 207
11 233
11 276
11 432
11 444
11 510
11 537
11 544
11 564
11 707
11 869
11 1011
11 1254
11 1376
11 1474
11 1514
11 1715
11 2002
11 2375
11 2794
11 2849
11 2916
11 3263
12 21
12 36
12 37
12 49
12 59
12 64
12 143
12 146
12 150
12 171
12 181
12 295
12 298
12 365
12 505
12 552
12 742
12 775
12 817
12 831
12 855
12 870
12 889
12 953
12 956
12 968
12 1053
12 1082
12 1130
12 1152
12 1207
12 1639
12 1694
12 1803
12 1850
12 1851
12 1997
12 2131
12 2142
12 2201
12 2262
12 2357
12 2383
12 2397
12 2423
12 2455
12 2486
12 2589
12 2618
12 2719
12 2764
12 2900
12 2965
12 3002
12 3157
12 3247
13 30
13 202
13 435
13 829
13 842
13 849
13 1564
13 1742
13 1791
13 2417
13 2690
13 2807
13 2829
14 15
14 17
14 26
14 41
14 52
14 58
14 73
14 79
14 110
14 122
14 145
14 153
14 154
14 192
14 207
14 221
14 287
14 317
14 380
14 401
14 410
14 453
14 482
14 514
14 549
14 617
14 623
14 660
14 694
14 747
14 762
14 883
14 913
14 1027
14 1039
14 1077
14 1116
14 1176
14 1325
14 1532
14 1548
14 1676
14 1746
14 1749
14 1758
14 1785
14 1945
14 2031
14 2127
14 2183
14 2297
14 2355
14 2442
14 2526
14 2840
14 2951
14 2975
14 3085
14 3126
14 3151
14 3156
14 3299
14 3304
14 3307
14 3325
15 27
15 40
15 107
15 129
15 136
15 150
15 169
15 252
15 299
15 326
15 414
15 502
15 514
15 583
15 703
15 810
15 942
15 1043
15 1224
15 1370
15 1615
15 1925
15 1933
15 1957
15 2216
15 2488
15 2679
15 2686
15 3030
15 3063
15 3142
15 3252
15 3283
15 3288
16 172
16 204
16 312
16 329
16 665
16 1445
16 2221
16 2967
16 3004
17 24
17 61
17 126
17 147
17 282
17 557
17 560
17 1047
17 1438
17 1658
17 2507
18 51
18 84
18 93
18 245
18 323
18 482
18 483
18 527
18 572
18 673
18 768
18 817
18 818
18 898
18 965
18 982
18 1008
18 1072
18 1169
18 1224
18 1453
18 1560
18 1596
18 1739
18 1761
18 1809
18 2027
18 2446
18 2545
18 2596
18 2962
18 3019
19 23
19 29
19 60
19 69
19 73
19 210
19 242
19 249
19 255
19 265
19 295
19 299
19 305
19 315
19 318
19 327
19 364
19 404
19 532
19 594
19 597
19 687
19 709
19 763
19 770
19 780
19 808
19 859
19 1000
19 1141
19 1208
19 1361
19 1618
19 1639
19 1820
19 1926
19 1947
19 1952
19 2017
19 2150
19 2195
19 2243
19 2284
19 2381
19 2402
19 2420
19 2465
19 2467
19 2471
19 2642
19 2763
19 2765
19 2918
19 2972
19 3126
19 3198
19 3244
19 3260
20 28
20 30
20 32
20 48
20 54
20 57
20 68
20 85
20 108
20 122
20 159
20 161
20 172
20 183
20 214
20 217
20 248
20 273
20 281
20 311
20 353
20 371
20 392
20 469
20 489
20 492
20 530
20 543
20 750
20 771
20 789
20 795
20 855
20 880
20 922
20 1003
20 1096
20 1147
20 1267
20 1271
20 1318
20 1355
20 1386
20 1519
20 1579
20 1591
20 1599
20 1646
20 1652
20 1704
20 1721
20 1965
20 1971
20 2000
20 2026
20 2077
20 2104
20 2206
20 2300
20 2522
20 2574
20 2593
20 2597
20 2656
20 2854
20 3025
20 3051
20 3236
20 3253
21 53
21 85
21 91
21 128
21 189
21 196
21 252
21 274
21 447
21 554
21 605
21 665
21 803
21 868
21 884
21 968
21 1038
21 1082
21 1127
21 1156
21 1161
21 1166
21 1179
21 1183
21 1226
21 1235
21 1304
21 1386
21 1471
21 1622
21 1624
21 1637
21 1691
21 1780
21 1861
21 1884
21 2070
21 2248
21 2444
21 2479
21 2542
21 2651
21 2666
21 2733
21 2986
21 3155
22 34
22 45
22 57
22 63
22 73
22 77
22 153
22 171
22 481
22 485
22 716
22 752
22 761
22 853
22 982
22 1151
22 1182
22 1321
22 1367
22 1400
22 1576
22 1583
22 1783
22 1793
22 1988
22 2311
22 2387
22 2408
22 2510
22 2578
22 2628
22 2639
22 2667
22 2804
22 2978
22 3076
22 3116
23 24
23 25
23 80
23 85
23 259
23 271
23 284
23 309
23 340
23 448
23 478
23 498
23 505
23 512
23 552
23 573
23 663
23 844
23 861
23 980
23 1127
23 1215
23 1225
23 1249
23 1482
23 1495
23 1560
23 1657
23 2081
23 2174
23 2449
23 2575
23 2770
23 2820
23 3156
23 3164
24 29
24 40
24 46
24 81
24 111
24 189
24 193
24 235
24 236
24 259
24 288
24 333
24 568
24 765
24 880
24 902
24 908
24 1037
24 1088
24 1091
24 1166
24 1273
24 1446
24 1559
24 1632
24 1753
24 1865
24 1896
24 1942
24 2147
24 2149
24 2327
24 2349
24 2504
24 2564
24 2581
24 2659
24 2786
24 2888
24 3004
24 3059
24 3063
24 3077
24 3089
24 3147
24 3211
24 3314
25 33
25 44
25 96
25 196
25 206
25 260
25 463
25 691
25 726
25 793
25 1043
25 1066
25 1285
25 1330
25 1518
25 1562
25 1670
25 1854
25 2031
25 2731
25 2962
25 3117
26 37
26 44
26 93
26 122
26 125
26 158
26 225
26 226
26 257
26 280
26 330
26 383
26 408
26 438
26 511
26 718
26 727
26 746
26 819
26 827
26 894
26 906
26 919
26 941
26 949
26 951
26 952
26 1004
26 1062
26 1074
26 1083
26 1148
26 1165
26 1357
26 1654
26 1691
26 1755
26 1821
26 2010
26 2048
26 2304
26 2326
26 2368
26 2562
26 2563
26 2565
26 2637
26 2682
26 2708
26 2887
26 3168
26 3301
27 39
27 61
27 155
27 162
27 232
27 421
27 434
27 668
27 723
27 753
27 1029
27 1081
27 1118
27 1151
27 1519
27 1537
27 1766
27 2188
27 2422
27 2652
28 33
28 43
28 46
28 51
28 109
28 112
28 128
28 175
28 264
28 445
28 465
28 587
28 728
28 808
28 841
28 887
28 1007
28 1071
28 1281
28 1381
28 1391
28 1423
28 1427
28 1464
28 1628
28 2314
28 2343
28 2441
28 2701
28 2784
28 2867
28 2911
28 3134
28 3149
29 53
29 64
29 86
29 97
29 126
29 136
29 174
29 177
29 199
29 241
29 243
29 244
29 266
29 315
29 324
29 361
29 363
29 460
29 476
29 511
29 654
29 798
29 823
29 831
29 833
29 863
29 924
29 937
29 1057
29 1106
29 1143
29 1150
29 1179
29 1250
29 1381
29 1535
29 1563
29 1568
29 1617
29 1684
29 1787
29 1798
29 1854
29 1871
29 2051
29 2122
29 2231
29 2273
29 2295
29 2482
29 2651
29 2722
29 2756
29 2824
29 2837
29 2879
29 2903
29 2978
29 3108
29 3111
29 3128
29 3165
29 3286
30 62
30 101
30 133
30 151
30 166
30 201
30 203
30 374
30 450
30 533
30 539
30 865
30 989
30 1087
30 1277
30 1330
30 1427
30 2540
30 2805
32 45
32 47
32 59
32 75
32 76
32 113
32 119
32 165
32 205
32 209
32 218
32 225
32 394
32 402
32 415
32 425
32 445
32 449
32 457
32 461
32 465
32 582
32 621
32 644
32 663
32 676
32 697
32 700
32 764
32 791
32 808
32 933
32 961
32 1302
32 1502
32 1514
32 1518
32 1621
32 1679
32 1722
32 1764
32 1778
32 1969
32 2062
32 2427
32 2430
32 2502
32 2659
32 2681
32 2753
32 2919
32 3066
32 3325
33 117
33 142
33 249
33 268
33 536
33 581
33 882
33 1491
33 2004
34 50
34 55
34 60
34 66
34 74
34 76
34 105
34 121
34 134
34 161
34 176
34 336
34 354
34 429
34 435
34 451
34 517
34 547
34 639
34 677
34 686
34 760
34 767
34 777
34 836
34 878
34 881
34 989
34 1146
34 1185
34 1221
34 1336
34 1583
34 1594
34 1687
34 1707
34 1961
34 2040
34 2092
34 2139
34 2273
34 2302
34 2445
34 2451
34 2481
34 2571
34 2758
34 2808
34 2981
34 3137
35 56
35 68
35 106
35 110
35 111
35 123
35 267
35 377
35 397
35 407
35 441
35 501
35 620
35 682
35 893
35 908
35 1004
35 1053
35 1084
35 1136
35 1242
35 1412
35 1423
35 1448
35 1531
35 1731
35 1771
35 1978
35 2092
35 2137
35 2230
35 2300
35 2310
35 2422
35 2570
35 2628
35 2692
35 2705
35 2842
35 2940
36 354
36 906
36 2102
36 2794
37 48
37 53
37 103
37 279
37 318
37 612
37 629
37 698
37 778
37 801
37 983
37 1318
37 1353
37 1447
37 2393
37 2532
37 2639
37 3093
37 3165
38 42
38 69
38 74
38 78
38 113
38 149
38 159
38 179
38 241
38 281
38 349
38 405
38 454
38 479
38 519
38 604
38 633
38 653
38 663
38 699
38 706
38 729
38 878
38 945
38 999
38 1052
38 1216
38 1243
38 1488
38 1491
38 1644
38 1646
38 1674
38 1768
38 2037
38 2060
38 2083
38 2154
38 2167
38 2220
38 2224
38 2384
38 2388
38 2450
38 2501
38 2561
38 2599
38 3024
38 3075
38 3234
38 3288
39 75
39 92
39 229
39 300
39 570
39 845
39 867
39 1084
39 1094
39 1508
39 1785
39 1842
39 2229
39 2609
39 2772
39 2806
40 95
40 197
40 262
40 331
40 524
40 595
40 654
40 776
40 806
40 895
40 995
40 1402
40 1770
40 1777
40 1840
40 1876
40 1977
40 2095
40 2199
40 2261
40 2314
40 2736
40 3146
41 164
41 221
41 318
41 347
41 353
41 365
41 428
41 443
41 476
41 519
41 553
41 644
41 697
41 729
41 754
41 756
41 863
41 1368
41 1850
41 2087
41 2352
41 2770
42 171
42 243
42 350
42 462
42 505
42 520
42 1067
42 1078
42 1498
42 1888
42 1900
42 1987
42 2011
42 2130
42 2227
42 2378
42 2544
42 2699
42 2907
42 3033
43 48
43 90
43 104
43 145
43 181
43 256
43 286
43 305
43 316
43 321
43 383
43 414
43 428
43 442
43 487
43 520
43 545
43 573
43 602
43 714
43 715
43 720
43 905
43 1065
43 1068
43 1153
43 1357
43 1402
43 1496
43 1710
43 1745
43 1869
43 1989
43 2170
43 2224
43 2414
43 2481
43 2820
43 2858
43 2859
43 2925
43 2980
43 3329
44 55
44 66
44 70
44 81
44 83
44 102
44 104
44 105
44 220
44 320
44 370
44 403
44 431
44 504
44 670
44 778
44 794
44 1011
44 1201
44 1404
44 1468
44 1472
44 1514
44 1569
44 1589
44 1612
44 1733
44 1821
44 1886
44 1933
44 1940
44 2060
44 2074
44 2086
44 2093
44 2626
44 2679
44 2695
44 2790
44 3092
45 54
45 82
45 114
45 134
45 142
45 192
45 255
45 424
45 458
45 474
45 576
45 609
45 800
45 946
45 1049
45 1068
45 1714
45 1753
45 1887
45 2001
45 2169
45 2237
45 2594
45 2746
45 2981
45 3051
45 3128
45 3308
46 60
46 130
46 370
46 661
46 1160
46 1880
46 1913
46 1985
46 2033
46 2241
46 3080
47 81
47 90
47 127
47 332
47 386
47 527
47 588
47 738
47 749
47 783
47 802
47 896
47 917
47 1011
47 1039
47 1060
47 1359
47 1438
47 1484
47 1636
47 1642
47 1824
47 1977
47 2050
47 2269
47 2353
47 2359
47 2363
47 2443
47 2467
47 2679
47 2835
47 2991
47 3069
47 3107
47 3115
47 3266
48 49
48 52
48 75
48 359
48 379
48 667
48 992
48 1806
48 2007
48 2433
48 2930
49 54
49 224
49 418
49 476
49 503
49 560
49 566
49 823
49 830
49 1245
49 1295
49 1376
49 1623
49 1678
49 1715
49 1792
49 2003
49 2369
49 2495
49 2528
49 2739
49 3222
49 3272
50 91
50 103
50 104
50 278
50 314
50 481
50 781
50 1050
50 1076
50 1565
50 1709
50 1748
50 2142
50 2353
50 2729
50 2778
50 3297
51 63
51 65
51 98
51 166
51 474
51 499
51 553
51 593
51 805
51 838
51 855
51 890
51 920
51 1263
51 1492
51 1508
51 1778
51 2135
51 2726
51 3144
52 167
52 263
52 268
52 528
52 547
52 552
52 648
52 753
52 822
52 870
52 917
52 971
52 996
52 1035
52 1138
52 1326
52 1678
52 1883
52 1891
52 1959
52 2281
52 2575
52 2948
52 3044
52 3057
52 3185
52 3227
53 67
53 80
53 148
53 594
53 794
53 1177
53 1373
53 1420
53 1671
53 1684
53 2110
53 2232
53 2356
53 2680
53 2727
54 68
54 79
54 82
54 92
54 94
54 147
54 224
54 331
54 356
54 451
54 490
54 635
54 637
54 804
54 823
54 943
54 971
54 985
54 1085
54 1093
54 1154
54 1286
54 1322
54 1324
54 1346
54 1442
54 1536
54 1629
54 1634
54 1659
54 1838
54 1866
54 1958
54 2075
54 2552
54 2609
54 2654
54 2860
54 2914
54 2992
54 3047
54 3271
55 361
55 484
55 564
55 568
55 662
55 713
55 857
55 1012
55 1112
55 1398
55 1506
55 1585
55 1588
55 1685
55 1763
55 1876
55 2210
55 2244
55 2274
55 2297
55 2858
55 2876
55 3038
56 58
56 70
56 89
56 114
56 127
56 140
56 155
56 219
56 248
56 321
56 491
56 525
56 534
56 667
56 746
56 832
56 934
56 945
56 1054
56 1134
56 1158
56 1189
56 1421
56 1638
56 1746
56 1767
56 1789
56 1972
56 1981
56 1987
56 1993
56 2056
56 2093
56 2242
56 2243
56 2322
56 2726
56 2757
56 2774
56 2787
56 3100
56 3106
56 3324
57 185
57 529
57 692
57 2693
57 3290
58 78
58 97
58 118
58 131
58 212
58 228
58 233
58 236
58 239
58 317
58 435
58 535
58 541
58 570
58 712
58 900
58 1159
58 1180
58 1256
58 1278
58 1283
58 1401
58 1946
58 2015
58 2379
58 2760
59 72
59 152
59 322
59 453
59 674
59 1095
59 1510
59 1584
59 1706
59 1967
59 2298
59 3043
60 65
60 77
60 127
60 152
60 276
60 283
60 287
60 309
60 334
60 364
60 394
60 445
60 579
60 681
60 718
60 803
60 898
60 1593
60 1745
60 2740
60 2804
61 86
61 87
61 210
61 243
61 333
61 366
61 496
61 546
61 580
61 630
61 638
61 640
61 647
61 773
61 840
61 1010
61 1057
61 1183
61 1225
61 1265
61 1332
61 1399
61 1432
61 1502
61 1592
61 1725
61 1735
61 1755
61 1771
61 1856
61 1934
61 1947
61 2033
61 2493
61 2702
61 2721
61 2905
61 3106
62 72
62 84
62 94
62 106
62 261
62 303
62 585
62 684
62 784
62 962
62 966
62 1066
62 1133
62 1264
62 1368
62 1375
62 1572
62 1656
62 1702
62 1723
62 1795
62 1969
62 2252
62 2745
62 2785
62 2872
62 2926
63 88
63 99
63 138
63 149
63 165
63 169
63 178
63 238
63 307
63 353
63 438
63 516
63 619
63 639
63 934
63 1067
63 1236
63 1473
63 1543
63 1630
63 1690
63 1756
63 1874
63 1954
63 2064
63 2319
63 2335
63 2675
64 105
64 108
64 130
64 139
64 270
64 362
64 371
64 506
64 766
64 917
64 1150
64 1208
64 1380
64 1403
64 1542
64 1545
64 1807
64 2257
64 2942
65 220
65 1100
65 1164
65 1683
65 1911
65 2620
65 3002
65 3016
65 3102
65 3293
66 87
66 92
66 205
66 304
66 405
66 561
66 567
66 897
66 1125
66 1305
66 1311
66 1489
66 2475
66 2676
66 3022
66 3111
66 3177
67 94
67 129
67 160
67 167
67 246
67 366
67 408
67 538
67 572
67 811
67 814
67 884
67 892
67 903
67 1102
67 1163
67 1363
67 1389
67 1441
67 1540
67 1551
67 1625
67 1635
67 1699
67 1797
67 1839
67 1880
67 2055
67 2111
67 2262
67 2372
67 2442
67 2787
67 2960
68 71
68 87
68 245
68 351
68 372
68 446
68 597
68 655
68 788
68 811
68 994
68 1080
68 1129
68 1149
68 1207
68 1277
68 1328
68 1602
68 1951
68 2705
68 3240
69 70
69 78
69 102
69 110
69 174
69 178
69 272
69 321
69 374
69 737
69 958
69 964
69 2454
69 2613
69 3107
70 112
70 200
70 202
70 676
70 1051
70 1147
70 1515
70 1553
70 1700
70 1747
70 2360
70 2455
70 2492
71 88
71 98
71 200
71 244
71 563
71 621
71 648
71 816
71 1064
71 1112
71 1431
71 1481
71 1522
71 1609
71 1703
71 1845
71 1877
71 1994
71 2047
71 2295
71 2612
71 2847
71 2851
71 3118
71 3273
72 133
72 144
72 173
72 263
72 369
72 383
72 407
72 457
72 548
72 584
72 922
72 1016
72 1343
72 1633
72 1837
72 1988
72 2325
72 2640
72 2886
72 2971
72 3316
73 157
73 168
73 191
73 265
73 306
73 310
73 322
73 371
73 395
73 515
73 549
73 834
73 851
73 1206
73 1711
73 1929
73 2082
73 2243
73 2582
73 2635
73 2709
73 3105
73 3153
73 3270
74 162
74 225
74 470
74 1704
74 2124
74 2214
74 2611
74 2663
75 462
75 764
75 1135
75 1272
75 1586
75 1834
75 1859
75 2124
76 596
76 1211
76 1520
76 1629
76 1773
76 2001
76 2345
76 2405
76 2852
76 3016
76 3076
77 151
77 282
77 297
77 460
77 569
77 626
77 848
77 1749
77 1766
77 1839
77 2160
77 2258
77 3133
77 3143
77 3245
78 177
78 232
78 249
78 273
78 589
78 819
78 944
78 1040
78 1471
78 1489
78 1668
78 1862
78 2139
78 2226
78 2339
78 3289
79 203
79 308
79 335
79 381
79 524
79 533
79 606
79 670
79 840
79 859
79 955
79 991
79 1005
79 2119
79 2139
79 2168
79 2563
79 2999
79 3231
80 341
80 437
80 610
80 850
80 862
80 2006
80 2138
80 2234
80 2469
80 2947
80 2979
80 3123
81 186
81 199
81 339
81 433
81 485
81 543
81 608
81 915
81 969
81 1414
81 1550
81 1991
81 2142
81 2167
81 2470
81 2572
81 3014
82 109
82 158
82 357
82 537
82 692
82 771
82 846
82 879
82 962
82 1036
82 1610
82 1697
82 1828
82 1839
82 2431
82 3277
83 100
83 185
83 222
83 451
83 480
83 513
83 592
83 601
83 675
83 702
83 715
83 1050
83 1217
83 1220
83 1293
83 1384
83 1399
83 2030
83 2271
83 2386
83 2630
83 3099
84 113
84 117
84 124
84 389
84 441
84 827
84 1495
84 1720
84 1894
84 2081
84 2095
84 2550
84 2791
84 2843
84 3080
85 156
85 619
85 1215
85 1572
85 2244
85 2477
85 3221
86 108
86 170
86 396
86 565
86 1016
86 1292
86 1818
86 2129
86 2873
86 3316
87 132
87 424
87 716
87 975
87 977
87 1104
87 2288
87 2882
87 3262
88 93
88 107
88 111
88 125
88 139
88 149
88 164
88 187
88 293
88 388
88 607
88 634
88 731
88 743
88 763
88 950
88 961
88 1051
88 1293
88 1486
88 1524
88 1622
88 2003
88 2058
88 2106
88 2207
88 2288
88 2367
88 2449
88 2949
88 3000
88 3099
89 186
89 692
89 746
89 899
89 1450
89 1474
89 1696
89 1918
89 3194
90 124
90 135
90 148
90 223
90 226
90 326
90 601
90 666
90 1103
90 1159
90 1191
90 1200
90 1370
90 2013
90 2588
91 112
91 247
91 292
91 308
91 316
91 378
91 532
91 654
91 832
91 937
91 966
91 1108
91 1621
91 1686
91 1818
91 1825
91 1840
91 1865
91 1935
91 1974
91 2554
91 2595
91 2856
91 3170
92 157
92 263
92 328
92 392
92 542
92 635
92 656
92 678
92 874
92 888
92 986
92 1335
92 1439
92 1563
92 1924
92 2098
92 2569
92 2792
92 3087
93 146
93 154
93 182
93 208
93 222
93 265
93 270
93 314
93 369
93 393
93 691
93 703
93 752
93 896
93 900
93 959
93 976
93 1298
93 1366
93 1432
93 1604
93 1663
93 2054
93 2177
93 2494
93 2607
93 2806
93 2830
93 2927
93 3257
95 163
95 291
95 464
95 550
95 758
95 941
95 973
95 1251
95 1526
95 1538
95 1775
95 1983
95 2024
95 2452
95 2836
95 3010
96 303
96 512
96 1798
96 1832
96 2013
96 2072
96 3287
97 109
97 192
97 215
97 216
97 307
97 478
97 716
97 815
97 1069
97 1283
97 1358
97 1388
97 1823
97 1999
97 2840
97 2985
98 138
98 228
98 284
98 534
98 2547
98 2565
99 168
99 190
99 198
99 231
99 362
99 423
99 526
99 599
99 603
99 685
99 777
99 1088
99 1815
99 2048
99 2128
99 2188
99 2238
99 2299
99 2421
99 2631
99 2684
99 2945
100 191
100 203
100 206
100 211
100 216
100 277
100 345
100 346
100 358
100 360
100 381
100 477
100 500
100 550
100 559
100 659
100 714
100 870
100 1062
100 1069
100 1231
100 1233
100 1476
100 1564
100 1589
100 1666
100 1673
100 1738
100 1769
100 1883
100 1907
100 2014
100 2030
100 2036
100 2072
100 2083
100 2117
100 2149
100 2197
100 2233
100 2234
100 2263
100 2373
100 2519
100 2899
100 2929
100 3002
100 3115
100 3303
101 120
101 196
101 745
101 1295
101 1408
101 1706
101 2253
101 2797
101 2816
101 2961
101 3199
101 3275
102 176
102 182
102 224
102 253
102 399
102 424
102 530
102 988
102 1002
102 1207
102 2258
102 2577
102 3144
102 3317
103 183
103 214
103 251
103 302
103 315
103 911
103 1736
103 3222
103 3256
104 140
104 142
104 156
104 184
104 311
104 356
104 426
104 498
104 821
104 858
104 925
104 1192
104 1299
104 1376
104 1467
104 1700
104 1899
104 2291
104 2902
105 123
105 143
105 190
105 266
105 286
105 319
105 339
105 381
105 443
105 544
105 556
105 581
105 624
105 791
105 837
105 944
105 952
105 1038
105 1116
105 1173
105 1190
105 1209
105 1210
105 1251
105 1315
105 1380
105 1762
105 1782
105 1853
105 1924
105 2293
105 2345
105 2536
105 2831
105 3076
105 3238
106 144
106 159
106 267
106 320
106 614
106 747
106 885
106 1015
106 1542
106 1558
106 1955
106 2580
106 2592
106 2637
106 2870
106 2872
106 3054
106 3173
107 279
107 291
107 566
107 632
107 742
107 1176
107 1528
107 2195
107 2362
107 2562
108 120
108 170
108 197
108 218
108 235
108 262
108 423
108 561
108 612
108 653
108 659
108 724
108 854
108 915
108 1328
108 1616
108 1627
108 2207
108 2384
108 2720
108 2882
109 160
109 212
109 218
109 283
109 296
109 323
109 768
109 874
109 974
109 1033
109 1209
109 1421
109 1673
109 1944
109 2067
109 2109
109 2113
109 2120
109 2229
109 2395
109 2482
109 2576
109 2579
109 2693
109 2738
109 2780
109 3165
110 1105
110 2900
110 2904
111 194
111 332
111 390
111 953
111 1926
111 2754
111 3016
112 560
112 571
112 923
112 1391
113 151
113 349
113 577
113 1866
113 2062
113 2188
113 2610
114 211
114 279
114 789
114 908
114 1339
114 1505
114 1556
114 1614
114 1662
114 1697
114 1759
114 2193
114 2410
114 2415
114 2915
114 3037
114 3124
114 3205
115 184
115 406
115 497
115 572
115 745
115 905
115 1576
115 1597
115 1600
115 1779
115 2190
115 2615
115 2624
115 2959
116 126
116 194
116 228
116 231
116 253
116 284
116 347
116 403
116 458
116 502
116 620
116 639
116 802
116 1735
116 2018
116 2085
116 2264
116 2515
116 3112
117 255
117 334
117 358
117 669
117 673
117 1953
117 2303
117 2335
117 2801
117 2931
117 3075
117 3131
118 194
118 251
118 384
118 418
118 455
118 499
118 513
118 1494
118 1739
118 2664
118 3223
119 150
119 555
119 980
119 1042
119 1121
119 1532
119 1919
119 2317
119 2342
119 2944
119 3244
119 3329
120 156
120 1363
120 1482
120 2484
121 1403
121 1856
121 2386
122 185
122 230
122 305
122 744
122 1250
122 1737
122 1849
122 2865
122 3161
123 137
123 193
123 195
123 302
123 380
123 458
123 521
123 669
123 801
123 916
123 953
123 980
123 1049
123 1259
123 1330
123 1434
123 1451
123 1547
123 1590
123 1640
123 1788
123 1911
123 1914
123 2370
123 2508
123 2701
123 3235
124 135
124 206
124 386
124 510
124 620
124 790
124 949
124 1482
124 1511
124 1873
124 2154
124 2714
124 2785
124 2848
124 3098
124 3145
124 3199
124 3213
125 270
125 360
125 463
125 486
125 493
125 580
125 588
125 732
125 948
125 985
125 1071
125 1080
125 1134
125 1186
125 1225
125 1389
125 1420
125 1422
125 1555
125 1594
125 1811
125 1928
125 2053
125 2735
125 2766
125 2860
125 2929
125 3145
126 163
126 237
126 256
126 289
126 605
126 616
126 1186
126 1346
126 1848
126 1906
126 2114
126 2206
126 2439
127 160
127 187
127 459
127 645
127 1190
127 1734
127 1861
127 2474
127 3211
128 231
128 632
128 680
128 788
128 1350
128 1863
128 2187
128 3267
129 195
129 322
129 530
129 710
129 871
129 1369
129 1948
129 2859
130 200
130 281
130 344
130 361
130 415
130 446
130 558
130 626
130 812
130 1238
130 1278
130 1326
130 1453
130 1537
130 1702
130 1760
130 1836
130 1931
130 2027
130 2077
130 2116
130 2132
130 2343
130 2572
130 2894
130 2987
131 132
131 360
131 385
131 598
131 1385
131 1680
131 2054
131 2286
132 183
132 195
132 432
132 531
132 593
132 686
132 1021
132 1577
133 806
133 895
133 1679
133 2046
133 2120
133 2338
133 2817
133 2952
134 204
134 259
134 466
134 478
134 591
134 671
134 931
134 1131
134 1285
134 1677
134 1743
134 2207
134 2957
135 275
135 467
135 1692
135 1854
135 2826
135 3208
136 147
136 198
136 221
136 337
136 352
136 421
136 488
136 504
136 629
136 645
136 784
136 911
136 972
136 1022
136 1369
136 1483
136 1491
136 1677
136 1732
136 1874
136 2024
136 2123
136 2193
136 2313
136 2398
136 2444
136 2493
137 236
137 484
137 508
137 555
137 786
137 1562
137 2345
137 2720
137 2724
138 304
138 762
138 1450
138 3295
139 528
139 904
139 2111
139 2145
140 188
140 285
140 412
140 416
140 612
140 1025
140 2884
140 2994
140 3181
140 3186
141 1232
141 1887
141 2149
141 2421
142 143
142 198
142 213
142 551
142 662
142 744
142 955
142 1097
142 1350
142 1412
142 1808
142 2639
142 2717
143 214
143 237
143 250
143 711
143 743
143 814
143 887
143 938
143 1356
143 2088
143 2096
143 2247
143 2480
143 2934
143 3191
143 3193
144 226
144 488
144 625
144 938
144 1216
144 1229
144 1263
144 1308
144 1617
144 2346
145 1114
145 1681
146 1257
146 1843
146 1911
146 2036
146 2056
147 416
147 901
147 1044
147 1144
147 1872
147 2282
148 197
148 209
148 217
148 327
148 331
148 345
148 375
148 431
148 615
148 677
148 949
148 1139
148 1310
148 1446
148 1728
148 1888
148 2314
148 2321
148 2605
148 3058
148 3070
149 382
149 1024
149 1997
149 2322
149 2374
149 3249
150 188
150 211
150 291
150 459
150 815
150 880
150 1120
150 1194
150 1233
150 1505
150 1546
150 1693
150 1759
150 2114
150 2755
150 2849
151 1221
151 1241
151 1438
151 1841
151 1982
151 2027
151 2045
151 2425
151 2814
152 209
152 310
152 1097
152 1741
152 3171
153 294
153 3000
154 454
154 711
154 860
154 1120
154 1688
154 2129
154 2318
154 2609
154 2616
154 2684
154 3212
155 1343
155 3066
155 3143
156 301
156 375
156 436
156 623
156 631
156 1209
156 1219
156 1396
156 1601
156 1665
156 2489
156 2566
157 202
157 367
157 833
157 1661
157 2337
157 3246
157 3320
158 257
158 325
158 406
158 417
158 693
158 1280
158 1297
158 1508
158 1641
158 2295
158 2355
158 2533
158 2632
158 2813
159 327
159 701
159 1140
159 1884
159 1973
160 162
160 280
160 300
160 343
160 575
160 2049
160 2219
160 2265
160 2447
160 2657
160 3132
161 454
161 636
161 792
161 941
162 204
162 668
162 879
162 957
162 1441
162 2203
162 2836
162 2991
162 3196
162 3220
163 1929
163 2284
163 3141
164 234
164 240
164 277
164 1115
164 1249
164 1365
164 1670
164 2392
164 2601
164 3019
164 3284
165 590
165 996
165 1619
165 1936
165 1942
165 2731
166 176
166 222
166 330
166 492
166 518
166 519
166 712
166 1144
166 1199
166 1455
166 1472
166 1477
166 2064
166 2340
166 2375
166 2386
166 2827
166 3200
166 3261
167 180
167 191
167 273
167 440
167 604
167 854
167 899
167 1012
167 1176
167 1298
167 2228
167 2593
167 3020
167 3071
168 413
168 587
168 776
168 830
168 841
168 933
168 1062
168 1567
168 1585
168 1672
168 2424
169 223
169 227
169 389
169 413
169 462
169 514
169 545
169 590
169 741
169 765
169 897
169 1020
169 1026
169 1385
169 1606
169 1774
169 1856
169 2096
169 2202
169 2497
169 2558
169 2769
169 2802
169 2928
169 3186
169 3255
170 227
170 411
170 1384
170 1691
170 2315
171 372
171 3179
172 1475
172 1667
173 288
173 452
173 459
173 461
173 532
173 549
173 590
173 693
173 719
173 837
173 1017
173 1203
173 1254
173 1271
173 1287
173 1513
173 1917
173 2144
173 2159
173 2201
173 2219
173 2470
173 3101
173 3270
174 246
174 304
174 440
174 465
174 472
174 683
174 702
174 892
174 1141
174 1178
174 1723
174 2082
174 2156
174 2812
174 3231
174 3264
175 298
175 346
175 382
175 439
175 1246
175 1425
175 1658
175 2123
175 2195
175 2472
175 2530
175 2667
175 2998
175 3069
176 757
176 762
176 921
176 1844
177 366
177 1226
177 1269
177 3169
177 3226
178 179
178 627
178 706
178 744
178 1084
178 1236
178 1276
178 1286
178 1650
178 1804
178 2155
178 2459
178 2543
179 272
179 2496
180 407
180 412
180 429
180 562
180 1214
180 1269
180 1549
180 1891
180 2175
180 2889
180 2950
180 3022
181 264
181 392
181 419
181 450
181 492
181 650
181 671
181 821
181 1201
181 1656
181 1719
181 1760
181 1844
181 1873
181 1882
181 1906
181 2121
181 2272
181 2497
181 3121
182 269
182 475
182 956
182 1510
182 3219
183 212
183 336
183 494
183 525
183 574
183 712
183 913
183 1024
183 1282
183 1437
183 1530
183 1783
183 1791
183 1837
183 1993
183 2478
183 2567
183 2930
183 2963
184 376
184 725
184 814
184 826
184 1717
184 1944
185 261
185 275
185 494
185 678
185 1083
185 1174
185 1507
185 1716
185 2198
185 2305
185 2362
185 3130
186 338
186 1712
186 3328
187 234
187 254
187 483
187 805
187 851
187 877
187 902
187 1359
187 1412
187 1824
187 3159
188 278
188 345
188 433
188 504
188 615
188 689
188 693
188 739
188 898
188 1009
188 1018
188 1036
188 1231
188 1282
188 1360
188 1366
188 1595
188 1680
188 1725
188 1927
188 1937
188 2408
188 2421
188 2475
188 2724
188 2888
189 257
189 267
189 343
189 422
189 468
189 471
189 473
189 477
189 618
189 657
189 843
189 856
189 884
189 886
189 1023
189 1315
189 1324
189 2873
189 3079
190 269
190 342
190 395
190 442
190 449
190 456
190 685
190 1091
190 1416
190 1447
190 1527
190 1961
190 2164
190 2737
190 2920
190 3133
190 3191
191 338
191 508
191 1459
191 1772
191 2172
191 2464
192 229
192 472
192 567
192 1263
192 1454
192 1465
192 1601
192 1605
192 1651
192 1793
192 1889
192 2277
192 2426
192 2524
192 2539
192 2818
192 3032
193 486
193 706
194 326
194 479
194 736
194 1043
194 1347
194 1434
194 2215
194 2700
194 2774
195 402
195 1224
195 1463
195 1606
195 2571
196 517
196 613
196 696
196 810
196 943
196 1003
196 1111
196 1271
196 1705
196 1832
197 215
197 323
197 426
197 593
197 628
197 657
197 804
197 840
197 893
197 1061
197 1344
197 1392
197 1393
197 1480
197 1488
197 1536
197 1881
197 1914
197 2979
197 3259
198 463
198 537
198 628
198 774
198 782
198 1192
198 1751
198 2323
198 3064
199 1644
199 2842
200 282
200 368
200 422
200 700
200 775
200 812
200 1021
200 1202
200 1455
200 1897
200 2050
200 2125
200 2126
200 2441
201 466
201 640
201 677
201 707
201 733
201 809
201 1188
201 1262
201 2005
201 2175
201 2604
202 574
202 589
202 608
202 1327
202 1765
202 2192
203 609
203 1081
203 1109
203 1413
203 1449
203 1761
203 2342
204 293
204 335
204 680
204 831
204 994
204 1312
204 1555
204 1615
204 1750
204 1930
204 2071
204 2230
204 2278
204 2694
204 2707
204 2915
205 239
205 319
205 507
205 562
205 713
205 1041
205 1092
205 1303
205 1361
205 1829
205 1885
205 2518
205 2764
205 3101
205 3249
205 3289
206 441
206 719
206 1117
206 1826
206 2361
206 2822
206 3018
206 3261
206 3331
207 497
207 1126
207 1231
207 1414
207 2018
207 2109
207 2307
207 2889
208 216
208 240
208 269
208 275
208 387
208 411
208 578
208 1533
208 2692
209 258
209 1192
209 1580
209 2001
210 258
210 260
210 433
210 496
210 600
210 734
210 792
210 939
210 979
210 1417
210 1547
210 1548
210 1631
210 1877
210 2069
210 2172
210 2181
210 2227
210 2561
210 2569
210 3050
211 930
211 1244
211 1261
211 1487
211 1496
211 1727
211 1798
211 2398
211 2813
211 3258
212 737
212 858
212 972
212 1241
212 2068
212 2200
212 2649
212 3225
213 229
213 456
213 591
213 1093
213 1153
213 1299
213 1498
213 1509
213 1586
213 1964
213 2178
213 2974
214 272
214 420
214 428
214 579
214 638
214 919
214 1020
214 1360
214 1620
214 1647
214 2023
214 2104
214 2145
214 2324
214 2549
214 2816
214 2923
215 429
215 3108
216 1241
216 1965
216 2388
216 2439
216 2715
217 219
217 297
217 776
217 2407
217 2462
217 3014
218 230
218 283
218 287
218 751
218 901
218 2071
218 2479
218 2982
218 2997
220 242
220 253
220 480
220 1013
220 1306
220 1787
220 1900
221 289
221 538
221 585
221 965
221 1436
221 1457
221 1544
221 1545
221 1649
221 1665
221 1672
221 1952
221 2365
221 3294
222 780
222 1038
222 2030
222 2146
222 2426
222 2591
222 2714
222 3275
223 247
223 303
223 312
223 571
223 1028
223 1142
223 1925
223 1941
223 2006
223 2055
223 2148
223 2241
223 2871
223 2996
224 355
224 468
224 758
224 939
224 1918
224 2645
224 2850
224 2861
224 3290
225 455
225 1054
225 1913
225 2005
226 260
226 556
227 447
227 668
227 1079
227 1971
227 2141
227 2543
227 3234
228 292
228 420
228 669
228 1115
228 1439
228 1442
228 1885
228 1989
228 2004
228 2020
228 2707
228 2809
228 3040
228 3233
229 419
229 473
229 529
229 627
229 642
229 660
229 717
229 1095
229 1371
230 402
230 417
230 722
230 838
230 947
230 1351
230 1753
230 1813
230 3138
230 3162
230 3209
231 274
231 456
231 975
231 1573
231 1822
231 1913
231 2542
231 2768
231 3233
232 328
232 425
232 542
232 599
232 944
232 1108
232 1404
232 1579
232 3181
233 307
233 335
233 471
233 834
233 1654
233 2285
233 3060
234 761
234 886
234 1205
234 1338
234 1706
234 2357
234 3064
235 1590
236 346
236 1044
236 1123
236 1238
237 448
237 825
237 1387
237 1692
237 1744
237 1948
237 2356
237 2951
238 365
238 369
238 410
238 436
238 565
238 652
238 845
238 853
238 970
238 1346
238 2161
238 2392
238 2432
239 264
239 457
239 799
239 1064
239 1364
239 1401
239 1415
239 1546
239 1803
239 1910
239 2762
239 3313
240 468
240 641
240 646
240 1060
240 1230
240 1492
240 1625
240 2481
240 2637
240 2726
241 584
241 652
241 748
241 1119
241 1993
241 2288
241 2647
241 2903
241 2921
242 244
242 649
242 738
242 787
242 896
242 1064
242 1114
242 1183
242 1239
242 2987
243 271
243 294
243 970
243 1111
243 1403
243 1417
243 1986
243 2580
243 2802
243 3291
244 704
244 1033
245 398
245 512
245 817
245 1028
245 1559
245 1780
245 1791
245 2147
245 2160
246 341
246 2016
246 2351
246 2738
247 308
247 380
247 387
247 397
247 569
247 818
247 821
247 862
247 1222
247 1350
247 1435
247 1500
247 1740
247 2211
247 2441
247 3118
247 3322
248 362
248 633
248 757
248 978
248 2503
249 329
249 347
249 396
249 431
249 494
249 653
249 1127
249 1598
249 1750
249 2075
249 2371
249 2399
249 3188
250 288
250 403
250 559
250 756
250 997
250 1459
250 1516
250 1557
250 1599
250 1649
250 1863
250 1897
250 2134
250 2681
250 2821
250 2885
251 300
251 432
251 470
251 727
251 907
251 1421
251 1835
251 3208
251 3237
252 1789
253 1213
253 3028
254 285
254 299
254 359
254 588
254 1657
254 1921
254 2660
255 641
255 1046
255 1426
256 375
256 797
256 1058
256 1536
256 1929
256 2271
256 3097
257 266
257 290
257 529
257 689
257 942
257 1167
257 2064
257 2373
257 2510
257 2608
257 2906
257 3098
258 1934
259 341
259 363
259 1806
260 325
260 350
260 704
260 839
260 1008
260 1145
260 1443
260 1487
260 1855
260 2099
260 2113
260 2391
260 2412
261 351
261 1201
261 1494
261 2196
262 1130
262 1197
262 1549
264 348
264 847
264 1185
264 2404
265 271
265 290
265 393
265 883
265 1506
265 1870
265 2302
265 3254
266 475
266 1832
266 1978
267 378
267 485
267 1605
268 1752
269 357
269 548
269 600
269 1133
269 1937
269 2633
270 295
270 479
270 883
270 1072
270 1358
270 1701
270 1743
271 367
271 517
271 662
271 1047
271 2279
271 3045
272 325
272 368
272 1169
272 1799
272 2011
272 2350
273 500
273 575
273 581
273 1034
273 1125
273 1229
273 1582
273 1674
274 752
274 877
274 1065
274 1074
274 2044
274 2466
275 297
275 400
275 401
275 1085
275 1168
275 1604
275 1815
275 2080
275 3270
275 3328
276 550
276 679
276 1054
276 1802
276 2008
277 714
277 1108
277 1404
277 1784
278 352
278 535
278 1463
278 1486
278 3077
279 302
279 427
279 477
279 515
279 661
279 779
279 1034
279 1316
279 1449
279 1997
279 2101
279 2122
279 2134
279 2190
279 2539
279 2841
279 2974
279 3312
280 682
280 1253
280 2597
281 350
281 385
281 410
281 889
281 1012
281 1061
281 1352
281 1424
281 1513
281 1713
281 1761
281 1770
281 2071
281 2492
281 2871
283 352
283 803
283 1060
283 1461
283 2052
283 2256
283 2558
283 2933
284 285
284 394
284 755
284 813
284 851
284 881
284 1019
284 1173
284 1317
284 1479
284 2438
284 2641
284 3012
284 3236
285 357
285 430
285 510
285 2758
285 3084
286 391
286 473
286 614
286 624
286 739
286 890
286 981
286 1077
286 1252
286 1539
286 2766
286 2815
286 3201
286 3305
287 611
287 1158
287 1537
287 1731
287 2283
287 2380
287 2523
287 2674
290 873
291 471
291 960
291 3029
292 501
292 648
292 894
292 929
292 1506
292 3109
293 339
293 404
293 487
293 490
293 583
293 676
293 682
293 769
293 824
293 850
293 891
293 952
293 1007
293 1194
293 1237
293 1384
293 1570
293 1682
293 1916
293 2379
293 2431
293 2443
293 2496
293 2796
293 2987
294 379
294 523
294 582
294 849
294 890
294 934
294 959
294 1125
294 1500
294 1694
294 1712
294 2178
294 2668
294 3176
294 3283
295 364
295 1274
295 2174
295 2403
296 558
296 1055
296 1260
296 1451
296 2143
296 2673
296 2937
296 2944
297 387
297 426
297 565
297 933
297 977
297 1017
297 2000
297 2423
297 2771
297 3006
298 378
298 674
298 1539
298 1895
298 2792
299 301
299 319
299 741
299 2070
299 2621
299 2828
300 376
300 400
300 489
300 509
300 970
300 1009
300 1213
300 1310
300 1356
300 1778
300 1983
300 2168
300 2357
300 2950
300 2989
300 3287
301 314
301 336
301 591
301 748
301 1045
301 1440
301 1450
301 1467
301 1567
301 1595
301 1936
301 2461
301 2810
301 2835
301 2936
302 567
302 1230
302 1600
303 637
303 861
303 1256
303 1307
303 1872
304 328
304 614
304 713
304 828
304 1275
304 2776
304 3224
305 342
305 419
305 434
305 641
305 658
305 730
305 946
305 2022
305 2389
306 630
306 937
306 974
306 1001
306 1040
306 1351
306 1820
306 2891
306 2984
307 979
307 1013
307 1425
307 2228
307 2328
307 2332
308 337
308 561
308 615
308 1063
308 1162
308 1418
308 2021
308 2818
308 2893
308 3174
309 1952
310 1218
310 1850
310 1930
310 2275
310 2417
310 3104
311 472
311 857
311 1504
311 1864
311 2511
312 437
312 440
312 616
312 1032
312 1639
312 1857
312 1881
312 2079
312 2120
313 390
313 449
313 541
313 1017
313 1138
313 1234
313 1372
313 1765
313 1912
313 2073
313 2329
313 2800
314 1466
314 1978
314 2092
315 737
315 2002
315 2144
315 2412
315 3256
316 1086
316 2468
316 2642
317 554
317 930
317 1160
317 1163
317 1448
317 1801
317 2111
317 2220
317 2229
317 2608
317 2964
317 3114
317 3147
318 409
318 486
318 547
318 606
318 1328
318 1501
318 1836
318 3265
319 829
319 1907
320 377
320 391
320 836
320 1128
321 599
321 622
321 687
321 885
321 1105
321 1122
321 1640
321 2051
321 2651
322 521
322 1026
322 1087
322 1452
323 421
323 773
323 993
323 3288
324 358
324 524
324 566
324 1810
324 2009
324 2032
324 2490
324 2687
324 3050
325 406
325 442
325 1473
325 2052
325 3062
326 680
326 842
326 871
326 1219
326 1302
326 2682
326 2899
327 399
327 516
327 526
327 683
327 736
327 809
327 850
327 852
327 854
327 901
327 1187
327 1284
327 1391
327 1531
327 1751
327 1823
327 1951
327 2363
327 2489
327 2544
327 2708
327 2712
327 2849
328 753
328 909
328 948
328 1261
328 1310
328 2491
329 578
329 1286
329 1462
329 2159
329 2657
330 390
330 1000
330 1193
331 469
331 625
331 710
331 846
331 1073
331 1228
331 1625
332 495
332 924
332 1056
332 1411
332 2303
333 430
333 595
333 656
333 766
333 1109
333 1181
333 1185
333 1214
333 1325
333 1476
333 1979
333 2504
333 2757
333 3065
333 3332
334 754
334 1383
334 1904
334 1981
334 2273
334 2633
335 2703
336 439
336 579
336 595
336 694
336 990
337 596
337 963
337 1004
337 1436
337 1737
337 1938
337 2264
337 2377
337 2676
338 1362
338 1574
338 1953
338 2385
339 701
339 1253
340 376
340 1143
340 2309
340 2910
341 822
341 1198
341 1837
341 1847
341 1982
341 2485
341 2921
342 418
342 690
342 931
342 1101
342 1475
342 1479
342 1581
342 1767
342 2915
342 3048
343 434
343 491
343 835
343 885
343 1113
343 1334
343 1345
343 2187
343 2778
344 400
344 684
344 863
344 869
344 976
344 1266
344 1313
344 1695
344 2128
344 2237
345 355
345 790
345 1086
345 1349
345 2346
346 622
346 946
346 1188
346 1317
346 1426
346 1822
346 2413
346 3215
347 646
347 1058
347 1262
347 1807
347 2701
347 2710
347 2830
347 2955
347 3114
348 1568
348 2227
348 2795
349 356
349 474
349 507
349 564
349 657
349 718
349 756
349 926
349 1063
349 1318
349 1340
349 1635
349 1847
349 2182
349 2209
349 2398
349 2428
349 3205
349 3248
349 3271
350 482
350 1090
350 1555
350 1584
350 2625
351 469
351 730
351 1013
351 2841
352 526
352 1478
352 1493
352 1577
352 1717
352 2182
352 3119
353 905
353 947
353 984
353 2251
354 384
354 496
354 521
354 708
354 793
354 1027
354 1262
354 2943
355 2411
355 2970
356 475
356 480
356 1270
356 1962
357 660
357 736
357 2963
359 427
359 520
359 993
359 1031
359 1055
359 1106
359 1521
359 1541
359 2462
359 2484
359 2587
359 2653
359 2670
359 2704
360 373
360 377
360 649
360 865
360 918
360 974
360 1041
360 1703
360 1809
360 2088
360 2480
360 2672
360 2855
360 3127
360 3300
360 3326
361 416
361 553
361 1299
361 1620
361 1995
361 2499
361 2775
361 2859
362 664
362 674
362 721
362 1375
362 1889
362 2148
362 2236
362 2525
362 2955
362 2959
362 2983
362 3133
362 3148
363 384
363 415
363 443
363 523
363 1123
363 1899
363 1996
363 2643
364 382
364 539
364 730
364 830
364 950
364 1083
364 1410
364 2641
365 1287
366 393
366 452
366 849
366 1430
366 1457
366 1817
366 2306
366 2786
366 2843
366 3156
367 533
367 613
367 795
367 936
367 1025
367 1258
367 1314
367 1586
367 1634
367 1737
367 1951
367 2079
367 2453
367 2773
367 3214
368 556
368 791
368 1776
368 2377
369 398
369 1970
369 2700
369 3308
370 800
370 1145
371 1337
371 1524
372 873
373 574
373 1835
373 1893
373 2003
373 2148
373 2501
373 3221
373 3332
374 799
374 1893
374 2265
374 3167
375 717
375 2312
376 740
376 745
376 1196
376 3115
377 388
377 826
377 2067
377 2780
378 983
378 1119
378 1394
378 1805
378 2196
378 2619
378 3173
378 3328
379 389
379 501
379 864
379 872
379 1434
379 1553
379 1608
379 1867
379 1920
379 2012
379 2235
379 2365
379 3045
380 452
380 748
380 2446
381 743
381 929
381 1559
381 1685
381 1689
381 2338
381 2558
382 843
382 1367
382 2894
382 3042
383 611
383 650
383 1324
383 1525
383 1799
383 2492
383 2556
384 667
384 725
384 785
384 1132
384 1228
384 1415
384 1873
384 2287
384 2341
384 2456
384 2463
384 2568
385 1294
385 1372
385 1535
385 1592
385 1634
385 1947
385 2012
385 2984
386 899
386 1131
386 1633
386 1755
386 2989
387 531
387 1015
387 1139
387 1309
387 1394
387 1587
387 1789
387 2078
387 2936
388 1242
388 1520
388 2732
388 3001
388 3253
389 687
389 1297
389 1407
389 1432
389 1919
389 1975
389 2584
389 2782
389 2817
389 3307
390 940
390 1218
390 1452
390 1684
390 2070
391 425
391 538
392 1098
392 1954
393 675
393 2451
394 1914
395 470
395 786
395 835
395 963
395 991
395 1490
395 2508
395 2514
396 450
396 589
396 673
396 774
396 1040
396 1592
396 1642
396 2361
396 2372
396 2912
396 3330
397 990
397 1073
397 1086
397 1442
397 1984
397 2318
397 2396
397 2856
397 3148
398 409
399 650
399 1607
399 1797
399 1808
399 2374
399 3163
400 732
400 966
400 1143
400 1227
400 1364
400 1528
400 2185
402 423
402 1435
402 1673
402 2009
402 2966
402 3052
403 417
403 1574
403 1892
403 2696
403 2875
404 437
404 610
404 820
404 936
404 1289
404 1417
404 1653
404 1674
404 2100
404 2327
404 2732
404 2754
404 3169
404 3206
405 773
405 907
405 1079
405 1405
405 2479
405 2913
407 580
407 2668
407 2887
408 825
408 1001
408 1155
408 1580
408 2588
409 886
410 1180
410 1721
410 2689
410 3009
411 491
412 1164
412 1284
412 1827
412 2066
412 2175
412 2843
413 2354
413 2634
414 488
414 1055
414 2061
414 2334
414 3228
415 764
415 866
415 951
415 1306
415 1527
415 1636
415 1659
415 1816
415 2078
415 2079
415 2154
415 3263
416 559
416 571
416 584
416 790
416 894
416 1050
416 1215
416 1505
416 1544
416 1968
416 2454
417 649
417 986
417 1174
417 1478
417 1627
417 1711
417 1814
417 1824
417 2112
417 2344
417 2821
418 506
418 672
418 910
418 1023
418 1267
418 1729
419 757
419 1270
419 2296
420 799
420 2014
420 2150
420 2533
420 2681
421 658
421 992
421 1378
421 1894
421 2152
421 2435
422 1168
422 1332
422 2035
422 3082
423 690
423 1036
423 1618
423 1895
423 3152
424 2444
425 597
425 1494
425 2789
426 1019
427 1165
427 1448
427 1828
427 1932
428 439
428 1392
428 1975
428 2256
428 2939
429 719
429 816
429 1222
429 1462
429 2186
429 2630
429 2983
429 2990
429 3332
430 507
430 982
430 1059
430 1230
430 1523
430 2291
430 2526
430 3296
431 913
431 926
431 964
431 2172
432 447
432 548
432 1067
432 1454
432 2157
432 2678
433 467
433 922
433 1151
433 2897
434 1748
434 1992
434 2583
434 2584
435 464
435 497
435 834
435 1113
435 1540
435 1628
435 1912
435 2321
435 2402
435 2838
435 2905
435 2975
435 3018
436 444
436 460
436 602
436 655
436 967
436 1244
436 3194
437 778
437 888
437 935
437 956
437 1010
437 1484
437 1973
438 1161
438 1306
438 1439
438 1497
438 2217
439 681
439 997
439 1826
439 2115
439 2260
439 3083
439 3086
440 508
440 542
440 847
440 1057
440 1059
440 1182
440 1199
440 1901
440 2138
440 2411
440 2536
440 2561
440 2652
440 2865
440 2866
440 2883
440 3282
441 670
441 779
441 844
441 2091
442 897
442 927
442 1195
442 1199
442 2002
443 832
443 932
443 1348
444 734
444 1195
444 1879
444 2267
444 3276
445 516
445 711
445 848
445 1296
445 1567
445 1855
445 2112
445 2374
445 2483
446 643
446 728
446 761
446 892
446 1142
446 1617
446 1696
446 2559
447 624
447 876
447 979
447 1179
447 2911
447 3013
448 573
448 3027
449 2689
450 1204
451 518
451 1265
451 1308
452 576
452 1097
452 2153
452 2194
453 455
453 671
453 1045
453 2090
453 3221
454 1320
454 1941
455 575
455 617
455 703
455 1046
455 1154
455 1320
455 1331
455 1774
455 2220
455 2462
455 2793
456 701
457 513
458 607
458 1098
458 1189
458 2225
458 3094
458 3178
459 658
459 807
459 1090
459 1525
459 1716
459 1955
459 2319
459 2340
459 2730
460 558
460 868
460 1790
460 2393
460 2890
461 487
461 603
461 860
461 927
461 932
461 984
461 1189
461 2040
461 2184
461 2279
461 2385
461 2752
461 2941
461 3093
461 3317
462 936
462 1648
462 2755
463 968
463 2528
463 2605
463 2976
464 726
464 983
464 1053
464 1359
464 1478
464 1825
464 2199
464 2241
464 2303
465 3200
466 735
466 1288
466 2559
467 1704
468 592
468 638
468 975
468 995
468 1128
468 1305
468 2445
468 2496
468 2585
468 2687
468 2838
469 625
469 2205
469 2232
470 1411
470 1838
470 2056
471 698
471 772
471 786
471 1000
471 1152
471 1206
471 1422
471 1456
471 1475
471 1510
471 1717
471 2107
471 2683
472 518
472 873
472 1829
472 3319
473 563
473 2005
473 3143
474 705
474 1578
474 1602
474 1830
474 2040
474 3201
474 3271
475 876
475 1868
476 1162
476 1593
476 2053
476 2269
476 2294
476 2516
476 2524
477 522
477 1424
477 1996
477 2180
477 3193
478 807
478 1326
478 1342
478 1765
478 3039
478 3049
479 1035
479 1233
479 1353
479 2024
480 2855
481 665
481 1025
481 2062
481 2133
481 2369
481 2403
482 758
482 769
482 1092
482 1175
482 2020
482 2059
483 2687
483 2719
484 1556
485 1662
485 2305
486 1118
486 1135
486 2047
488 509
488 837
488 1579
488 1582
488 1803
488 3119
489 555
489 697
489 1006
489 1184
489 1735
489 2685
490 493
490 631
490 733
490 1118
490 1670
490 1939
490 2270
490 2308
490 2586
491 1495
491 1554
491 2553
491 2656
492 1628
492 1953
492 2845
493 1006
493 1849
493 2812
494 710
494 812
494 2622
495 785
495 1788
495 2848
495 2926
495 3119
496 500
496 672
496 875
496 1001
496 2252
496 3151
497 1409
498 503
498 664
498 1051
498 1223
499 2493
499 2590
500 656
500 1202
500 1345
500 2961
501 1652
501 2328
501 2948
502 981
502 1205
502 3058
503 1221
505 1499
505 2448
505 2591
506 1161
506 2332
506 2980
507 618
507 1688
508 630
508 645
508 1089
508 1460
508 2019
508 2969
509 546
509 2851
511 609
511 875
511 1136
513 914
513 1223
513 1709
513 1926
513 2080
513 2977
513 3136
514 633
514 1747
514 1966
515 522
515 557
515 1014
515 2691
516 525
516 679
516 684
516 923
516 1032
516 1198
516 1344
516 1352
516 1610
516 1852
516 2167
516 2662
516 2745
516 2966
516 3140
519 522
519 543
519 632
519 1187
519 1989
519 2483
519 2503
520 592
520 715
520 742
520 770
520 1395
520 1407
520 1665
520 2238
520 2823
520 2829
520 2848
520 3171
521 637
521 2647
521 3008
521 3172
522 652
522 838
522 1268
522 1290
522 1349
522 1472
522 1474
522 3048
522 3073
522 3078
523 2266
524 646
524 1336
524 1377
524 2318
525 839
525 1146
525 1398
525 1742
525 1912
525 2089
526 780
526 1345
527 1188
527 2854
528 721
528 1529
528 2016
528 2108
528 2434
528 2954
528 3092
530 3035
530 3324
531 536
531 540
531 971
531 998
531 1096
531 1511
531 1557
531 1922
531 2909
531 2923
532 1132
532 2954
533 775
533 958
533 1037
533 2363
533 2672
533 2885
534 627
534 940
534 1070
534 1809
534 1939
534 2130
534 2162
534 2165
534 2290
534 2509
534 2590
534 2811
534 3005
536 551
536 601
536 688
536 708
536 1585
536 1690
536 2470
536 2547
537 546
537 893
537 910
537 1121
537 1517
537 1970
537 2116
537 2390
537 3061
537 3233
537 3239
538 2404
538 2525
539 672
539 740
539 2585
539 3074
540 1336
540 3091
541 2836
541 3252
542 629
542 1331
542 1396
542 1834
542 1858
542 2011
543 607
543 822
543 900
543 950
543 1289
543 1313
543 1380
543 1877
543 2118
543 2789
543 3072
543 3258
543 3293
544 954
544 1530
544 2604
544 3255
545 882
545 921
545 1078
545 1999
546 698
546 1181
546 1240
546 1503
546 1655
546 1840
546 2153
546 3034
547 700
547 731
547 1902
548 1827
549 619
549 768
549 1925
549 2105
549 2677
550 1137
550 1859
550 2813
551 945
551 1089
551 1458
551 1845
551 2752
551 3305
552 686
552 1130
552 1213
552 1234
552 1341
552 1566
552 1618
552 1756
552 2329
552 2429
552 3212
553 643
553 707
553 798
553 923
553 1008
553 1154
553 1170
553 1304
553 1369
553 1459
553 1637
553 1916
553 1938
553 2661
554 813
554 1158
554 1712
554 1923
554 2452
554 2553
554 2649
555 842
555 3053
556 1144
556 2928
556 3298
557 604
559 606
559 613
559 918
559 1539
559 1542
559 1733
559 2728
559 2868
559 3309
560 733
560 816
560 1232
560 1653
560 2065
562 942
562 960
562 1294
562 1689
562 2171
562 2457
562 3258
563 2784
564 797
564 2274
564 3018
565 1145
565 1863
566 3001
567 721
567 732
567 920
567 978
567 1093
567 2533
568 702
568 3196
569 759
569 987
569 1566
569 1960
569 2440
569 3097
570 1305
570 1488
570 2105
570 2498
570 2669
570 2808
571 610
571 1203
571 1770
571 1846
571 2407
572 1418
572 1487
572 1768
573 600
573 635
573 824
573 1019
573 1177
573 1260
573 1443
573 1946
573 2346
573 2516
573 2991
573 3015
573 3085
573 3318
574 605
574 695
576 2309
577 1178
577 1264
578 1572
579 586
579 1321
579 2483
580 705
580 1280
580 1371
580 1575
580 2009
581 3260
583 616
583 688
583 827
583 914
583 1242
583 1352
583 2226
583 2282
583 2415
585 689
585 1182
585 2104
585 2500
585 2654
586 628
586 2977
588 864
588 1647
588 2109
588 2213
589 2671
590 911
590 1354
591 3249
592 856
592 1280
592 1398
593 939
593 2146
593 2347
593 2866
593 3269
594 1056
594 1499
594 1683
594 2216
594 2677
594 2883
594 3166
595 833
595 1078
595 1277
595 1296
595 1509
595 2465
595 2870
596 1193
597 696
599 1419
599 2083
600 2582
601 1128
601 1301
601 2521
601 2686
601 2734
601 2886
602 1148
602 2521
603 626
603 725
603 751
603 759
603 770
603 1787
603 2923
604 651
604 2147
605 2085
607 2242
608 695
608 720
608 1103
608 1138
608 1656
608 2124
608 2289
608 2325
608 2508
608 2535
608 2798
608 3239
609 709
609 1049
609 2643
610 977
610 1372
610 1397
610 1945
610 2409
610 2614
611 699
611 1106
611 1254
611 1400
611 1645
611 1860
611 2456
611 2564
614 634
614 914
614 1268
614 1502
614 2008
614 2447
615 1252
615 1300
615 1818
616 623
616 909
616 929
616 1030
616 1133
616 2183
616 2379
616 2888
616 3281
617 2239
618 636
618 801
618 990
618 1150
618 2028
618 2316
618 2423
618 2850
619 1594
620 647
620 1089
620 1909
620 3096
622 819
622 861
622 1033
622 1655
622 1802
622 2176
622 2781
623 1119
623 1140
623 1290
624 1954
624 2090
624 2186
624 2624
626 772
626 1037
626 2165
627 734
627 760
627 843
627 2986
628 3023
629 1606
629 2313
630 798
630 857
630 928
630 1695
630 2688
631 781
631 948
631 1648
631 2023
631 2803
631 2876
631 3094
632 750
632 1317
632 1750
633 981
633 1018
633 1353
633 1393
633 1549
633 1702
633 2019
633 2110
633 2173
633 2406
633 2458
633 2594
633 2613
633 2829
633 2869
633 2901
633 2933
633 3259
634 1226
634 1629
634 2474
634 2582
634 2595
634 2825
635 1014
635 1105
635 1660
635 1703
636 729
636 866
636 972
636 1029
636 1261
636 1527
636 2271
636 2296
636 2392
636 2685
637 3072
638 1739
639 1867
639 2835
640 1316
641 2776
642 740
642 2198
643 788
643 1509
643 2155
643 2922
645 1107
645 1212
645 2320
646 685
646 1469
646 2476
646 3313
647 792
647 1529
647 1541
647 1797
648 691
648 779
648 881
648 1002
648 1630
648 1948
648 2352
648 2592
648 2705
648 2856
648 3331
649 720
649 1368
649 2277
649 2769
649 2867
651 1223
651 1362
651 1517
651 2702
651 3207
652 747
652 813
652 3047
652 3214
653 2281
654 1866
654 2993
655 1157
655 2281
656 1137
656 1584
657 1052
657 1462
659 1460
660 2075
660 2763
661 1774
661 2387
661 2858
661 3164
662 765
662 1131
662 1909
663 772
663 1030
663 1476
663 2546
663 2635
664 1029
664 1643
664 1801
664 2406
664 3228
665 967
665 1520
665 2141
665 2545
665 3210
666 1079
666 2500
667 724
667 888
667 1020
667 2744
669 696
669 738
669 875
669 1301
669 2583
669 2880
669 3265
670 806
670 1023
670 1642
670 1846
670 1878
670 1882
670 3015
671 860
671 1334
672 726
672 2007
672 2231
673 1781
674 978
674 1177
674 1374
674 2901
675 1554
675 1970
675 2463
675 2653
675 2854
675 3234
675 3321
676 731
676 1115
676 1319
676 1365
678 2275
679 918
679 1307
679 1746
679 1859
679 2869
679 2942
680 902
680 1107
680 2156
680 2618
680 3046
681 2665
681 2751
681 3067
682 1075
682 1998
683 722
683 1227
683 2968
684 841
684 928
684 954
684 1597
684 2238
684 2360
684 2438
685 749
685 1123
685 1191
685 1390
685 1608
685 2181
685 2870
685 2933
686 705
686 1217
686 2397
686 2631
686 3208
687 695
687 1171
687 3141
687 3220
688 874
688 1638
689 728
690 1385
690 1588
690 1680
691 1466
692 825
692 943
692 1247
692 1480
692 1805
692 1944
692 1991
692 2414
693 1080
693 2531
693 2949
694 2399
695 895
695 1387
695 2715
696 1085
696 1190
696 1664
696 1888
696 1921
696 3187
697 925
698 1259
698 1571
698 2358
699 877
699 1333
699 1490
702 1342
702 1727
702 1728
703 755
703 915
703 1335
703 1470
704 1076
704 1291
704 1373
704 1669
704 2535
704 2716
707 735
707 919
707 1164
707 1645
707 1736
707 2135
707 2337
707 2408
708 2041
709 1574
709 1971
710 2320
711 826
711 1465
711 3131
712 924
712 2107
713 759
713 828
713 1293
713 1420
713 1773
713 2049
713 2664
714 1122
714 2019
714 2022
715 2737
715 2766
716 872
716 1007
716 2973
716 3088
716 3179
717 1481
717 3168
717 3311
718 1110
718 1548
718 1611
718 1695
719 988
719 1034
719 1198
719 1204
719 1247
719 1289
719 1329
719 1598
719 1851
719 2105
720 1149
721 1094
721 2189
722 3027
723 954
723 1835
723 2471
724 967
724 2642
725 1087
725 1132
725 1435
725 3261
726 1005
726 1248
726 1569
726 1930
726 2262
726 3310
727 807
727 1531
727 1709
727 1768
727 2390
728 2527
729 2354
730 1845
730 1961
730 3102
730 3321
731 1331
731 2623
732 1292
732 2046
732 2348
733 1683
733 1921
733 2453
733 2860
734 1096
734 1237
735 1533
735 1561
735 1571
735 1744
735 1799
735 2401
735 2437
736 1626
736 1705
737 878
737 920
737 957
737 1015
737 1070
737 1721
737 2245
737 2390
737 2744
737 2765
737 3129
738 1186
738 1864
738 2208
739 1633
739 1939
739 2376
740 763
740 815
740 846
740 2193
741 2028
742 784
742 965
742 1052
742 1603
742 2166
742 2447
742 2892
742 3237
743 1528
743 1711
743 2869
743 3224
744 1893
744 2037
745 2731
746 1467
746 2892
747 2772
747 2971
749 1171
750 1692
751 2224
752 847
752 859
752 1833
752 2573
752 2699
753 3174
754 1100
754 2382
755 1619
756 1429
758 1379
758 1522
758 2741
759 985
759 2157
759 2420
759 3122
760 1010
760 1075
762 1465
763 910
763 1211
764 1218
764 1235
764 1481
764 1666
764 2103
764 2448
764 2465
764 2725
764 2865
764 2877
764 3154
764 3182
764 3229
764 3253
765 835
765 887
765 1600
765 1905
765 3293
766 805
766 3042
766 3176
767 1700
767 2150
767 2977
768 866
768 1124
768 2340
768 2812
768 3153
769 1166
769 1521
769 1830
769 2427
769 2543
769 3232
770 796
770 1347
770 1392
770 1705
770 3100
771 1259
771 1522
771 1862
771 2341
771 2416
771 2488
771 2665
771 2878
772 774
772 1251
772 1686
772 1707
772 2265
772 2403
772 2955
772 3127
773 1109
773 1515
776 809
777 2736
778 986
778 1146
778 1378
778 2285
779 1098
779 1777
779 2702
779 3022
779 3229
780 1329
781 1428
781 2125
781 2358
781 2803
782 853
782 1383
783 998
783 1167
783 1643
783 2084
783 2491
784 785
784 1483
784 1631
784 1917
784 3179
785 999
787 867
787 2498
789 858
789 2364
790 1333
790 2280
791 2575
791 2662
792 1102
792 1258
792 1419
792 1485
792 1598
792 2199
793 1707
794 2173
794 2490
794 2630
794 3306
795 1428
795 1676
795 3204
796 2200
796 2394
796 2943
798 1196
798 1430
798 1603
798 1621
798 2795
798 3296
799 1834
800 872
800 1980
800 2634
800 3037
800 3169
801 2512
801 2513
801 2764
802 1069
802 3011
803 3180
804 869
804 2169
805 1333
805 1471
805 1593
805 1805
805 2017
805 2099
805 2388
805 2777
806 1272
806 1356
806 1501
806 2313
806 2567
807 1399
807 2626
808 1046
809 1172
809 1257
810 1103
810 1958
810 1968
810 3107
812 2395
813 2589
814 1932
814 1938
816 963
816 1362
816 1879
816 2453
817 852
817 904
817 912
817 1238
817 1565
817 1763
817 1796
817 1833
817 2830
818 930
818 1184
818 2607
819 1786
819 2599
820 1534
821 2500
822 1311
822 1379
823 1272
823 1394
823 1675
823 1693
823 2417
823 3242
824 1212
824 1564
825 1609
825 2519
826 1159
826 1682
826 1760
826 1776
827 1167
827 1327
828 1885
828 3024
829 2895
829 3047
830 1287
830 2239
830 2538
833 1220
833 1560
833 2316
833 3187
834 2674
835 912
835 973
835 1397
835 2623
836 1156
836 1874
836 1937
836 2200
837 969
837 1208
837 1316
837 1361
837 1365
837 1972
837 2250
838 871
838 2143
839 1077
839 1288
839 1452
839 1603
839 1903
839 2566
839 2906
839 3198
840 928
840 1609
840 2126
840 2980
840 3281
841 1227
841 1321
841 1960
841 2842
842 1030
842 1031
842 1719
843 2382
844 1178
844 2223
844 2538
844 3174
845 1003
846 907
846 1042
846 1157
846 1461
846 1726
846 2144
846 2272
847 1724
848 2488
848 2763
849 1875
849 2328
849 2413
850 2546
851 1591
851 2222
852 1066
852 1343
852 2244
853 889
853 940
853 1137
853 1848
853 2015
853 2275
853 2565
853 3130
853 3280
854 903
854 1095
855 1114
855 2029
855 2587
856 2326
856 2399
856 3296
857 1457
857 2432
858 927
858 1654
858 2419
858 3193
858 3230
859 993
859 1018
859 1416
859 2434
860 958
860 1072
860 1117
860 1148
860 1173
860 1319
860 1899
860 3182
861 1358
861 1456
861 1507
861 1532
861 2593
863 909
863 1070
863 1071
863 1518
866 1041
866 1204
866 1792
866 3257
867 1878
868 2620
868 2885
868 2909
870 1311
870 1338
870 1454
870 2029
870 2890
870 3036
870 3154
871 904
871 995
871 1355
871 1678
871 2736
871 2898
872 2741
873 1168
873 1430
873 1433
873 1960
873 2164
874 1236
874 1458
876 960
876 1244
876 1400
876 1485
876 2138
876 2435
876 2509
876 2560
876 2723
876 3112
876 3203
876 3294
877 1661
877 1915
877 2153
877 2280
878 1160
878 1194
878 1466
878 2935
878 3268
879 997
879 1193
880 1679
880 2617
880 3132
881 1099
881 1668
881 2383
881 2669
881 3177
882 992
882 1048
882 1091
882 3003
883 1116
883 1581
883 1699
883 2652
884 1386
884 2802
885 1493
885 1827
885 1918
885 2246
886 2432
887 2477
887 3327
888 3254
889 891
889 2998
890 1424
890 1795
890 2913
891 1113
891 1165
891 1292
891 3138
892 999
892 1337
892 1728
894 1031
894 1032
894 1206
894 1337
894 1473
894 1846
894 2381
894 3023
894 3183
895 969
895 1255
895 2042
895 2943
896 957
896 2695
897 1329
897 2025
897 2098
897 2180
897 3151
898 1232
900 2648
901 2370
902 1382
902 1558
902 1957
903 1104
903 2035
903 2336
903 2912
903 3322
904 1102
904 2837
905 1309
906 1009
906 1100
906 1619
906 1635
906 2047
906 2743
906 3264
907 1440
907 2084
908 1546
908 2881
908 3303
909 1375
909 2010
909 2043
909 2536
909 2638
910 931
910 1275
911 994
911 1492
911 2723
911 3104
912 1074
912 1296
912 2247
913 1028
913 1958
913 2571
914 1637
914 2158
914 2337
915 3301
916 1134
916 1672
917 951
917 2297
918 1276
918 1377
919 1039
919 2158
919 2416
919 2555
919 2627
919 2768
921 1355
921 1630
921 1817
921 1819
921 2132
921 2893
921 3069
921 3315
922 2197
924 932
924 1923
925 1276
925 1390
925 1742
925 2094
925 3152
926 2670
926 2673
929 1547
929 2310
929 3124
930 1962
930 2039
930 2215
931 935
931 1006
931 2034
931 2997
932 1334
932 1565
932 2495
933 1048
933 1878
933 1967
933 2442
934 1222
934 1297
934 2734
934 3117
935 1247
935 3121
936 1101
936 1200
936 1322
936 2437
937 2155
937 2474
938 1373
938 1663
938 1842
938 2025
938 2793
940 2218
941 2331
941 3273
942 3180
943 1543
943 1596
943 2799
943 3103
944 2294
945 976
945 3189
947 1446
947 2084
949 962
949 1090
949 1110
949 3013
951 1162
951 1664
951 2039
951 2292
951 2675
951 2801
952 1005
952 1205
952 1395
952 2598
952 2916
953 1900
953 1964
954 1624
954 2063
955 1315
955 1607
956 1092
956 1175
956 2739
957 1556
957 2049
957 2121
957 2396
957 2616
957 2809
957 3210
958 991
958 1745
958 1984
958 3188
959 1285
959 1578
959 2203
959 2645
960 1374
960 2306
960 2460
960 2847
961 1480
961 1627
961 1693
961 2170
961 2205
961 3125
962 1414
962 1754
962 3323
963 1187
963 1264
963 1710
963 2255
964 1076
964 1512
964 1646
964 1754
964 2158
964 2163
965 2059
966 2162
966 3123
968 2393
968 2989
969 1423
969 1602
970 1303
970 1718
970 2623
970 3202
971 1942
971 2211
971 2433
972 1016
972 1136
972 1288
972 1383
972 1972
972 3157
973 2378
974 2531
975 1339
975 2445
975 2671
976 1696
976 1896
976 2365
976 3238
977 1732
979 1266
979 2891
980 1139
980 1381
980 1533
980 1551
980 2065
980 2089
982 1045
982 1273
982 1581
982 1905
982 2540
982 2562
982 3055
982 3113
982 3316
983 1240
983 1338
983 1643
984 1022
984 1891
984 2690
984 2793
985 1748
986 2093
986 2094
986 2330
987 2983
988 1048
988 1313
988 1332
988 1976
988 2125
988 2555
988 2881
988 3164
988 3298
989 1786
989 2376
990 1255
991 1733
991 2514
993 1281
993 2953
994 2663
994 2747
997 1857
999 3092
1002 1257
1002 1813
1003 1312
1004 1489
1005 1256
1005 1282
1005 2790
1005 2845
1006 1212
1006 2316
1007 1569
1007 2597
1008 2136
1008 2628
1009 1124
1009 1340
1009 1578
1009 1669
1009 1810
1009 1817
1009 2095
1009 2704
1010 1484
1012 2872
1012 3068
1013 1210
1013 1354
1013 1464
1014 2191
1014 3088
1015 2615
1017 1283
1017 1767
1017 3067
1017 3147
1018 1516
1018 2041
1020 1081
1020 2255
1020 2578
1021 1237
1021 1396
1021 2058
1023 1274
1023 2020
1023 2118
1024 1269
1024 1341
1024 1843
1025 1671
1025 3017
1026 1641
1026 2042
1026 2537
1026 2962
1027 1812
1027 2807
1029 1552
1029 2487
1029 2499
1030 1044
1030 1126
1030 2874
1031 1200
1031 1463
1031 1720
1031 1726
1031 1740
1031 1796
1031 2309
1031 2619
1031 3045
1032 1068
1032 1219
1032 1561
1032 1626
1033 1364
1033 1534
1033 2411
1035 1612
1036 2622
1037 1701
1037 2082
1037 2960
1037 3226
1038 1469
1038 2683
1038 2877
1039 1117
1040 2557
1040 2982
1042 1405
1042 1788
1042 2041
1042 2564
1042 2570
1042 2772
1042 2976
1042 3046
1042 3173
1042 3207
1042 3289
1043 2152
1044 2161
1044 3007
1045 1397
1045 1408
1046 1869
1049 2306
1049 3134
1050 1366
1050 1950
1051 3242
1053 1382
1053 1697
1053 1995
1053 2215
1053 3216
1054 1135
1055 1243
1055 1677
1056 2053
1056 2606
1056 2610
1057 1126
1057 1250
1057 1545
1057 1719
1057 2460
1057 2549
1058 2330
1059 2381
1060 1228
1060 1772
1060 1963
1060 1966
1060 2253
1060 2902
1060 3158
1061 1155
1061 3224
1062 1147
1062 1479
1062 2680
1063 2266
1063 2569
1063 2758
1064 1698
1064 2086
1064 2463
1064 2810
1066 1129
1066 1216
1068 1890
1068 2103
1069 1191
1069 1653
1069 1660
1069 3068
1069 3320
1070 1240
1070 1730
1070 2044
1070 2205
1070 2547
1070 2832
1070 2953
1073 1255
1073 1464
1074 1099
1074 1172
1074 1884
1075 1740
1075 1956
1075 2682
1077 1865
1077 2598
1077 3300
1078 2698
1079 1855
1079 2208
1080 1458
1081 1868
1082 1112
1082 1252
1082 1648
1082 1754
1082 1924
1082 2217
1082 2433
1082 2545
1082 2680
1083 1416
1083 1725
1083 3246
1084 1235
1084 2759
1085 2194
1086 1406
1086 1876
1086 2007
1086 2074
1086 2884
1086 2994
1086 3093
1089 1426
1089 2214
1089 2329
1090 1210
1090 1716
1091 1623
1092 3131
1093 2825
1093 2958
1094 1860
1094 1998
1094 2254
1094 2945
1095 1577
1095 2454
1095 2706
1095 2934
1097 1312
1098 1122
1098 1521
1098 1940
1098 3302
1099 2152
1100 1243
1100 1418
1100 2311
1101 2993
1102 1170
1102 1370
1102 1445
1103 1174
1103 2046
1103 2312
1103 2542
1103 2629
1105 2373
1107 2675
1107 2939
1108 1291
1109 1347
1110 1323
1111 2643
1112 1155
1112 1413
1112 2544
1112 2931
1114 1984
1114 2115
1115 2487
1115 2713
1115 2790
1116 1344
1117 1120
1117 1783
1117 2450
1117 2896
1117 3008
1117 3124
1119 1905
1119 2881
1119 3278
1120 2660
1121 1273
1121 2487
1121 3065
1123 1308
1123 1775
1123 2211
1123 2380
1124 1129
1124 1382
1124 1497
1124 1512
1124 2127
1125 2233
1126 1140
1126 1335
1127 1477
1127 1757
1127 3064
1129 1281
1129 1409
1129 1870
1129 1987
1129 2208
1129 2805
1129 3068
1129 3202
1129 3275
1131 1857
1131 2312
1131 2367
1132 1568
1132 1808
1133 1220
1133 2625
1133 2677
1133 3191
1134 1258
1134 1550
1135 1175
1136 1274
1136 1936
1137 1620
1137 2384
1137 3014
1137 3056
1138 1301
1138 3314
1139 1756
1139 1759
1139 2074
1139 2551
1139 3044
1140 1325
1140 2212
1142 2209
1143 2034
1143 2827
1144 2076
1144 3172
1145 1668
1146 1433
1146 2026
1146 2100
1148 1497
1148 1708
1148 2359
1149 1708
1149 1819
1149 1833
1149 1908
1149 2073
1150 1431
1150 1660
1150 2986
1150 3241
1151 1552
1151 2698
1151 3096
1151 3152
1152 2666
1152 2922
1152 3190
1153 2298
1154 1652
1154 1996
1154 3240
1155 3082
1156 1351
1156 2473
1157 2880
1158 1614
1158 2927
1159 1265
1159 1402
1159 2666
1160 1433
1160 1535
1160 1681
1160 2010
1160 3057
1161 1523
1161 1806
1161 2088
1162 1636
1162 1782
1162 2868
1163 2509
1163 2589
1164 1811
1164 1908
1164 2762
1165 1410
1165 1575
1165 1988
1166 1736
1166 2235
1166 3110
1167 1561
1167 2840
1168 1390
1168 3218
1169 1367
1170 2541
1173 1340
1173 1894
1174 1477
1174 1686
1175 1530
1176 1427
1176 1525
1176 1645
1176 1990
1176 2118
1176 2210
1176 2613
1176 2779
1176 2809
1176 2861
1176 3009
1176 3062
1176 3282
1177 1196
1177 1429
1177 1614
1177 2604
1177 2712
1177 2896
1179 1214
1179 1659
1179 1751
1179 2054
1179 2069
1179 2307
1179 3082
1180 1449
1180 2128
1180 2223
1180 2266
1180 2877
1180 2956
1181 2257
1181 2626
1181 3089
1183 1300
1183 1444
1183 1816
1183 3013
1183 3189
1184 1698
1184 2156
1185 2203
1185 2916
1186 1922
1187 1734
1189 1203
1189 1239
1189 1611
1189 2287
1189 3204
1191 3168
1192 1573
1192 1883
1193 1266
1193 2378
1194 1456
1194 2688
1195 2170
1195 2486
1196 1757
1196 1920
1196 3153
1198 1644
1198 1963
1198 2163
1198 2264
1198 2894
1198 3041
1199 1715
1199 1858
1199 2352
1199 2806
1199 2897
1199 2932
1199 2988
1202 2459
1203 2097
1204 2370
1205 2032
1205 2800
1205 2970
1205 3060
1207 2107
1207 2344
1208 1217
1208 1279
1208 2748
1210 1278
1210 1348
1210 1758
1210 2078
1210 2940
1211 3059
1211 3260
1212 1710
1212 1904
1212 1981
1212 2251
1212 2662
1212 2689
1212 2711
1212 2957
1212 3031
1213 1587
1213 1649
1213 1871
1213 3006
1214 2035
1214 3066
1215 1388
1215 1886
1215 2025
1215 2783
1215 3043
1217 2248
1218 1246
1219 1411
1219 1563
1219 2245
1219 2334
1219 2940
1221 1544
1223 2257
1223 2484
1223 2985
1224 2622
1225 1470
1227 1962
1227 2059
1228 2910
1229 2166
1229 3155
1230 1785
1232 1782
1232 3304
1233 1246
1233 2204
1233 2458
1233 2734
1234 1622
1234 1775
1234 1814
1234 1828
1234 2089
1235 1275
1235 1974
1235 2060
1235 3248
1236 1516
1236 3026
1238 1304
1238 1389
1238 1898
1238 2292
1239 1804
1239 2897
1242 1279
1242 1699
1243 2579
1244 1260
1246 3086
1246 3140
1248 1589
1249 2595
1250 1664
1252 1470
1252 1675
1252 2513
1253 1743
1253 2703
1253 2737
1253 2847
1254 2319
1255 2754
1256 2778
1256 3012
1257 1322
1258 1314
1258 2364
1259 1562
1260 2336
1261 1985
1262 2146
1262 2294
1262 2576
1262 2612
1263 3142
1264 1295
1264 2782
1264 2826
1265 1501
1265 1591
1265 2102
1266 2140
1267 1460
1269 1485
1269 1595
1269 2212
1269 2517
1269 2907
1271 1360
1271 2323
1271 2780
1272 1776
1273 1764
1273 1903
1273 1969
1273 2634
1274 1943
1277 3118
1278 2100
1279 1821
1279 2657
1279 2708
1280 1931
1280 2814
1281 2072
1281 2380
1282 1790
1282 3139
1283 2106
1284 1483
1284 1732
1284 2351
1284 3094
1284 3158
1285 1388
1285 1847
1285 2094
1287 2141
1287 2315
1287 2401
1287 2906
1288 2753
1289 2044
1289 2616
1290 3162
1291 1298
1291 1515
1291 2693
1292 2289
1293 2537
1294 2554
1295 1688
1296 1667
1296 3029
1297 1769
1297 1823
1297 2270
1298 2189
1299 2116
1299 2532
1299 3323
1300 2464
1301 1436
1301 1752
1303 1377
1303 2606
1303 2696
1303 3302
1304 2076
1305 2491
1306 1731
1306 1879
1308 2855
1309 1342
1310 2939
1311 2067
1311 3140
1312 2548
1312 2640
1313 3057
1314 1441
1314 1503
1314 1802
1315 1875
1315 2349
1315 2638
1315 2925
1315 3043
1316 1363
1316 1658
1317 2930
1318 1468
1318 2660
1320 1945
1321 1898
1322 2947
1323 1455
1323 1831
1323 2117
1323 2517
1323 2520
1325 2534
1325 2838
1325 2903
1326 2057
1326 2818
1328 1613
1328 3310
1329 2975
1331 1499
1331 2807
1332 1339
1332 2068
1332 3120
1333 1795
1333 2097
1333 2690
1333 3195
1334 1915
1334 2246
1335 1378
1335 1965
1335 2018
1335 2425
1335 2617
1335 2618
1337 1904
1338 1771
1338 2419
1339 1519
1339 1599
1341 1553
1343 2228
1343 2539
1343 3329
1345 1689
1345 1812
1346 2420
1348 1931
1348 2932
1349 1374
1349 1867
1349 1923
1349 2323
1350 2746
1350 2769
1351 3184
1352 1722
1352 1812
1352 1979
1352 2263
1354 1453
1354 2368
1354 2791
1354 2968
1357 1429
1357 2140
1357 2272
1357 2732
1358 1406
1358 1582
1358 2394
1358 2874
1358 3026
1359 1511
1359 1676
1359 1729
1359 2017
1359 2322
1359 3080
1360 2573
1360 3049
1361 2632
1363 2242
1363 3295
1364 1444
1364 2999
1365 1558
1365 2114
1366 1443
1366 2768
1366 3074
1370 2214
1371 1991
1371 2246
1371 2973
1372 2976
1373 1950
1375 1490
1375 1543
1376 2510
1378 2549
1378 2959
1379 1718
1379 2332
1379 2466
1379 2808
1381 1496
1382 1687
1382 3090
1383 2992
1385 1425
1385 2671
1385 2699
1385 3206
1386 1428
1386 3215
1387 1486
1387 1687
1387 2369
1387 2886
1387 2937
1387 2990
1387 3184
1388 1422
1388 2527
1388 2661
1390 2177
1390 3239
1391 1919
1392 1663
1392 2039
1393 1632
1393 1661
1395 1552
1395 1573
1395 2008
1395 2700
1399 1468
1399 1570
1399 2061
1399 2501
1400 1431
1400 2076
1400 2269
1400 2862
1402 2973
1403 3141
1404 2301
1406 1957
1408 1615
1408 2735
1408 2817
1409 1763
1409 2344
1409 2961
1412 2765
1413 1590
1413 2133
1417 2743
1417 3201
1419 1927
1419 2324
1419 2932
1420 2844
1421 2038
1422 2439
1422 2746
1425 2461
1425 2601
1426 1949
1427 2201
1427 2461
1427 2857
1428 1596
1429 1800
1429 3097
1430 3170
1431 1769
1431 2523
1432 1571
1432 2478
1433 1973
1434 2249
1435 2212
1435 2280
1435 2832
1436 2286
1436 2627
1437 1641
1437 1669
1437 3197
1439 1610
1439 1801
1439 2299
1439 2382
1441 1949
1441 2706
1442 2043
1443 1526
1443 3023
1444 1946
1444 2192
1444 2347
1444 2730
1444 2831
1446 1906
1446 2494
1447 1985
1447 2554
1447 3322
1448 2096
1448 2603
1449 2436
1449 3136
1450 1650
1450 2165
1450 2828
1452 1713
1452 1829
1453 1738
1453 1922
1454 2052
1454 2601
1455 1626
1455 1758
1456 1647
1456 1786
1456 3122
1457 1826
1457 3055
1457 3081
1458 2371
1459 1554
1459 2164
1459 2825
1459 2890
1459 3315
1461 2171
1461 2184
1463 1650
1463 2581
1464 3198
1465 2240
1466 1848
1468 1517
1468 1698
1468 1886
1468 2574
1469 2410
1469 2477
1471 2334
1471 2361
1473 2292
1473 2941
1477 1887
1479 2038
1479 2112
1479 2566
1480 1638
1480 1666
1481 1534
1481 2362
1481 3206
1483 2978
1484 2026
1484 2283
1484 3320
1488 1868
1489 2997
1491 1714
1492 2069
1492 2650
1495 2263
1495 2274
1497 2606
1497 2665
1497 3214
1498 1844
1499 2327
1499 3050
1500 1690
1500 1903
1500 1983
1500 2284
1500 3219
1501 2749
1502 1616
1502 2217
1502 2600
1502 3070
1505 1976
1505 3265
1506 1979
1506 2359
1506 3254
1507 1681
1507 1780
1507 2530
1508 2239
1509 1523
1509 1895
1510 1860
1510 2419
1511 1995
1511 2596
1511 2908
1512 3251
1513 1890
1514 1632
1514 2893
1515 2014
1515 2908
1516 2416
1518 2472
1519 3079
1520 3040
1521 3127
1522 3313
1523 1814
1523 3228
1524 3098
1524 3274
1525 2033
1525 2206
1525 2864
1527 2050
1528 1781
1528 2770
1529 1651
1531 2409
1532 2919
1534 2132
1534 2556
1535 1566
1535 2183
1535 2428
1535 3280
1536 2254
1536 2874
1538 2747
1539 2122
1539 2819
1542 1662
1542 2655
1543 1694
1543 2678
1544 1928
1544 2356
1544 2412
1544 2511
1544 3312
1545 1784
1545 2021
1545 2151
1546 2512
1546 3033
1546 3267
1547 1793
1547 2136
1547 2171
1549 2013
1549 2173
1551 1781
1551 2315
1551 3103
1551 3202
1555 2676
1555 2920
1555 3052
1555 3298
1556 1843
1558 1611
1558 3186
1559 2268
1559 2910
1562 1612
1562 2098
1563 1810
1563 2186
1563 2405
1564 1910
1564 2728
1565 1651
1565 1831
1566 1604
1566 1889
1566 2235
1566 2658
1568 2551
1568 2577
1572 2119
1572 2252
1572 2711
1572 2820
1572 2901
1573 1752
1574 1685
1574 2538
1575 1749
1575 1935
1575 2293
1575 2712
1578 1605
1578 2797
1578 3111
1578 3113
1579 1587
1581 2333
1582 2750
1583 1901
1583 2330
1583 2739
1584 2023
1587 2502
1587 2703
1587 2751
1588 1730
1589 1794
1591 2576
1591 2917
1593 1779
1593 2236
1593 3095
1595 1722
1595 2741
1596 2798
1597 1766
1597 2151
1597 2276
1597 2518
1597 2532
1597 3267
1598 2635
1599 2176
1599 2527
1600 1675
1603 2485
1604 2278
1604 2452
1605 2650
1606 2372
1606 2529
1608 1822
1609 1841
1609 2179
1609 2259
1610 2426
1610 2578
1611 1800
1611 2108
1612 3247
1613 2710
1614 2603
1614 2761
1615 1790
1615 2163
1617 3244
1622 2185
1625 1964
1625 2366
1627 1875
1627 2051
1627 2339
1627 2471
1627 2968
1627 2988
1627 3257
1628 1820
1629 2143
1629 3319
1630 2586
1630 2744
1631 2250
1631 2853
1634 2998
1634 3220
1635 1959
1635 2108
1635 2715
1636 3264
1637 1992
1637 2531
1637 2631
1637 3227
1638 1990
1640 3037
1643 2162
1643 2402
1644 1892
1644 2947
1645 1747
1647 2353
1647 3144
1650 1861
1650 2472
1650 2489
1651 3283
1652 2406
1652 2988
1652 3129
1653 2918
1654 1908
1654 2473
1655 1730
1656 3027
1657 1864
1660 1853
1660 2742
1663 1729
1663 2572
1663 2907
1664 3041
1665 2090
1665 2519
1665 3033
1666 2251
1666 2260
1668 1720
1670 3121
1671 2620
1672 2042
1672 2541
1672 2927
1672 3000
1676 2191
1676 2515
1677 1897
1677 2043
1677 2099
1678 2137
1678 2580
1679 2862
1681 1892
1681 2767
1682 1977
1683 3299
1684 2641
1684 2789
1685 1757
1685 2277
1688 2066
1689 1779
1689 1794
1689 2627
1690 1714
1690 2656
1691 1869
1691 2839
1696 1708
1696 2278
1696 2523
1697 1713
1697 2655
1702 2636
1703 2516
1704 2721
1705 2270
1705 3030
1706 3015
1707 1870
1707 3321
1710 2783
1711 1986
1711 2534
1712 3084
1714 2367
1714 2427
1714 2686
1714 3292
1716 2307
1716 3216
1717 1807
1717 1901
1717 2335
1717 2451
1717 3276
1718 1792
1718 2364
1718 2658
1722 2387
1723 1909
1723 2648
1723 2816
1723 2876
1723 3203
1724 1800
1724 2518
1724 2950
1725 2590
1725 3195
1727 2469
1729 2756
1729 3053
1730 2972
1730 3035
1731 2123
1731 2151
1731 2190
1731 3048
1734 2339
1735 1940
1736 2348
1736 3005
1739 2184
1739 2773
1742 2031
1742 2034
1746 2550
1747 2240
1748 2101
1748 2308
1748 3110
1749 1934
1749 3032
1749 3145
1751 2497
1751 3116
1755 2588
1755 2749
1758 2234
1758 3040
1761 2055
1761 2091
1761 3101
1761 3218
1762 2704
1764 2846
1766 2776
1767 3300
1768 1772
1768 2087
1768 2192
1768 3120
1770 1890
1773 1896
1773 2296
1773 2514
1776 1956
1778 2225
1778 3010
1779 2879
1779 2948
1781 3135
1782 1815
1782 1950
1782 2119
1782 2482
1784 1910
1785 2800
1786 2063
1787 1830
1787 1966
1787 2730
1787 3032
1788 1831
1788 2853
1791 2738
1792 2131
1793 1956
1793 2177
1793 2646
1794 1796
1794 1816
1794 1825
1794 1963
1794 2268
1794 2911
1794 3291
1796 2917
1796 3225
1797 2087
1797 2286
1798 3185
1799 3311
1800 2750
1802 2204
1804 2909
1804 2967
1808 2194
1808 3236
1808 3325
1810 2210
1810 2503
1811 2304
1811 2952
1811 3247
1812 2413
1812 2831
1813 2742
1816 3175
1817 2468
1819 2826
1819 3199
1821 3071
1824 2324
1824 2724
1825 1852
1825 2505
1825 3318
1830 2719
1830 2720
1832 2086
1832 2530
1832 2621
1832 2921
1833 2085
1833 2366
1833 2522
1833 2574
1834 1842
1836 1862
1837 3246
1838 2179
1838 2256
1838 2317
1838 2331
1838 2936
1838 3216
1839 2429
1843 1975
1844 2560
1845 1898
1845 2450
1845 2511
1845 2941
1845 2984
1846 2934
1846 3063
1846 3188
1847 2213
1848 2418
1848 2967
1852 2057
1852 2279
1852 2336
1853 2610
1854 1881
1855 3163
1856 2942
1859 2080
1859 2219
1859 2949
1860 2202
1860 2282
1860 2782
1862 2636
1862 2805
1862 2846
1864 2169
1864 2226
1865 2670
1865 3178
1867 1902
1867 2811
1869 2853
1870 2457
1870 2602
1870 2664
1871 3019
1871 3232
1872 2867
1872 2985
1872 3189
1875 2557
1876 2560
1877 2045
1877 2621
1877 2951
1879 1949
1879 2276
1879 2804
1879 3006
1879 3230
1882 2342
1884 2391
1885 2302
1885 2506
1886 2247
1886 2600
1892 2290
1894 2440
1894 3266
1900 3007
1900 3294
1901 2267
1902 2350
1902 3237
1904 1917
1904 2608
1904 2697
1905 2113
1905 2407
1909 2673
1911 2425
1912 3021
1913 2747
1916 2775
1918 2166
1919 2081
1920 2409
1920 2436
1920 2499
1920 3095
1922 2759
1923 2068
1923 2222
1924 2691
1924 2723
1928 2490
1932 2401
1932 2822
1932 3285
1936 2722
1937 2446
1937 2819
1937 2845
1937 3025
1938 2232
1938 2434
1938 3323
1939 2884
1940 2255
1941 3025
1941 3042
1944 2038
1945 2012
1945 2899
1946 2476
1946 2833
1947 2777
1947 3071
1952 2077
1952 2134
1952 2928
1954 2126
1954 2431
1954 2602
1955 2293
1955 2787
1956 3110
1956 3259
1957 2598
1958 2570
1959 2135
1962 3053
1963 3132
1964 2779
1965 2048
1968 1999
1968 2311
1968 2743
1970 3306
1973 2006
1975 2331
1976 2290
1976 2834
1976 2979
1977 2253
1978 2061
1979 2742
1983 2469
1983 2551
1983 2599
1983 2694
1983 2904
1983 2938
1984 2168
1985 2529
1986 2645
1987 2110
1987 2440
1988 3007
1989 2965
1989 3005
1990 2176
1992 3087
1995 2728
1996 2636
1996 2828
1996 3190
2001 2982
2002 2456
2005 3207
2007 2753
2008 2185
2009 2548
2011 2127
2011 2209
2012 2133
2012 3099
2013 2904
2014 2254
2014 2841
2014 3301
2015 2097
2015 2792
2015 3052
2016 3213
2016 3218
2017 2222
2017 2624
2018 2694
2018 2767
2018 2823
2021 2216
2021 2629
2022 2494
2027 2129
2027 2161
2027 2476
2027 2745
2028 2600
2028 2614
2028 3290
2029 2106
2029 2117
2029 2174
2029 2178
2029 2498
2031 3139
2032 2065
2032 2559
2033 2762
2034 3003
2034 3065
2035 3222
2044 2718
2046 2376
2047 2121
2051 2091
2052 2276
2053 2956
2054 2603
2056 3074
2056 3194
2058 2233
2059 2437
2059 2577
2060 2683
2060 2788
2063 2248
2066 2632
2069 2458
2071 2371
2073 3096
2076 2291
2079 2868
2082 2882
2084 3159
2087 2181
2087 2240
2087 2283
2087 2321
2087 2438
2092 2414
2093 2443
2093 2553
2093 2619
2095 2301
2095 2615
2095 2938
2096 3060
2098 2101
2098 2529
2098 2607
2101 2258
2102 2249
2102 3024
2103 2540
2103 2924
2103 3020
2103 3087
2104 2341
2105 2225
2107 2880
2108 2320
2108 2644
2109 2460
2109 2537
2109 2761
2110 2375
2110 2468
2113 2902
2113 3108
2114 3106
2116 2136
2116 2485
2118 2389
2120 3284
2121 2230
2121 3078
2121 3090
2122 2969
2124 2851
2126 2218
2126 2759
2127 2935
2128 2187
2128 2748
2128 3136
2130 2396
2131 2317
2132 3049
2132 3291
2133 2140
2133 2814
2134 2567
2137 2594
2138 2667
2138 2958
2141 2333
2148 2535
2150 2394
2151 3116
2155 2202
2157 2919
2158 2507
2158 3150
2159 2160
2162 3280
2163 3190
2165 2410
2170 3285
2171 2308
2173 2250
2174 2834
2174 3324
2175 2218
2175 2752
2176 2924
2177 2351
2178 2182
2178 2204
2178 2517
2180 2674
2182 2221
2182 3041
2184 2833
2184 3031
2184 3105
2186 2287
2186 2755
2186 3217
2188 2711
2189 2223
2189 2285
2189 3279
2190 2861
2192 2750
2194 3178
2196 2966
2200 2878
2202 2757
2205 2355
2205 3292
2208 3163
2208 3315
2213 2563
2213 2834
2214 2473
2216 3009
2218 2672
2218 3081
2222 2721
2223 2507
2223 2852
2226 2495
2228 2875
2233 3319
2236 2568
2236 2954
2242 3021
2245 2655
2247 2777
2248 2486
2252 2415
2252 2710
2253 2684
2258 2525
2259 2347
2261 2952
2263 3073
2265 2557
2266 3318
2267 2268
2267 2658
2268 2900
2269 2644
2274 2957
2276 3213
2277 2397
2278 2541
2280 3054
2282 2697
2285 2435
2286 2400
2291 2990
2292 3314
2293 3263
2294 3304
2295 2457
2296 3134
2298 2550
2300 2749
2300 2866
2301 3100
2303 2430
2303 2591
2303 2781
2303 2824
2306 3183
2309 2568
2310 2709
2310 3026
2314 2692
2314 2706
2316 2640
2316 2864
2316 2895
2317 3137
2318 2801
2319 2821
2321 2354
2321 2581
2322 2729
2323 3086
2324 2713
2324 3209
2325 2349
2325 3149
2326 2917
2328 2646
2335 2896
2337 2366
2337 2383
2337 2958
2349 2466
2350 2871
2351 2430
2351 2733
2352 2424
2354 2556
2355 2996
2355 3243
2360 2467
2361 3311
2363 2385
2365 3095
2366 2857
2369 2815
2370 2522
2372 2391
2377 2512
2378 2760
2380 3081
2381 2799
2381 2981
2381 2996
2381 3103
2382 3327
2383 2857
2384 2602
2384 2833
2385 2395
2386 2995
2386 3217
2386 3232
2387 2449
2387 2587
2387 3272
2387 3302
2388 2727
2392 2751
2393 2889
2395 2688
2396 2464
2398 2786
2402 2586
2403 2647
2404 3223
2410 3122
2411 3109
2412 2459
2413 2815
2413 3269
2414 2424
2415 2781
2416 3285
2419 3180
2420 3036
2422 3167
2424 3114
2426 2448
2429 2502
2433 2740
2434 2905
2436 3112
2436 3128
2437 2520
2440 3150
2447 2696
2450 3078
2451 2972
2452 2506
2453 2480
2458 2505
2458 2611
2458 2725
2458 2864
2458 2908
2461 3269
2462 2740
2463 2718
2464 2878
2465 3142
2466 3039
2467 2629
2467 2717
2468 2638
2474 2524
2475 2914
2477 2883
2478 3295
2486 3204
2488 3274
2490 2526
2494 2596
2504 3166
2506 2945
2508 3307
2509 3120
2510 2912
2510 2963
2511 3036
2513 2716
2513 3255
2514 3215
2517 3175
2518 2931
2520 2534
2526 3200
2528 3223
2529 2605
2533 2718
2535 2811
2535 3117
2536 3150
2539 2767
2542 2697
2547 2969
2547 3088
2549 2614
2551 2735
2553 2946
2554 2733
2559 2796
2560 3035
2561 3155
2563 3175
2567 3126
2568 2798
2570 3197
2572 3072
2575 3067
2579 3062
2581 3181
2582 2892
2582 3330
2585 2879
2592 2612
2592 3044
2593 3242
2595 2974
2595 3051
2595 3205
2598 2698
2602 3130
2605 2946
2607 2717
2607 3125
2614 3160
2618 2875
2623 2729
2623 3209
2626 2891
2627 2832
2628 2929
2628 3070
2629 2771
2635 2648
2640 2748
2643 2644
2643 2898
2645 3166
2653 2685
2656 2827
2656 3227
2660 3138
2663 3017
2668 2918
2670 3248
2671 2850
2671 3003
2678 2964
2679 3217
2687 2775
2691 2796
2693 3268
2695 3243
2699 3238
2702 3241
2709 3154
2716 2822
2718 3277
2722 2938
2728 2773
2729 3170
2729 3219
2733 2774
2733 3073
2741 3146
2742 2783
2743 3279
2746 2771
2748 2913
2748 3061
2748 3160
2750 3031
2750 3226
2751 3085
2754 2760
2759 3240
2763 3161
2766 3011
2766 3211
2770 3091
2773 2863
2778 2784
2784 3184
2784 3305
2789 3192
2795 2839
2810 3286
2838 3272
2842 2993
2842 2995
2848 3034
2849 3058
2861 3182
2870 2926
2872 3326
2879 3079
2880 2914
2883 3012
2885 3192
2886 3276
2887 3327
2888 2935
2890 2971
2891 2924
2891 2956
2902 3028
2912 2964
2914 3039
2915 3020
2915 3229
2919 3056
2922 3230
2928 3038
2936 3109
2936 3274
2944 3054
2950 3158
2952 3312
2961 3266
2967 3262
2974 3172
2974 3251
2976 3159
2992 3162
2994 3171
2994 3235
3008 3250
3009 3192
3015 3157
3018 3139
3028 3177
3033 3183
3035 3250
3035 3277
3043 3160
3047 3061
3051 3317
3055 3075
3056 3262
3058 3303
3087 3330
3095 3278
3101 3250
3149 3309
3186 3282
3203 3243
3203 3278
3229 3252
3239 3287
3249 3251
3260 3273
3271 3281
3273 3309
