0 3
0 4
0 8
0 9
0 10
0 12
0 14
0 15
0 16
0 18
0 19
0 23
0 25
0 26
0 28
0 29
0 31
0 33
0 35
0 36
0 37
0 39
0 41
0 47
0 48
0 49
0 52
0 53
0 54
0 65
0 66
0 67
0 68
0 69
0 71
0 73
0 74
0 75
0 82
0 85
0 86
0 87
0 88
0 89
0 92
0 93
0 96
0 97
0 98
0 99
0 101
0 103
0 106
0 107
0 109
0 110
0 115
0 116
0 117
0 118
0 119
0 120
0 124
0 126
0 127
0 129
0 130
0 131
0 132
0 133
0 136
0 138
0 144
0 149
0 150
0 151
0 154
0 155
0 156
0 157
0 159
0 162
0 168
0 169
0 171
0 174
0 175
0 176
0 177
0 180
0 184
0 186
0 188
0 189
0 194
0 195
0 196
0 197
0 198
1 3
1 4
1 6
1 10
1 13
1 14
1 15
1 18
1 20
1 21
1 23
1 24
1 25
1 28
1 31
1 32
1 33
1 34
1 35
1 36
1 38
1 39
1 41
1 42
1 45
1 47
1 48
1 49
1 51
1 52
1 54
1 55
1 57
1 60
1 61
1 64
1 65
1 66
1 68
1 69
1 70
1 71
1 75
1 76
1 77
1 78
1 79
1 80
1 81
1 82
1 83
1 85
1 86
1 87
1 88
1 90
1 91
1 92
1 93
1 94
1 96
1 98
1 101
1 102
1 105
1 106
1 109
1 111
1 113
1 114
1 115
1 117
1 122
1 123
1 124
1 126
1 127
1 130
1 131
1 133
1 135
1 138
1 142
1 144
1 147
1 148
1 150
1 151
1 153
1 156
1 157
1 158
1 159
1 160
1 162
1 165
1 168
1 169
1 171
1 173
1 174
1 177
1 179
1 180
1 183
1 184
1 186
1 187
1 188
1 189
1 191
1 192
1 193
1 194
1 197
1 198
1 199
2 3
2 6
2 7
2 9
2 10
2 17
2 19
2 20
2 21
2 22
2 24
2 26
2 29
2 30
2 31
2 33
2 34
2 35
2 36
2 37
2 38
2 39
2 46
2 47
2 49
2 53
2 55
2 57
2 58
2 59
2 60
2 62
2 63
2 64
2 69
2 71
2 72
2 73
2 75
2 77
2 78
2 79
2 82
2 84
2 86
2 87
2 93
2 96
2 98
2 99
2 100
2 102
2 103
2 104
2 106
2 108
2 112
2 113
2 115
2 117
2 119
2 120
2 123
2 124
2 127
2 129
2 131
2 135
2 136
2 137
2 139
2 140
2 141
2 143
2 144
2 145
2 147
2 152
2 154
2 155
2 156
2 158
2 161
2 164
2 165
2 166
2 167
2 171
2 173
2 174
2 175
2 176
2 182
2 183
2 186
2 188
2 190
2 191
2 193
2 194
3 6
3 8
3 9
3 10
3 11
3 13
3 17
3 19
3 21
3 23
3 24
3 25
3 30
3 32
3 33
3 34
3 35
3 36
3 37
3 38
3 39
3 41
3 42
3 43
3 45
3 46
3 49
3 53
3 54
3 55
3 57
3 62
3 66
3 71
3 75
3 78
3 80
3 82
3 83
3 85
3 86
3 93
3 94
3 96
3 97
3 98
3 99
3 101
3 102
3 103
3 105
3 108
3 110
3 113
3 115
3 118
3 120
3 123
3 124
3 126
3 128
3 130
3 131
3 135
3 136
3 138
3 139
3 145
3 147
3 149
3 151
3 154
3 155
3 157
3 159
3 162
3 165
3 167
3 169
3 170
3 175
3 176
3 177
3 179
3 180
3 183
3 184
3 186
3 187
3 188
3 191
3 192
3 193
3 195
3 197
3 199
4 5
4 6
4 9
4 15
4 16
4 19
4 20
4 22
4 23
4 24
4 25
4 28
4 30
4 31
4 35
4 36
4 40
4 41
4 43
4 44
4 45
4 47
4 50
4 52
4 55
4 59
4 60
4 61
4 62
4 63
4 64
4 67
4 68
4 72
4 75
4 76
4 77
4 78
4 80
4 82
4 84
4 86
4 87
4 88
4 89
4 91
4 94
4 95
4 96
4 98
4 99
4 101
4 105
4 107
4 108
4 109
4 110
4 112
4 114
4 115
4 118
4 120
4 122
4 124
4 126
4 127
4 128
4 131
4 132
4 134
4 135
4 137
4 142
4 143
4 144
4 145
4 146
4 147
4 148
4 150
4 151
4 153
4 154
4 156
4 157
4 158
4 159
4 160
4 163
4 164
4 165
4 166
4 167
4 172
4 173
4 174
4 175
4 178
4 180
4 181
4 185
4 186
4 187
4 188
4 189
4 190
4 196
4 197
4 199
5 6
5 7
5 10
5 14
5 16
5 17
5 20
5 21
5 22
5 23
5 24
5 25
5 29
5 31
5 34
5 35
5 38
5 41
5 42
5 46
5 48
5 49
5 51
5 53
5 54
5 57
5 59
5 60
5 62
5 63
5 65
5 66
5 67
5 69
5 70
5 71
5 72
5 74
5 75
5 78
5 79
5 80
5 81
5 83
5 86
5 87
5 88
5 89
5 92
5 98
5 102
5 105
5 107
5 110
5 111
5 113
5 114
5 116
5 117
5 119
5 121
5 122
5 123
5 125
5 127
5 128
5 130
5 133
5 134
5 137
5 139
5 141
5 142
5 145
5 146
5 147
5 148
5 149
5 150
5 151
5 158
5 159
5 164
5 165
5 166
5 170
5 174
5 178
5 181
5 182
5 184
5 195
5 197
5 199
6 7
6 8
6 9
6 11
6 12
6 13
6 14
6 15
6 17
6 19
6 22
6 27
6 28
6 29
6 31
6 32
6 34
6 37
6 41
6 42
6 45
6 46
6 47
6 48
6 50
6 52
6 53
6 54
6 55
6 58
6 59
6 60
6 62
6 63
6 64
6 67
6 68
6 69
6 75
6 77
6 79
6 83
6 87
6 89
6 90
6 91
6 93
6 94
6 95
6 97
6 99
6 100
6 102
6 103
6 106
6 108
6 112
6 113
6 116
6 120
6 121
6 123
6 125
6 126
6 127
6 128
6 130
6 131
6 136
6 138
6 142
6 143
6 144
6 147
6 148
6 151
6 154
6 155
6 156
6 157
6 163
6 165
6 166
6 167
6 168
6 169
6 173
6 174
6 176
6 178
6 180
6 181
6 182
6 185
6 187
6 188
6 194
6 196
6 197
6 199
7 8
7 9
7 10
7 14
7 16
7 18
7 19
7 20
7 21
7 22
7 24
7 26
7 28
7 29
7 31
7 34
7 36
7 38
7 40
7 41
7 42
7 44
7 45
7 46
7 47
7 49
7 50
7 52
7 53
7 54
7 55
7 56
7 57
7 58
7 59
7 60
7 63
7 67
7 76
7 78
7 81
7 83
7 84
7 85
7 86
7 88
7 94
7 99
7 100
7 101
7 102
7 105
7 106
7 108
7 109
7 111
7 112
7 115
7 117
7 120
7 121
7 123
7 124
7 127
7 131
7 132
7 133
7 135
7 136
7 142
7 144
7 149
7 155
7 156
7 159
7 160
7 163
7 165
7 166
7 168
7 169
7 170
7 171
7 172
7 173
7 179
7 182
7 183
7 185
7 186
7 189
7 190
7 192
7 193
7 194
7 197
7 198
8 9
8 10
8 12
8 13
8 14
8 16
8 18
8 22
8 25
8 28
8 30
8 31
8 34
8 36
8 37
8 38
8 39
8 40
8 42
8 44
8 45
8 46
8 49
8 50
8 52
8 57
8 58
8 59
8 62
8 63
8 64
8 66
8 68
8 72
8 74
8 76
8 77
8 81
8 82
8 85
8 87
8 89
8 90
8 95
8 96
8 99
8 101
8 103
8 106
8 107
8 110
8 113
8 114
8 115
8 118
8 123
8 124
8 125
8 126
8 130
8 133
8 135
8 136
8 140
8 141
8 142
8 143
8 144
8 146
8 148
8 150
8 152
8 153
8 154
8 155
8 157
8 159
8 160
8 162
8 163
8 166
8 167
8 168
8 170
8 174
8 175
8 176
8 177
8 181
8 184
8 187
8 188
8 192
8 195
8 196
8 197
8 199
9 11
9 12
9 14
9 15
9 18
9 19
9 21
9 25
9 27
9 30
9 34
9 36
9 37
9 39
9 40
9 42
9 45
9 46
9 48
9 49
9 50
9 51
9 53
9 54
9 55
9 56
9 57
9 58
9 60
9 65
9 66
9 72
9 74
9 75
9 76
9 77
9 78
9 79
9 82
9 83
9 84
9 85
9 86
9 87
9 88
9 89
9 94
9 95
9 99
9 102
9 105
9 107
9 108
9 109
9 110
9 111
9 114
9 115
9 119
9 120
9 121
9 124
9 129
9 131
9 135
9 136
9 139
9 140
9 142
9 147
9 152
9 159
9 160
9 161
9 162
9 163
9 164
9 165
9 166
9 169
9 171
9 172
9 175
9 177
9 180
9 181
9 182
9 184
9 185
9 189
9 190
9 193
9 194
9 195
9 197
9 198
10 11
10 12
10 13
10 14
10 15
10 16
10 18
10 20
10 22
10 23
10 25
10 26
10 33
10 36
10 37
10 39
10 49
10 52
10 54
10 58
10 59
10 61
10 62
10 63
10 64
10 65
10 67
10 68
10 70
10 73
10 75
10 76
10 78
10 80
10 85
10 89
10 90
10 93
10 95
10 98
10 99
10 104
10 105
10 106
10 107
10 108
10 109
10 110
10 112
10 114
10 115
10 117
10 119
10 120
10 121
10 123
10 124
10 126
10 128
10 130
10 133
10 134
10 136
10 137
10 138
10 139
10 140
10 143
10 145
10 147
10 148
10 149
10 150
10 151
10 157
10 160
10 161
10 163
10 164
10 166
10 167
10 169
10 170
10 172
10 173
10 175
10 177
10 178
10 179
10 181
10 183
10 185
10 186
10 189
10 191
10 193
10 195
10 196
10 197
10 198
10 199
11 15
11 17
11 19
11 20
11 22
11 26
11 27
11 28
11 29
11 30
11 31
11 32
11 34
11 36
11 37
11 41
11 47
11 50
11 52
11 56
11 57
11 58
11 60
11 61
11 62
11 64
11 67
11 68
11 70
11 72
11 73
11 76
11 77
11 78
11 79
11 80
11 81
11 85
11 88
11 92
11 93
11 94
11 98
11 99
11 101
11 108
11 112
11 114
11 115
11 116
11 118
11 119
11 121
11 122
11 125
11 126
11 129
11 132
11 134
11 136
11 138
11 139
11 141
11 143
11 145
11 151
11 152
11 154
11 156
11 157
11 160
11 162
11 163
11 164
11 168
11 169
11 171
11 173
11 174
11 177
11 179
11 180
11 184
11 185
11 186
11 188
11 189
11 193
11 194
11 195
11 196
11 197
11 199
12 14
12 15
12 17
12 18
12 19
12 20
12 21
12 24
12 25
12 26
12 29
12 31
12 32
12 38
12 41
12 45
12 46
12 48
12 51
12 55
12 56
12 57
12 60
12 62
12 63
12 65
12 66
12 67
12 69
12 70
12 71
12 74
12 77
12 80
12 81
12 86
12 87
12 89
12 94
12 99
12 100
12 108
12 111
12 114
12 117
12 120
12 122
12 125
12 126
12 132
12 133
12 135
12 136
12 140
12 141
12 142
12 144
12 146
12 149
12 150
12 153
12 154
12 158
12 160
12 161
12 165
12 166
12 167
12 168
12 169
12 170
12 175
12 178
12 179
12 180
12 181
12 184
12 185
12 186
12 187
12 192
12 193
12 194
12 195
12 196
12 197
12 199
13 15
13 16
13 18
13 19
13 22
13 24
13 25
13 26
13 30
13 36
13 37
13 40
13 43
13 45
13 48
13 52
13 58
13 59
13 60
13 63
13 64
13 70
13 71
13 72
13 73
13 74
13 75
13 76
13 77
13 78
13 79
13 80
13 81
13 83
13 85
13 86
13 90
13 92
13 94
13 95
13 96
13 100
13 101
13 102
13 104
13 107
13 108
13 112
13 113
13 114
13 115
13 118
13 119
13 124
13 126
13 128
13 129
13 133
13 135
13 139
13 142
13 143
13 144
13 147
13 149
13 152
13 155
13 156
13 157
13 158
13 161
13 162
13 164
13 165
13 167
13 168
13 169
13 170
13 171
13 173
13 175
13 176
13 177
13 178
13 180
13 181
13 183
13 186
13 188
13 191
13 193
13 194
13 197
13 198
13 199
14 15
14 17
14 18
14 19
14 22
14 23
14 24
14 25
14 26
14 30
14 31
14 32
14 36
14 37
14 40
14 42
14 44
14 48
14 49
14 51
14 55
14 57
14 58
14 59
14 63
14 67
14 69
14 71
14 72
14 73
14 75
14 76
14 77
14 83
14 84
14 89
14 90
14 91
14 92
14 93
14 94
14 96
14 97
14 98
14 100
14 102
14 103
14 104
14 105
14 107
14 109
14 117
14 121
14 126
14 128
14 129
14 131
14 132
14 134
14 136
14 137
14 138
14 142
14 145
14 150
14 151
14 153
14 156
14 159
14 160
14 161
14 166
14 167
14 169
14 172
14 173
14 174
14 175
14 178
14 179
14 180
14 181
14 182
14 184
14 185
14 186
14 189
14 190
14 191
14 195
15 16
15 17
15 19
15 21
15 22
15 23
15 24
15 25
15 26
15 28
15 31
15 32
15 33
15 34
15 35
15 38
15 39
15 47
15 48
15 50
15 51
15 52
15 53
15 54
15 55
15 57
15 59
15 64
15 65
15 67
15 68
15 69
15 70
15 71
15 72
15 75
15 76
15 77
15 80
15 82
15 83
15 85
15 86
15 88
15 90
15 91
15 92
15 93
15 95
15 97
15 98
15 100
15 102
15 103
15 105
15 106
15 107
15 108
15 109
15 110
15 112
15 118
15 119
15 120
15 124
15 125
15 128
15 129
15 130
15 132
15 134
15 135
15 139
15 140
15 142
15 143
15 144
15 147
15 148
15 152
15 155
15 156
15 158
15 160
15 161
15 162
15 165
15 169
15 170
15 172
15 173
15 174
15 175
15 176
15 177
15 179
15 180
15 184
15 188
15 193
15 196
15 197
16 17
16 19
16 20
16 22
16 24
16 25
16 26
16 27
16 28
16 29
16 31
16 35
16 37
16 38
16 40
16 41
16 43
16 45
16 47
16 48
16 51
16 53
16 57
16 67
16 72
16 73
16 74
16 75
16 81
16 85
16 87
16 88
16 90
16 91
16 92
16 95
16 96
16 97
16 100
16 101
16 102
16 105
16 106
16 107
16 109
16 112
16 113
16 114
16 115
16 116
16 118
16 120
16 122
16 124
16 126
16 128
16 129
16 130
16 131
16 132
16 138
16 139
16 140
16 141
16 144
16 146
16 147
16 148
16 151
16 153
16 154
16 155
16 156
16 158
16 160
16 161
16 163
16 164
16 165
16 166
16 167
16 168
16 173
16 174
16 175
16 176
16 179
16 180
16 184
16 186
16 189
16 191
16 192
16 193
16 194
16 195
16 198
17 18
17 20
17 21
17 24
17 25
17 26
17 27
17 29
17 30
17 33
17 34
17 35
17 36
17 39
17 43
17 44
17 45
17 46
17 47
17 49
17 50
17 54
17 55
17 59
17 64
17 68
17 70
17 72
17 73
17 75
17 77
17 78
17 82
17 87
17 89
17 92
17 93
17 100
17 102
17 104
17 107
17 108
17 111
17 112
17 113
17 114
17 115
17 117
17 121
17 123
17 124
17 126
17 129
17 130
17 133
17 137
17 141
17 143
17 144
17 145
17 147
17 148
17 149
17 151
17 154
17 156
17 157
17 158
17 162
17 163
17 166
17 167
17 170
17 177
17 179
17 180
17 182
17 185
17 187
17 188
17 189
17 190
17 193
17 195
17 196
17 197
17 199
18 23
18 24
18 25
18 27
18 28
18 30
18 31
18 36
18 37
18 38
18 40
18 43
18 44
18 45
18 47
18 48
18 50
18 51
18 57
18 60
18 61
18 63
18 64
18 66
18 69
18 70
18 72
18 77
18 79
18 82
18 83
18 84
18 87
18 90
18 91
18 93
18 94
18 100
18 101
18 103
18 104
18 105
18 106
18 108
18 109
18 110
18 112
18 116
18 117
18 120
18 125
18 127
18 129
18 130
18 132
18 133
18 136
18 137
18 138
18 142
18 143
18 144
18 145
18 148
18 149
18 150
18 154
18 155
18 156
18 158
18 161
18 162
18 167
18 168
18 169
18 171
18 173
18 174
18 175
18 180
18 182
18 184
18 185
18 188
18 190
18 192
18 193
18 195
18 199
19 20
19 34
19 35
19 36
19 38
19 39
19 42
19 43
19 46
19 47
19 48
19 50
19 53
19 54
19 55
19 61
19 63
19 66
19 67
19 70
19 72
19 73
19 74
19 77
19 78
19 79
19 80
19 81
19 82
19 83
19 84
19 86
19 87
19 91
19 92
19 94
19 95
19 97
19 98
19 102
19 106
19 107
19 111
19 112
19 114
19 119
19 120
19 121
19 122
19 123
19 124
19 126
19 131
19 132
19 133
19 135
19 139
19 140
19 141
19 142
19 143
19 145
19 147
19 151
19 153
19 157
19 158
19 161
19 162
19 164
19 166
19 169
19 171
19 173
19 174
19 175
19 178
19 179
19 180
19 181
19 182
19 183
19 184
19 185
19 186
19 187
19 188
19 189
19 190
19 192
19 194
19 195
19 199
20 24
20 26
20 30
20 31
20 33
20 34
20 40
20 41
20 42
20 44
20 47
20 50
20 53
20 55
20 60
20 66
20 67
20 73
20 76
20 77
20 78
20 79
20 80
20 82
20 83
20 86
20 91
20 92
20 95
20 96
20 98
20 100
20 103
20 106
20 107
20 111
20 115
20 116
20 118
20 119
20 121
20 123
20 125
20 126
20 128
20 129
20 131
20 132
20 133
20 134
20 135
20 143
20 145
20 146
20 147
20 149
20 150
20 153
20 154
20 155
20 160
20 162
20 164
20 165
20 166
20 167
20 168
20 170
20 172
20 173
20 176
20 180
20 183
20 185
20 186
20 188
20 190
20 196
20 198
20 199
21 22
21 23
21 24
21 28
21 30
21 31
21 32
21 35
21 36
21 41
21 46
21 55
21 57
21 58
21 59
21 66
21 67
21 68
21 69
21 72
21 75
21 76
21 77
21 78
21 81
21 82
21 83
21 88
21 90
21 91
21 92
21 93
21 95
21 98
21 99
21 100
21 102
21 104
21 108
21 110
21 111
21 112
21 113
21 117
21 118
21 124
21 127
21 130
21 131
21 133
21 135
21 137
21 140
21 141
21 142
21 148
21 149
21 151
21 152
21 156
21 157
21 158
21 159
21 160
21 161
21 165
21 166
21 167
21 169
21 172
21 175
21 185
21 187
21 190
21 192
21 193
21 194
21 196
21 197
21 199
22 24
22 26
22 27
22 30
22 31
22 33
22 34
22 36
22 39
22 42
22 44
22 45
22 47
22 50
22 51
22 52
22 53
22 56
22 57
22 59
22 61
22 62
22 66
22 69
22 74
22 75
22 76
22 77
22 80
22 83
22 84
22 86
22 87
22 89
22 92
22 94
22 97
22 98
22 102
22 104
22 107
22 109
22 110
22 111
22 112
22 114
22 117
22 118
22 119
22 122
22 124
22 125
22 129
22 133
22 136
22 137
22 138
22 140
22 141
22 142
22 147
22 148
22 149
22 151
22 154
22 161
22 164
22 165
22 168
22 172
22 176
22 179
22 181
22 183
22 184
22 185
22 188
22 196
22 197
22 198
23 25
23 26
23 28
23 29
23 32
23 33
23 36
23 37
23 38
23 39
23 40
23 42
23 51
23 54
23 57
23 59
23 62
23 65
23 66
23 68
23 69
23 72
23 73
23 74
23 75
23 76
23 77
23 80
23 81
23 82
23 83
23 85
23 91
23 93
23 94
23 97
23 99
23 101
23 103
23 105
23 106
23 107
23 108
23 110
23 111
23 112
23 114
23 117
23 119
23 123
23 127
23 130
23 131
23 132
23 134
23 135
23 138
23 139
23 140
23 141
23 143
23 144
23 146
23 147
23 148
23 149
23 151
23 152
23 153
23 157
23 160
23 161
23 163
23 165
23 167
23 168
23 169
23 171
23 175
23 176
23 177
23 178
23 179
23 181
23 185
23 186
23 187
23 193
23 195
23 196
23 197
23 198
23 199
24 26
24 27
24 30
24 31
24 33
24 34
24 35
24 36
24 37
24 38
24 39
24 41
24 43
24 44
24 45
24 47
24 48
24 49
24 50
24 51
24 52
24 53
24 57
24 58
24 61
24 62
24 64
24 66
24 67
24 74
24 76
24 83
24 84
24 87
24 88
24 93
24 98
24 100
24 101
24 102
24 103
24 105
24 107
24 109
24 116
24 117
24 119
24 120
24 121
24 124
24 126
24 130
24 132
24 133
24 135
24 138
24 139
24 142
24 147
24 152
24 153
24 154
24 157
24 160
24 161
24 163
24 165
24 166
24 167
24 168
24 169
24 170
24 171
24 174
24 176
24 178
24 187
24 188
24 190
24 192
24 196
24 197
24 198
25 27
25 29
25 30
25 33
25 35
25 39
25 44
25 46
25 48
25 50
25 56
25 57
25 59
25 61
25 63
25 65
25 67
25 69
25 73
25 78
25 80
25 82
25 83
25 84
25 86
25 87
25 88
25 89
25 90
25 97
25 98
25 99
25 100
25 101
25 102
25 106
25 110
25 111
25 114
25 115
25 116
25 117
25 119
25 120
25 121
25 123
25 125
25 126
25 127
25 128
25 130
25 134
25 135
25 136
25 137
25 138
25 140
25 144
25 146
25 147
25 148
25 154
25 155
25 157
25 161
25 162
25 163
25 166
25 168
25 169
25 173
25 174
25 175
25 176
25 180
25 181
25 183
25 187
25 189
25 193
25 194
25 197
26 28
26 29
26 33
26 36
26 42
26 44
26 47
26 49
26 53
26 55
26 58
26 60
26 62
26 63
26 65
26 66
26 69
26 76
26 77
26 78
26 80
26 84
26 86
26 87
26 88
26 89
26 90
26 92
26 93
26 97
26 98
26 100
26 102
26 104
26 105
26 106
26 108
26 110
26 114
26 115
26 123
26 125
26 129
26 130
26 133
26 134
26 135
26 136
26 138
26 140
26 141
26 143
26 145
26 148
26 151
26 155
26 158
26 161
26 165
26 166
26 171
26 172
26 173
26 174
26 179
26 180
26 182
26 183
26 186
26 188
26 191
26 196
26 199
27 28
27 32
27 33
27 36
27 37
27 40
27 41
27 42
27 44
27 45
27 47
27 48
27 49
27 51
27 53
27 54
27 59
27 60
27 61
27 64
27 66
27 67
27 68
27 71
27 72
27 73
27 75
27 76
27 77
27 78
27 80
27 83
27 85
27 88
27 89
27 91
27 93
27 94
27 95
27 99
27 102
27 103
27 104
27 106
27 107
27 108
27 109
27 111
27 112
27 119
27 126
27 127
27 128
27 130
27 131
27 132
27 135
27 136
27 140
27 142
27 143
27 144
27 148
27 150
27 151
27 154
27 155
27 156
27 161
27 162
27 164
27 167
27 168
27 172
27 174
27 175
27 176
27 177
27 181
27 182
27 183
27 185
27 188
27 190
27 191
27 192
27 195
27 196
27 197
28 30
28 31
28 32
28 33
28 34
28 35
28 41
28 42
28 44
28 45
28 49
28 50
28 51
28 53
28 54
28 56
28 57
28 59
28 60
28 61
28 62
28 63
28 67
28 69
28 70
28 71
28 72
28 73
28 74
28 76
28 79
28 81
28 84
28 87
28 89
28 94
28 95
28 100
28 104
28 105
28 107
28 109
28 110
28 114
28 117
28 118
28 120
28 121
28 123
28 125
28 129
28 131
28 134
28 136
28 140
28 142
28 145
28 147
28 148
28 149
28 152
28 154
28 155
28 157
28 158
28 160
28 162
28 163
28 165
28 167
28 170
28 171
28 172
28 173
28 175
28 178
28 181
28 182
28 183
28 184
28 187
28 196
28 197
28 199
29 30
29 32
29 33
29 35
29 36
29 39
29 42
29 44
29 45
29 46
29 48
29 49
29 50
29 52
29 53
29 54
29 57
29 58
29 59
29 61
29 62
29 64
29 66
29 67
29 68
29 70
29 71
29 72
29 73
29 75
29 77
29 78
29 80
29 81
29 82
29 85
29 87
29 88
29 91
29 92
29 95
29 96
29 98
29 99
29 110
29 111
29 112
29 113
29 114
29 115
29 117
29 119
29 120
29 122
29 124
29 128
29 131
29 132
29 138
29 140
29 141
29 142
29 143
29 147
29 148
29 149
29 150
29 152
29 154
29 155
29 156
29 157
29 159
29 161
29 162
29 163
29 167
29 168
29 170
29 171
29 175
29 177
29 179
29 180
29 181
29 182
29 187
29 188
29 192
29 196
29 197
29 199
30 31
30 33
30 40
30 42
30 46
30 47
30 48
30 54
30 56
30 57
30 58
30 61
30 63
30 65
30 66
30 72
30 76
30 78
30 79
30 81
30 86
30 87
30 91
30 92
30 93
30 94
30 96
30 97
30 100
30 103
30 107
30 108
30 109
30 111
30 113
30 121
30 124
30 125
30 126
30 133
30 136
30 139
30 140
30 141
30 142
30 144
30 146
30 147
30 150
30 151
30 152
30 153
30 156
30 157
30 158
30 165
30 166
30 168
30 169
30 171
30 172
30 173
30 179
30 181
30 182
30 183
30 184
30 185
30 187
30 188
30 189
30 190
30 191
30 193
30 194
30 196
30 199
31 35
31 37
31 39
31 40
31 44
31 45
31 46
31 48
31 49
31 51
31 59
31 64
31 67
31 68
31 70
31 76
31 78
31 79
31 84
31 88
31 89
31 90
31 92
31 93
31 94
31 95
31 99
31 103
31 104
31 107
31 108
31 109
31 110
31 114
31 117
31 118
31 120
31 121
31 122
31 123
31 128
31 131
31 133
31 135
31 136
31 137
31 138
31 140
31 141
31 144
31 145
31 146
31 147
31 150
31 151
31 153
31 156
31 157
31 159
31 161
31 162
31 163
31 167
31 169
31 171
31 172
31 175
31 177
31 178
31 181
31 183
31 184
31 187
31 189
31 191
31 192
31 193
31 199
32 33
32 34
32 35
32 36
32 38
32 39
32 40
32 41
32 48
32 49
32 52
32 56
32 58
32 61
32 63
32 65
32 67
32 69
32 73
32 74
32 75
32 76
32 77
32 78
32 83
32 84
32 85
32 86
32 87
32 88
32 92
32 95
32 96
32 97
32 98
32 99
32 100
32 101
32 102
32 105
32 108
32 110
32 111
32 112
32 114
32 116
32 117
32 118
32 119
32 120
32 124
32 125
32 126
32 127
32 129
32 131
32 132
32 133
32 135
32 136
32 137
32 139
32 140
32 142
32 144
32 145
32 148
32 149
32 150
32 151
32 152
32 153
32 156
32 157
32 160
32 161
32 163
32 164
32 168
32 171
32 175
32 176
32 177
32 179
32 181
32 183
32 185
32 186
32 189
32 190
32 191
32 197
32 198
33 37
33 46
33 47
33 48
33 51
33 52
33 53
33 54
33 55
33 56
33 57
33 58
33 59
33 60
33 61
33 62
33 70
33 72
33 76
33 77
33 79
33 80
33 81
33 83
33 84
33 87
33 89
33 94
33 95
33 96
33 97
33 98
33 99
33 102
33 105
33 106
33 107
33 110
33 111
33 112
33 113
33 116
33 117
33 118
33 119
33 120
33 122
33 123
33 127
33 128
33 129
33 131
33 133
33 134
33 135
33 136
33 137
33 139
33 142
33 144
33 149
33 153
33 154
33 157
33 159
33 166
33 167
33 170
33 172
33 173
33 174
33 176
33 179
33 180
33 182
33 186
33 189
33 190
33 195
33 198
33 199
34 35
34 36
34 37
34 38
34 39
34 41
34 44
34 45
34 46
34 49
34 51
34 53
34 55
34 58
34 59
34 61
34 62
34 63
34 64
34 65
34 68
34 71
34 79
34 81
34 83
34 84
34 85
34 88
34 91
34 93
34 95
34 96
34 97
34 98
34 99
34 100
34 101
34 104
34 105
34 108
34 109
34 110
34 112
34 113
34 114
34 116
34 122
34 126
34 128
34 132
34 135
34 136
34 141
34 144
34 148
34 149
34 150
34 151
34 152
34 153
34 154
34 155
34 158
34 160
34 161
34 162
34 163
34 164
34 167
34 170
34 171
34 176
34 179
34 185
34 186
34 188
34 192
34 198
34 199
35 36
35 37
35 40
35 41
35 44
35 46
35 47
35 50
35 53
35 54
35 55
35 56
35 57
35 58
35 64
35 66
35 67
35 69
35 70
35 71
35 80
35 81
35 84
35 85
35 87
35 89
35 90
35 91
35 94
35 95
35 96
35 101
35 102
35 104
35 106
35 107
35 109
35 111
35 113
35 114
35 116
35 117
35 118
35 120
35 121
35 123
35 125
35 126
35 127
35 129
35 130
35 131
35 132
35 135
35 137
35 143
35 144
35 145
35 146
35 147
35 149
35 150
35 151
35 152
35 153
35 157
35 160
35 161
35 162
35 167
35 169
35 172
35 176
35 178
35 179
35 181
35 183
35 185
35 186
35 187
35 191
35 196
35 199
36 40
36 43
36 46
36 47
36 50
36 51
36 52
36 53
36 54
36 56
36 61
36 62
36 65
36 66
36 68
36 70
36 71
36 72
36 74
36 78
36 79
36 81
36 82
36 83
36 84
36 85
36 89
36 90
36 93
36 94
36 95
36 97
36 100
36 101
36 106
36 107
36 109
36 113
36 117
36 118
36 120
36 121
36 123
36 124
36 125
36 126
36 128
36 129
36 131
36 133
36 136
36 139
36 140
36 142
36 145
36 147
36 148
36 150
36 151
36 152
36 154
36 156
36 157
36 159
36 162
36 163
36 164
36 165
36 170
36 171
36 173
36 174
36 175
36 176
36 177
36 178
36 180
36 181
36 183
36 185
36 189
36 190
36 193
36 194
36 195
36 197
36 199
37 41
37 44
37 45
37 47
37 50
37 51
37 52
37 53
37 54
37 59
37 60
37 64
37 67
37 71
37 76
37 78
37 79
37 80
37 81
37 82
37 84
37 85
37 86
37 88
37 89
37 90
37 91
37 96
37 97
37 107
37 108
37 109
37 112
37 115
37 118
37 119
37 121
37 123
37 124
37 127
37 129
37 134
37 135
37 136
37 137
37 144
37 145
37 146
37 147
37 148
37 152
37 155
37 156
37 157
37 159
37 160
37 163
37 164
37 166
37 168
37 171
37 174
37 179
37 180
37 182
37 184
37 185
37 187
37 189
37 193
37 194
37 199
38 39
38 42
38 43
38 44
38 45
38 47
38 48
38 49
38 50
38 51
38 54
38 55
38 56
38 58
38 59
38 61
38 62
38 63
38 67
38 70
38 76
38 77
38 78
38 79
38 82
38 84
38 85
38 86
38 87
38 88
38 89
38 90
38 95
38 96
38 97
38 99
38 100
38 101
38 103
38 104
38 105
38 108
38 110
38 114
38 115
38 116
38 121
38 123
38 124
38 125
38 126
38 127
38 130
38 131
38 132
38 133
38 134
38 135
38 139
38 140
38 141
38 142
38 144
38 145
38 147
38 148
38 152
38 154
38 155
38 156
38 158
38 160
38 162
38 165
38 168
38 170
38 171
38 176
38 179
38 180
38 182
38 186
38 190
38 191
38 192
38 194
38 195
38 196
38 197
38 199
39 42
39 43
39 44
39 46
39 47
39 49
39 50
39 53
39 54
39 56
39 58
39 59
39 60
39 62
39 63
39 65
39 66
39 67
39 70
39 71
39 72
39 73
39 75
39 76
39 79
39 80
39 82
39 83
39 84
39 87
39 88
39 89
39 90
39 91
39 92
39 93
39 96
39 97
39 98
39 100
39 101
39 103
39 104
39 106
39 107
39 108
39 109
39 110
39 112
39 114
39 115
39 117
39 118
39 121
39 122
39 123
39 124
39 125
39 126
39 129
39 130
39 132
39 135
39 137
39 138
39 139
39 140
39 143
39 145
39 146
39 150
39 153
39 154
39 159
39 162
39 163
39 164
39 166
39 167
39 170
39 171
39 173
39 174
39 175
39 176
39 177
39 178
39 179
39 182
39 186
39 187
39 189
39 191
39 195
39 196
40 45
40 46
40 47
40 49
40 50
40 53
40 57
40 58
40 59
40 60
40 63
40 64
40 69
40 70
40 73
40 75
40 77
40 80
40 81
40 82
40 86
40 88
40 92
40 94
40 95
40 97
40 102
40 103
40 105
40 107
40 109
40 116
40 121
40 122
40 123
40 124
40 127
40 128
40 129
40 130
40 134
40 136
40 138
40 141
40 142
40 145
40 146
40 147
40 148
40 149
40 150
40 151
40 154
40 155
40 158
40 160
40 164
40 165
40 172
40 177
40 178
40 180
40 182
40 183
40 184
40 185
40 186
40 187
40 189
40 190
40 191
40 192
40 193
40 195
40 196
41 43
41 45
41 46
41 47
41 49
41 54
41 55
41 57
41 58
41 59
41 60
41 64
41 66
41 68
41 69
41 71
41 72
41 74
41 75
41 77
41 78
41 79
41 80
41 81
41 82
41 84
41 85
41 86
41 88
41 90
41 91
41 92
41 93
41 96
41 97
41 98
41 99
41 100
41 101
41 102
41 110
41 111
41 113
41 114
41 118
41 120
41 121
41 124
41 126
41 128
41 130
41 132
41 133
41 134
41 136
41 138
41 141
41 142
41 143
41 145
41 146
41 147
41 151
41 152
41 156
41 157
41 159
41 160
41 161
41 162
41 168
41 169
41 170
41 173
41 176
41 180
41 181
41 182
41 185
41 186
41 187
41 191
41 192
41 197
41 198
41 199
42 43
42 44
42 46
42 48
42 51
42 52
42 53
42 56
42 58
42 59
42 61
42 62
42 63
42 71
42 72
42 73
42 76
42 78
42 81
42 83
42 85
42 87
42 88
42 90
42 93
42 97
42 102
42 104
42 105
42 106
42 109
42 116
42 117
42 118
42 120
42 121
42 122
42 126
42 129
42 130
42 131
42 132
42 135
42 136
42 137
42 138
42 139
42 140
42 141
42 142
42 143
42 144
42 146
42 150
42 151
42 152
42 155
42 156
42 162
42 163
42 165
42 166
42 167
42 170
42 171
42 173
42 175
42 176
42 177
42 180
42 181
42 184
42 185
42 188
42 189
42 197
42 198
43 44
43 45
43 46
43 47
43 50
43 51
43 52
43 54
43 58
43 59
43 62
43 63
43 65
43 67
43 68
43 70
43 71
43 73
43 75
43 78
43 79
43 80
43 81
43 82
43 83
43 85
43 86
43 87
43 89
43 93
43 98
43 100
43 101
43 103
43 106
43 107
43 109
43 110
43 113
43 116
43 118
43 121
43 123
43 125
43 130
43 134
43 135
43 136
43 138
43 140
43 141
43 148
43 152
43 155
43 158
43 160
43 161
43 162
43 163
43 165
43 166
43 167
43 170
43 171
43 172
43 179
43 182
43 184
43 188
43 191
43 193
43 194
43 196
44 45
44 50
44 51
44 53
44 55
44 56
44 58
44 60
44 63
44 69
44 71
44 72
44 74
44 75
44 76
44 78
44 82
44 83
44 84
44 85
44 87
44 88
44 89
44 90
44 91
44 92
44 93
44 94
44 98
44 106
44 107
44 110
44 111
44 112
44 114
44 118
44 120
44 123
44 124
44 126
44 128
44 130
44 135
44 136
44 140
44 141
44 142
44 145
44 146
44 147
44 149
44 151
44 154
44 157
44 159
44 161
44 168
44 170
44 171
44 172
44 173
44 174
44 175
44 176
44 177
44 179
44 186
44 187
44 188
44 191
44 192
44 193
44 194
44 195
44 197
44 198
45 46
45 47
45 48
45 49
45 52
45 53
45 55
45 57
45 59
45 61
45 63
45 64
45 65
45 67
45 69
45 71
45 72
45 73
45 74
45 75
45 76
45 78
45 79
45 80
45 81
45 83
45 84
45 85
45 86
45 92
45 94
45 95
45 96
45 102
45 104
45 105
45 106
45 107
45 108
45 109
45 112
45 113
45 115
45 116
45 120
45 122
45 127
45 129
45 130
45 131
45 133
45 135
45 138
45 142
45 143
45 144
45 145
45 147
45 151
45 157
45 158
45 160
45 161
45 165
45 166
45 168
45 174
45 176
45 177
45 179
45 180
45 182
45 183
45 185
45 186
45 187
45 188
45 192
45 193
45 194
45 196
45 197
45 198
45 199
46 49
46 52
46 53
46 55
46 59
46 61
46 62
46 65
46 66
46 67
46 68
46 72
46 73
46 76
46 78
46 80
46 81
46 82
46 84
46 86
46 89
46 90
46 91
46 92
46 94
46 97
46 100
46 101
46 104
46 105
46 107
46 108
46 109
46 111
46 112
46 116
46 117
46 118
46 120
46 121
46 122
46 124
46 125
46 126
46 128
46 129
46 132
46 134
46 135
46 136
46 138
46 140
46 144
46 145
46 148
46 150
46 151
46 154
46 157
46 159
46 160
46 161
46 162
46 163
46 164
46 166
46 167
46 168
46 169
46 170
46 171
46 174
46 177
46 179
46 184
46 191
46 193
46 196
46 198
46 199
47 48
47 49
47 55
47 56
47 57
47 58
47 60
47 61
47 62
47 64
47 65
47 66
47 67
47 68
47 70
47 71
47 74
47 75
47 78
47 79
47 80
47 85
47 86
47 89
47 90
47 91
47 92
47 93
47 95
47 98
47 101
47 102
47 105
47 106
47 112
47 113
47 115
47 116
47 118
47 120
47 121
47 122
47 123
47 126
47 127
47 130
47 133
47 138
47 139
47 141
47 142
47 144
47 146
47 147
47 150
47 151
47 152
47 154
47 156
47 157
47 158
47 163
47 169
47 171
47 172
47 175
47 176
47 178
47 181
47 182
47 183
47 184
47 186
47 187
47 189
47 191
47 193
47 194
47 195
48 49
48 50
48 51
48 53
48 54
48 59
48 62
48 64
48 65
48 66
48 67
48 71
48 73
48 74
48 79
48 80
48 82
48 85
48 90
48 91
48 92
48 93
48 94
48 95
48 96
48 100
48 101
48 103
48 104
48 106
48 114
48 115
48 117
48 119
48 122
48 124
48 125
48 126
48 128
48 131
48 135
48 138
48 139
48 143
48 146
48 148
48 149
48 150
48 151
48 152
48 153
48 154
48 156
48 157
48 158
48 159
48 160
48 165
48 171
48 172
48 174
48 175
48 176
48 179
48 181
48 183
48 185
48 187
48 190
48 191
48 193
48 195
48 197
48 198
48 199
49 50
49 51
49 55
49 56
49 58
49 70
49 71
49 73
49 77
49 79
49 82
49 86
49 89
49 90
49 91
49 93
49 94
49 97
49 98
49 103
49 104
49 106
49 107
49 110
49 111
49 120
49 123
49 124
49 126
49 129
49 134
49 137
49 138
49 139
49 140
49 141
49 143
49 144
49 146
49 147
49 148
49 149
49 150
49 151
49 152
49 153
49 154
49 160
49 162
49 164
49 165
49 169
49 170
49 172
49 176
49 179
49 182
49 183
49 187
49 192
49 193
49 194
49 196
50 51
50 52
50 53
50 54
50 60
50 62
50 63
50 64
50 65
50 66
50 67
50 72
50 73
50 74
50 75
50 77
50 78
50 80
50 81
50 83
50 86
50 87
50 88
50 90
50 91
50 96
50 98
50 99
50 101
50 105
50 108
50 109
50 112
50 116
50 118
50 119
50 122
50 124
50 127
50 129
50 130
50 134
50 135
50 137
50 139
50 142
50 144
50 145
50 147
50 148
50 149
50 150
50 151
50 153
50 154
50 155
50 156
50 157
50 159
50 160
50 162
50 164
50 168
50 172
50 174
50 175
50 176
50 177
50 178
50 179
50 180
50 182
50 183
50 184
50 186
50 187
50 188
50 194
50 196
50 197
50 199
51 54
51 57
51 58
51 59
51 63
51 69
51 71
51 72
51 73
51 75
51 76
51 77
51 78
51 80
51 81
51 82
51 83
51 84
51 85
51 88
51 89
51 90
51 96
51 101
51 104
51 105
51 106
51 107
51 109
51 110
51 113
51 119
51 123
51 129
51 130
51 133
51 140
51 145
51 147
51 148
51 150
51 151
51 156
51 157
51 158
51 160
51 161
51 162
51 164
51 166
51 167
51 168
51 176
51 177
51 178
51 182
51 185
51 187
51 189
51 190
51 192
51 195
51 196
51 197
52 54
52 55
52 56
52 58
52 61
52 62
52 63
52 67
52 69
52 70
52 71
52 73
52 77
52 78
52 79
52 80
52 84
52 85
52 87
52 88
52 89
52 90
52 91
52 93
52 95
52 98
52 100
52 101
52 103
52 106
52 107
52 109
52 111
52 113
52 114
52 116
52 117
52 118
52 124
52 127
52 128
52 132
52 133
52 134
52 135
52 136
52 138
52 140
52 141
52 144
52 149
52 152
52 154
52 156
52 157
52 160
52 161
52 164
52 165
52 166
52 168
52 170
52 172
52 174
52 175
52 178
52 179
52 182
52 183
52 184
52 186
52 189
52 192
52 193
52 195
52 196
52 197
52 198
52 199
53 54
53 55
53 58
53 60
53 66
53 67
53 68
53 69
53 70
53 73
53 75
53 76
53 77
53 81
53 82
53 84
53 90
53 91
53 95
53 96
53 97
53 106
53 107
53 108
53 109
53 112
53 113
53 114
53 123
53 126
53 127
53 128
53 129
53 130
53 131
53 135
53 138
53 139
53 141
53 142
53 151
53 152
53 153
53 154
53 155
53 160
53 161
53 165
53 166
53 169
53 170
53 173
53 176
53 180
53 184
53 185
53 186
53 187
53 188
53 189
53 195
53 196
53 197
53 198
54 55
54 56
54 57
54 58
54 59
54 60
54 64
54 65
54 66
54 67
54 68
54 69
54 76
54 79
54 80
54 83
54 85
54 86
54 87
54 88
54 90
54 93
54 95
54 100
54 102
54 105
54 107
54 110
54 112
54 114
54 115
54 118
54 119
54 125
54 128
54 130
54 131
54 132
54 133
54 136
54 137
54 138
54 140
54 142
54 143
54 144
54 145
54 146
54 148
54 153
54 154
54 156
54 158
54 161
54 162
54 163
54 164
54 167
54 168
54 169
54 171
54 172
54 174
54 175
54 181
54 182
54 183
54 188
54 189
54 190
54 191
54 192
54 194
54 195
54 199
55 56
55 57
55 58
55 60
55 61
55 62
55 66
55 69
55 71
55 72
55 73
55 74
55 78
55 81
55 84
55 87
55 89
55 94
55 96
55 98
55 99
55 100
55 101
55 102
55 103
55 104
55 108
55 111
55 112
55 113
55 115
55 117
55 118
55 121
55 123
55 125
55 126
55 128
55 129
55 131
55 132
55 133
55 140
55 142
55 143
55 147
55 148
55 151
55 152
55 154
55 157
55 159
55 168
55 170
55 173
55 175
55 178
55 179
55 180
55 182
55 186
55 187
55 188
55 190
55 192
55 193
55 194
55 195
55 196
56 57
56 59
56 60
56 61
56 62
56 64
56 66
56 69
56 72
56 73
56 74
56 75
56 77
56 78
56 80
56 81
56 84
56 85
56 86
56 89
56 90
56 92
56 93
56 94
56 97
56 98
56 100
56 106
56 108
56 109
56 110
56 111
56 112
56 114
56 115
56 117
56 118
56 119
56 120
56 124
56 125
56 126
56 131
56 132
56 134
56 137
56 139
56 145
56 146
56 147
56 149
56 150
56 151
56 152
56 153
56 154
56 161
56 163
56 164
56 165
56 170
56 171
56 173
56 175
56 178
56 179
56 180
56 182
56 183
56 184
56 185
56 187
56 189
56 192
56 193
56 195
56 196
56 197
57 59
57 64
57 65
57 67
57 70
57 72
57 73
57 74
57 75
57 80
57 81
57 82
57 83
57 84
57 86
57 88
57 89
57 91
57 92
57 94
57 95
57 96
57 97
57 98
57 99
57 101
57 104
57 105
57 106
57 108
57 111
57 114
57 115
57 116
57 120
57 121
57 122
57 125
57 128
57 129
57 130
57 131
57 132
57 135
57 136
57 137
57 138
57 139
57 142
57 143
57 144
57 147
57 150
57 151
57 152
57 153
57 154
57 155
57 159
57 160
57 163
57 164
57 165
57 167
57 168
57 169
57 170
57 171
57 175
57 177
57 179
57 186
57 191
57 192
57 193
57 194
57 195
57 197
57 199
58 59
58 60
58 63
58 66
58 67
58 69
58 71
58 73
58 77
58 79
58 80
58 81
58 82
58 83
58 84
58 91
58 92
58 93
58 94
58 96
58 99
58 100
58 103
58 105
58 106
58 109
58 110
58 111
58 112
58 113
58 116
58 119
58 120
58 122
58 124
58 125
58 127
58 128
58 129
58 130
58 131
58 134
58 135
58 136
58 138
58 139
58 140
58 142
58 146
58 148
58 151
58 156
58 163
58 165
58 168
58 169
58 171
58 172
58 174
58 177
58 178
58 179
58 180
58 181
58 184
58 185
58 186
58 187
58 188
58 189
58 190
58 191
58 192
58 198
59 60
59 61
59 62
59 64
59 65
59 66
59 67
59 68
59 69
59 77
59 79
59 81
59 82
59 85
59 88
59 90
59 92
59 93
59 96
59 97
59 100
59 101
59 103
59 107
59 110
59 111
59 112
59 113
59 114
59 117
59 127
59 128
59 129
59 131
59 132
59 133
59 134
59 138
59 142
59 145
59 153
59 154
59 155
59 156
59 157
59 158
59 160
59 161
59 162
59 163
59 164
59 167
59 168
59 169
59 171
59 173
59 174
59 175
59 176
59 177
59 178
59 181
59 184
59 185
59 189
59 190
59 193
59 194
59 197
59 198
60 61
60 62
60 64
60 68
60 69
60 71
60 73
60 74
60 75
60 76
60 79
60 82
60 85
60 87
60 96
60 100
60 101
60 104
60 106
60 108
60 109
60 110
60 111
60 112
60 113
60 114
60 117
60 118
60 119
60 121
60 122
60 124
60 127
60 128
60 130
60 132
60 134
60 135
60 142
60 143
60 144
60 149
60 152
60 154
60 155
60 157
60 158
60 162
60 164
60 165
60 167
60 169
60 171
60 172
60 174
60 175
60 177
60 178
60 179
60 180
60 185
60 186
60 191
60 193
60 194
60 195
60 196
60 197
60 199
61 62
61 63
61 65
61 67
61 70
61 71
61 77
61 80
61 82
61 83
61 84
61 87
61 88
61 96
61 97
61 99
61 103
61 105
61 107
61 109
61 110
61 113
61 114
61 117
61 119
61 122
61 123
61 124
61 127
61 128
61 129
61 132
61 133
61 134
61 136
61 139
61 140
61 142
61 146
61 148
61 151
61 153
61 155
61 159
61 161
61 163
61 168
61 172
61 173
61 174
61 178
61 181
61 183
61 184
61 195
61 197
61 199
62 64
62 65
62 67
62 79
62 80
62 82
62 83
62 84
62 85
62 87
62 91
62 96
62 97
62 99
62 100
62 101
62 102
62 104
62 105
62 106
62 108
62 110
62 111
62 113
62 116
62 117
62 118
62 119
62 123
62 125
62 126
62 127
62 128
62 129
62 130
62 131
62 132
62 134
62 135
62 136
62 137
62 138
62 141
62 143
62 144
62 148
62 151
62 155
62 158
62 160
62 161
62 162
62 169
62 170
62 172
62 174
62 176
62 178
62 179
62 180
62 182
62 183
62 184
62 186
62 187
62 188
62 191
62 192
62 193
62 194
62 195
62 196
62 198
63 68
63 69
63 70
63 72
63 74
63 76
63 77
63 78
63 80
63 84
63 87
63 88
63 92
63 93
63 97
63 98
63 100
63 102
63 103
63 106
63 111
63 117
63 119
63 120
63 122
63 126
63 129
63 130
63 132
63 133
63 134
63 135
63 136
63 137
63 138
63 141
63 142
63 143
63 144
63 145
63 147
63 148
63 149
63 150
63 152
63 153
63 154
63 156
63 157
63 158
63 160
63 162
63 163
63 167
63 168
63 169
63 170
63 171
63 172
63 173
63 174
63 176
63 177
63 179
63 183
63 184
63 186
63 189
63 190
63 193
63 197
64 66
64 67
64 68
64 69
64 72
64 74
64 76
64 77
64 80
64 81
64 83
64 84
64 85
64 87
64 88
64 90
64 92
64 93
64 96
64 97
64 104
64 106
64 107
64 109
64 110
64 111
64 117
64 119
64 120
64 125
64 126
64 127
64 128
64 129
64 134
64 135
64 139
64 140
64 141
64 144
64 145
64 147
64 148
64 153
64 154
64 155
64 157
64 159
64 161
64 163
64 165
64 166
64 173
64 175
64 176
64 177
64 178
64 179
64 180
64 181
64 182
64 184
64 185
64 187
64 189
64 196
64 197
64 198
64 199
65 66
65 73
65 74
65 76
65 77
65 80
65 82
65 84
65 86
65 88
65 89
65 90
65 92
65 93
65 98
65 99
65 100
65 102
65 103
65 104
65 105
65 106
65 107
65 111
65 115
65 116
65 117
65 122
65 124
65 130
65 131
65 132
65 134
65 135
65 138
65 141
65 149
65 150
65 152
65 155
65 158
65 159
65 163
65 165
65 166
65 168
65 169
65 171
65 172
65 173
65 177
65 178
65 179
65 181
65 182
65 184
65 186
65 189
65 190
65 191
65 194
65 199
66 67
66 68
66 72
66 74
66 75
66 76
66 77
66 78
66 80
66 82
66 83
66 85
66 86
66 87
66 89
66 90
66 91
66 93
66 94
66 96
66 97
66 98
66 99
66 100
66 101
66 102
66 103
66 104
66 110
66 113
66 114
66 118
66 122
66 125
66 128
66 130
66 131
66 134
66 135
66 138
66 140
66 141
66 144
66 147
66 148
66 149
66 150
66 151
66 152
66 155
66 159
66 163
66 167
66 168
66 172
66 175
66 176
66 177
66 182
66 183
66 184
66 185
66 186
66 188
66 189
66 191
66 193
66 196
66 197
67 70
67 71
67 72
67 74
67 75
67 76
67 77
67 78
67 79
67 84
67 86
67 88
67 94
67 99
67 102
67 103
67 104
67 105
67 106
67 108
67 112
67 113
67 114
67 115
67 116
67 117
67 118
67 119
67 120
67 123
67 124
67 128
67 130
67 132
67 136
67 137
67 142
67 143
67 144
67 145
67 146
67 148
67 153
67 155
67 157
67 160
67 161
67 162
67 167
67 169
67 170
67 171
67 172
67 176
67 180
67 181
67 182
67 190
67 195
67 198
67 199
68 69
68 70
68 71
68 72
68 73
68 76
68 78
68 79
68 80
68 81
68 82
68 85
68 92
68 93
68 94
68 100
68 101
68 104
68 110
68 111
68 112
68 113
68 117
68 118
68 122
68 123
68 124
68 125
68 126
68 131
68 133
68 134
68 135
68 136
68 138
68 139
68 141
68 142
68 143
68 144
68 146
68 147
68 148
68 150
68 151
68 153
68 154
68 155
68 156
68 158
68 159
68 161
68 162
68 163
68 164
68 165
68 167
68 169
68 171
68 173
68 181
68 182
68 183
68 184
68 185
68 191
68 195
68 197
69 71
69 72
69 73
69 76
69 78
69 81
69 83
69 84
69 86
69 89
69 91
69 93
69 95
69 97
69 101
69 103
69 106
69 107
69 108
69 109
69 113
69 114
69 116
69 118
69 119
69 120
69 123
69 126
69 128
69 131
69 132
69 134
69 139
69 142
69 143
69 144
69 146
69 147
69 149
69 151
69 153
69 154
69 155
69 157
69 158
69 159
69 164
69 166
69 167
69 169
69 170
69 173
69 174
69 175
69 176
69 177
69 178
69 181
69 184
69 187
69 188
69 190
69 194
69 196
69 198
70 74
70 75
70 76
70 77
70 79
70 82
70 83
70 85
70 94
70 96
70 100
70 101
70 102
70 103
70 105
70 106
70 108
70 113
70 114
70 115
70 118
70 121
70 123
70 126
70 128
70 131
70 135
70 136
70 140
70 142
70 143
70 146
70 147
70 148
70 149
70 150
70 153
70 154
70 156
70 157
70 158
70 159
70 160
70 162
70 163
70 165
70 167
70 169
70 170
70 171
70 175
70 178
70 179
70 181
70 184
70 188
70 192
70 193
70 196
70 199
71 77
71 79
71 83
71 84
71 86
71 90
71 91
71 92
71 94
71 96
71 97
71 107
71 109
71 110
71 111
71 112
71 113
71 116
71 118
71 120
71 128
71 130
71 131
71 132
71 135
71 136
71 137
71 138
71 140
71 141
71 142
71 144
71 146
71 147
71 149
71 150
71 151
71 153
71 156
71 158
71 160
71 161
71 162
71 166
71 170
71 174
71 175
71 176
71 181
71 182
71 185
71 186
71 188
71 191
71 192
71 196
71 199
72 73
72 76
72 78
72 80
72 82
72 84
72 87
72 88
72 89
72 91
72 92
72 96
72 97
72 99
72 102
72 104
72 105
72 106
72 107
72 111
72 113
72 116
72 118
72 119
72 120
72 122
72 123
72 124
72 126
72 127
72 129
72 134
72 135
72 136
72 137
72 140
72 141
72 142
72 146
72 147
72 148
72 150
72 151
72 152
72 154
72 155
72 156
72 157
72 164
72 166
72 167
72 168
72 169
72 170
72 172
72 173
72 174
72 175
72 176
72 177
72 181
72 183
72 184
72 185
72 188
72 190
72 191
72 193
72 195
72 196
72 197
73 74
73 76
73 77
73 79
73 84
73 86
73 89
73 91
73 92
73 93
73 94
73 96
73 100
73 102
73 103
73 105
73 106
73 108
73 113
73 114
73 116
73 118
73 123
73 124
73 126
73 127
73 128
73 129
73 130
73 133
73 136
73 137
73 138
73 141
73 144
73 146
73 148
73 153
73 154
73 156
73 158
73 159
73 160
73 162
73 164
73 166
73 167
73 168
73 173
73 174
73 177
73 178
73 179
73 181
73 182
73 185
73 187
73 188
73 189
73 191
73 194
73 195
73 197
73 198
74 75
74 76
74 77
74 78
74 79
74 82
74 83
74 86
74 88
74 89
74 91
74 92
74 94
74 96
74 97
74 100
74 102
74 103
74 105
74 106
74 107
74 110
74 111
74 112
74 117
74 118
74 119
74 120
74 121
74 125
74 129
74 130
74 132
74 133
74 134
74 135
74 137
74 140
74 141
74 142
74 144
74 146
74 147
74 148
74 149
74 150
74 151
74 153
74 154
74 156
74 158
74 159
74 166
74 168
74 169
74 179
74 180
74 181
74 182
74 184
74 188
74 189
74 192
74 193
74 194
74 199
75 77
75 80
75 84
75 86
75 87
75 89
75 91
75 92
75 94
75 96
75 97
75 98
75 101
75 102
75 107
75 114
75 115
75 117
75 118
75 119
75 125
75 127
75 128
75 134
75 135
75 136
75 137
75 140
75 141
75 142
75 145
75 146
75 147
75 148
75 149
75 152
75 154
75 155
75 156
75 158
75 160
75 161
75 162
75 163
75 164
75 168
75 170
75 171
75 172
75 173
75 174
75 177
75 178
75 179
75 183
75 184
75 191
75 194
75 195
75 197
76 78
76 79
76 81
76 83
76 86
76 87
76 89
76 90
76 94
76 96
76 98
76 99
76 100
76 101
76 102
76 103
76 109
76 110
76 112
76 113
76 114
76 115
76 116
76 117
76 118
76 121
76 122
76 125
76 131
76 132
76 133
76 135
76 136
76 137
76 139
76 141
76 142
76 143
76 145
76 146
76 148
76 150
76 152
76 154
76 157
76 160
76 161
76 162
76 163
76 165
76 167
76 168
76 170
76 173
76 176
76 177
76 179
76 181
76 185
76 186
76 188
76 190
76 195
76 196
76 197
77 79
77 80
77 82
77 84
77 85
77 86
77 90
77 93
77 97
77 98
77 99
77 103
77 104
77 105
77 106
77 108
77 111
77 113
77 114
77 115
77 116
77 117
77 118
77 119
77 120
77 123
77 124
77 126
77 128
77 129
77 134
77 137
77 138
77 139
77 140
77 141
77 142
77 143
77 145
77 146
77 148
77 149
77 151
77 154
77 155
77 156
77 157
77 160
77 163
77 164
77 165
77 167
77 169
77 170
77 172
77 173
77 176
77 177
77 178
77 179
77 181
77 186
77 187
77 190
77 193
77 195
77 196
77 199
78 82
78 84
78 90
78 92
78 96
78 98
78 99
78 101
78 105
78 106
78 107
78 114
78 116
78 117
78 118
78 119
78 120
78 121
78 122
78 123
78 125
78 126
78 128
78 129
78 130
78 135
78 140
78 141
78 142
78 143
78 145
78 146
78 147
78 149
78 151
78 152
78 153
78 154
78 155
78 157
78 159
78 160
78 161
78 162
78 165
78 167
78 168
78 169
78 174
78 175
78 176
78 177
78 180
78 182
78 183
78 184
78 185
78 189
78 193
78 195
78 197
79 82
79 84
79 85
79 89
79 91
79 94
79 95
79 96
79 97
79 101
79 102
79 103
79 105
79 106
79 107
79 108
79 109
79 110
79 112
79 114
79 115
79 117
79 118
79 119
79 120
79 121
79 123
79 124
79 127
79 128
79 129
79 130
79 131
79 133
79 134
79 135
79 138
79 139
79 142
79 143
79 144
79 145
79 148
79 149
79 150
79 151
79 152
79 154
79 159
79 160
79 164
79 165
79 170
79 172
79 173
79 175
79 177
79 182
79 184
79 185
79 187
79 190
79 196
79 197
79 199
80 81
80 82
80 86
80 88
80 89
80 90
80 91
80 92
80 94
80 96
80 97
80 100
80 101
80 102
80 103
80 104
80 105
80 107
80 108
80 111
80 112
80 113
80 118
80 119
80 121
80 123
80 126
80 132
80 137
80 138
80 140
80 141
80 145
80 147
80 151
80 153
80 154
80 156
80 157
80 159
80 160
80 162
80 164
80 167
80 168
80 169
80 170
80 172
80 173
80 176
80 178
80 179
80 181
80 182
80 185
80 186
80 187
80 188
80 191
80 193
80 194
81 82
81 84
81 85
81 88
81 89
81 90
81 92
81 94
81 95
81 96
81 97
81 99
81 101
81 102
81 104
81 106
81 107
81 109
81 111
81 113
81 114
81 115
81 116
81 118
81 120
81 124
81 125
81 129
81 132
81 133
81 135
81 136
81 137
81 139
81 141
81 143
81 144
81 145
81 148
81 150
81 152
81 154
81 158
81 163
81 166
81 170
81 172
81 173
81 175
81 177
81 178
81 180
81 183
81 187
81 188
81 191
81 193
81 194
81 197
81 198
82 84
82 86
82 87
82 88
82 90
82 92
82 94
82 96
82 98
82 99
82 101
82 104
82 105
82 107
82 108
82 109
82 112
82 115
82 118
82 120
82 121
82 124
82 125
82 126
82 127
82 129
82 133
82 135
82 136
82 137
82 139
82 141
82 143
82 144
82 147
82 148
82 149
82 150
82 151
82 154
82 155
82 156
82 157
82 159
82 160
82 164
82 166
82 167
82 168
82 170
82 172
82 175
82 176
82 178
82 179
82 181
82 182
82 183
82 184
82 186
82 187
82 188
82 191
82 193
82 194
82 199
83 84
83 85
83 94
83 95
83 99
83 101
83 102
83 103
83 104
83 107
83 108
83 112
83 115
83 116
83 122
83 123
83 126
83 128
83 133
83 135
83 136
83 137
83 138
83 140
83 141
83 144
83 148
83 149
83 150
83 151
83 152
83 153
83 155
83 156
83 160
83 161
83 162
83 163
83 164
83 167
83 168
83 170
83 171
83 172
83 173
83 174
83 177
83 179
83 182
83 183
83 184
83 189
83 193
83 195
83 196
84 85
84 86
84 87
84 90
84 92
84 93
84 94
84 96
84 98
84 99
84 100
84 102
84 103
84 104
84 107
84 109
84 110
84 111
84 113
84 114
84 116
84 117
84 120
84 121
84 124
84 126
84 129
84 130
84 131
84 133
84 135
84 137
84 138
84 139
84 140
84 141
84 142
84 145
84 147
84 148
84 150
84 152
84 153
84 154
84 157
84 158
84 161
84 163
84 164
84 166
84 169
84 170
84 173
84 176
84 177
84 178
84 179
84 188
84 189
84 190
84 195
84 196
84 199
85 86
85 87
85 88
85 90
85 91
85 93
85 94
85 96
85 102
85 103
85 104
85 106
85 107
85 109
85 111
85 112
85 113
85 114
85 116
85 120
85 121
85 123
85 124
85 125
85 126
85 127
85 130
85 133
85 134
85 137
85 139
85 142
85 143
85 144
85 145
85 146
85 149
85 150
85 154
85 156
85 157
85 158
85 159
85 163
85 164
85 167
85 170
85 172
85 174
85 178
85 182
85 183
85 185
85 186
85 188
85 192
85 193
85 195
85 196
86 88
86 89
86 96
86 97
86 98
86 99
86 102
86 104
86 107
86 109
86 111
86 113
86 118
86 119
86 121
86 124
86 125
86 126
86 135
86 137
86 138
86 139
86 141
86 142
86 143
86 145
86 146
86 147
86 148
86 150
86 151
86 152
86 159
86 162
86 164
86 165
86 166
86 168
86 172
86 175
86 176
86 178
86 180
86 181
86 182
86 190
86 194
86 196
86 197
86 198
87 89
87 90
87 91
87 92
87 94
87 105
87 106
87 107
87 108
87 111
87 114
87 121
87 123
87 124
87 125
87 126
87 127
87 128
87 130
87 131
87 132
87 134
87 135
87 136
87 137
87 138
87 140
87 142
87 143
87 144
87 145
87 146
87 148
87 149
87 152
87 153
87 154
87 155
87 156
87 158
87 160
87 162
87 166
87 167
87 170
87 172
87 175
87 176
87 179
87 181
87 182
87 183
87 189
87 192
87 193
87 194
87 196
87 197
87 198
87 199
88 93
88 94
88 95
88 97
88 98
88 100
88 103
88 107
88 109
88 119
88 121
88 122
88 130
88 131
88 135
88 136
88 140
88 143
88 146
88 147
88 148
88 153
88 155
88 156
88 160
88 161
88 163
88 165
88 166
88 172
88 173
88 177
88 178
88 182
88 183
88 184
88 187
88 190
88 191
88 192
88 197
88 198
88 199
89 90
89 94
89 96
89 100
89 101
89 102
89 104
89 105
89 107
89 110
89 111
89 112
89 113
89 114
89 115
89 116
89 118
89 122
89 124
89 126
89 128
89 130
89 132
89 134
89 138
89 139
89 142
89 143
89 144
89 146
89 147
89 149
89 150
89 151
89 152
89 157
89 158
89 159
89 164
89 166
89 167
89 170
89 171
89 173
89 174
89 178
89 182
89 184
89 185
89 186
89 189
89 190
89 192
89 196
89 199
90 91
90 92
90 93
90 101
90 102
90 104
90 108
90 110
90 112
90 114
90 115
90 116
90 117
90 118
90 120
90 121
90 122
90 124
90 130
90 132
90 133
90 135
90 136
90 137
90 138
90 139
90 142
90 145
90 150
90 151
90 152
90 157
90 158
90 165
90 166
90 167
90 170
90 171
90 173
90 174
90 180
90 181
90 182
90 183
90 184
90 186
90 187
90 189
90 192
90 193
90 194
90 197
90 199
91 92
91 96
91 99
91 103
91 104
91 106
91 107
91 109
91 110
91 113
91 114
91 116
91 117
91 118
91 122
91 123
91 124
91 126
91 129
91 131
91 132
91 133
91 135
91 139
91 140
91 141
91 142
91 147
91 150
91 154
91 155
91 158
91 161
91 162
91 163
91 164
91 166
91 174
91 175
91 176
91 177
91 182
91 183
91 185
91 186
91 188
91 191
91 195
91 196
91 198
91 199
92 93
92 95
92 96
92 97
92 99
92 100
92 101
92 102
92 104
92 105
92 106
92 108
92 110
92 112
92 115
92 116
92 118
92 122
92 125
92 127
92 128
92 129
92 130
92 131
92 132
92 133
92 134
92 137
92 138
92 140
92 142
92 143
92 144
92 148
92 150
92 151
92 152
92 155
92 157
92 159
92 161
92 162
92 166
92 167
92 169
92 174
92 175
92 176
92 179
92 181
92 183
92 184
92 187
92 188
92 192
92 195
92 196
92 197
92 199
93 95
93 97
93 98
93 99
93 102
93 103
93 104
93 105
93 106
93 107
93 111
93 113
93 114
93 115
93 117
93 118
93 119
93 121
93 124
93 125
93 128
93 129
93 130
93 134
93 139
93 142
93 143
93 144
93 149
93 150
93 152
93 153
93 157
93 158
93 160
93 161
93 162
93 163
93 165
93 168
93 169
93 170
93 172
93 174
93 175
93 177
93 178
93 180
93 182
93 183
93 184
93 186
93 188
93 189
93 190
93 191
93 192
93 193
93 194
93 195
93 197
93 198
93 199
94 100
94 101
94 103
94 104
94 105
94 110
94 111
94 112
94 113
94 115
94 116
94 118
94 120
94 122
94 123
94 126
94 127
94 129
94 130
94 132
94 134
94 135
94 136
94 137
94 138
94 141
94 142
94 143
94 147
94 149
94 152
94 154
94 158
94 159
94 161
94 164
94 165
94 167
94 169
94 170
94 173
94 174
94 175
94 176
94 178
94 180
94 181
94 182
94 185
94 187
94 188
94 191
94 197
94 199
95 99
95 101
95 102
95 104
95 105
95 108
95 109
95 111
95 113
95 114
95 116
95 117
95 120
95 124
95 130
95 133
95 134
95 135
95 137
95 139
95 141
95 142
95 145
95 150
95 151
95 156
95 158
95 160
95 161
95 163
95 168
95 171
95 173
95 175
95 177
95 180
95 184
95 187
95 188
95 189
95 191
95 192
95 194
95 199
96 100
96 102
96 103
96 104
96 105
96 107
96 110
96 113
96 115
96 119
96 120
96 121
96 122
96 124
96 127
96 128
96 129
96 130
96 135
96 137
96 139
96 140
96 141
96 143
96 149
96 150
96 153
96 155
96 157
96 158
96 160
96 162
96 163
96 168
96 169
96 173
96 174
96 177
96 178
96 181
96 182
96 183
96 185
96 187
96 190
96 192
96 199
97 99
97 102
97 103
97 105
97 108
97 109
97 112
97 114
97 116
97 117
97 118
97 120
97 121
97 123
97 125
97 128
97 130
97 131
97 132
97 134
97 135
97 137
97 141
97 143
97 144
97 147
97 149
97 151
97 154
97 156
97 160
97 161
97 163
97 165
97 166
97 169
97 171
97 173
97 176
97 179
97 182
97 184
97 185
97 186
97 187
97 188
97 189
97 190
97 191
97 195
97 196
98 99
98 103
98 104
98 105
98 106
98 107
98 109
98 110
98 112
98 113
98 114
98 115
98 116
98 119
98 122
98 126
98 128
98 130
98 134
98 135
98 138
98 140
98 142
98 146
98 147
98 148
98 151
98 152
98 154
98 159
98 160
98 161
98 164
98 166
98 167
98 168
98 170
98 171
98 172
98 174
98 175
98 178
98 183
98 184
98 187
98 189
98 192
98 193
98 196
98 198
98 199
99 100
99 101
99 102
99 109
99 110
99 112
99 113
99 115
99 116
99 119
99 122
99 124
99 128
99 130
99 132
99 133
99 135
99 136
99 137
99 139
99 141
99 142
99 145
99 147
99 149
99 152
99 153
99 156
99 158
99 159
99 162
99 163
99 166
99 171
99 173
99 175
99 176
99 177
99 179
99 180
99 183
99 184
99 185
99 186
99 190
99 191
99 193
99 195
99 198
99 199
100 101
100 102
100 103
100 104
100 105
100 107
100 109
100 110
100 111
100 114
100 116
100 119
100 120
100 121
100 123
100 132
100 134
100 135
100 136
100 138
100 139
100 140
100 143
100 146
100 147
100 151
100 152
100 153
100 156
100 157
100 159
100 160
100 161
100 162
100 164
100 167
100 170
100 171
100 172
100 174
100 175
100 176
100 177
100 178
100 179
100 180
100 185
100 186
100 187
100 188
100 189
100 190
100 192
100 195
100 199
101 103
101 104
101 106
101 107
101 113
101 114
101 115
101 116
101 119
101 120
101 121
101 123
101 124
101 125
101 126
101 127
101 128
101 129
101 131
101 132
101 133
101 134
101 135
101 140
101 144
101 146
101 148
101 152
101 153
101 155
101 156
101 157
101 160
101 161
101 166
101 167
101 169
101 170
101 171
101 172
101 176
101 177
101 178
101 180
101 181
101 182
101 185
101 187
101 189
101 190
101 192
101 193
101 196
101 197
102 103
102 104
102 105
102 106
102 107
102 109
102 111
102 112
102 114
102 116
102 117
102 118
102 120
102 123
102 125
102 130
102 131
102 133
102 135
102 136
102 139
102 140
102 141
102 142
102 143
102 144
102 147
102 149
102 150
102 153
102 155
102 156
102 157
102 158
102 160
102 161
102 162
102 163
102 165
102 166
102 169
102 172
102 173
102 174
102 175
102 177
102 178
102 179
102 183
102 184
102 185
102 186
102 188
102 190
102 191
102 192
102 194
102 195
102 197
102 199
103 104
103 105
103 108
103 109
103 110
103 111
103 112
103 121
103 125
103 126
103 128
103 129
103 130
103 131
103 132
103 136
103 139
103 140
103 141
103 144
103 146
103 148
103 151
103 152
103 153
103 154
103 155
103 158
103 160
103 161
103 162
103 163
103 166
103 167
103 168
103 170
103 171
103 174
103 178
103 179
103 183
103 184
103 185
103 187
103 191
103 192
103 195
103 196
103 198
104 110
104 111
104 112
104 114
104 118
104 119
104 120
104 121
104 123
104 124
104 126
104 128
104 129
104 131
104 134
104 137
104 140
104 143
104 145
104 148
104 150
104 155
104 161
104 162
104 164
104 166
104 167
104 168
104 169
104 172
104 175
104 176
104 177
104 179
104 181
104 182
104 184
104 185
104 186
104 188
104 190
104 193
104 194
104 195
104 197
104 199
105 106
105 107
105 108
105 109
105 110
105 111
105 117
105 121
105 123
105 130
105 135
105 136
105 137
105 138
105 139
105 140
105 142
105 144
105 146
105 147
105 148
105 150
105 151
105 152
105 154
105 156
105 159
105 162
105 163
105 164
105 165
105 167
105 168
105 170
105 171
105 172
105 173
105 176
105 179
105 180
105 181
105 183
105 184
105 189
105 190
105 195
105 196
105 198
106 108
106 110
106 111
106 112
106 113
106 117
106 120
106 123
106 124
106 127
106 128
106 129
106 130
106 132
106 133
106 140
106 141
106 142
106 145
106 146
106 147
106 149
106 151
106 152
106 155
106 156
106 157
106 159
106 164
106 165
106 167
106 169
106 170
106 173
106 174
106 175
106 176
106 178
106 181
106 182
106 183
106 186
106 187
106 189
106 190
106 192
106 195
107 108
107 109
107 111
107 112
107 114
107 115
107 116
107 118
107 119
107 120
107 121
107 123
107 125
107 126
107 129
107 131
107 133
107 134
107 135
107 136
107 137
107 139
107 140
107 142
107 143
107 144
107 150
107 153
107 155
107 158
107 159
107 160
107 161
107 162
107 165
107 166
107 169
107 170
107 173
107 174
107 175
107 177
107 178
107 180
107 181
107 186
107 187
107 191
107 192
107 194
107 195
107 198
107 199
108 109
108 111
108 112
108 113
108 114
108 115
108 117
108 118
108 120
108 122
108 123
108 125
108 129
108 132
108 133
108 137
108 138
108 139
108 140
108 141
108 143
108 144
108 146
108 147
108 148
108 151
108 152
108 153
108 154
108 155
108 156
108 157
108 158
108 159
108 160
108 161
108 162
108 163
108 165
108 166
108 167
108 168
108 177
108 179
108 180
108 181
108 183
108 187
108 188
108 191
108 192
108 193
109 111
109 116
109 117
109 120
109 121
109 122
109 123
109 124
109 126
109 127
109 130
109 131
109 132
109 133
109 134
109 135
109 137
109 139
109 140
109 141
109 146
109 147
109 149
109 150
109 152
109 153
109 154
109 157
109 159
109 161
109 162
109 164
109 166
109 169
109 170
109 175
109 177
109 178
109 179
109 181
109 182
109 184
109 186
109 188
109 191
109 192
109 194
109 198
109 199
110 112
110 113
110 118
110 119
110 121
110 122
110 123
110 125
110 126
110 127
110 129
110 132
110 133
110 136
110 139
110 141
110 142
110 143
110 147
110 150
110 154
110 156
110 157
110 161
110 163
110 165
110 169
110 172
110 173
110 174
110 176
110 177
110 179
110 180
110 181
110 183
110 184
110 191
110 192
110 193
110 194
110 195
111 112
111 113
111 116
111 117
111 119
111 122
111 123
111 124
111 126
111 129
111 130
111 131
111 133
111 136
111 137
111 138
111 139
111 142
111 146
111 148
111 150
111 151
111 152
111 153
111 154
111 155
111 156
111 158
111 159
111 161
111 164
111 165
111 168
111 173
111 175
111 177
111 178
111 179
111 181
111 184
111 185
111 186
111 187
111 193
111 197
112 114
112 115
112 117
112 118
112 120
112 124
112 125
112 126
112 127
112 131
112 132
112 133
112 135
112 137
112 138
112 139
112 141
112 143
112 144
112 145
112 146
112 148
112 151
112 152
112 155
112 157
112 159
112 160
112 161
112 165
112 167
112 169
112 170
112 174
112 175
112 176
112 177
112 178
112 179
112 180
112 182
112 187
112 189
112 190
112 192
112 194
112 197
112 198
113 114
113 115
113 116
113 119
113 122
113 126
113 131
113 135
113 137
113 138
113 139
113 141
113 142
113 146
113 147
113 149
113 151
113 153
113 154
113 157
113 159
113 161
113 163
113 164
113 165
113 166
113 168
113 169
113 172
113 174
113 175
113 176
113 177
113 178
113 180
113 184
113 186
113 187
113 189
113 190
113 193
113 194
113 196
113 197
113 198
113 199
114 117
114 118
114 119
114 120
114 122
114 124
114 126
114 129
114 130
114 134
114 140
114 141
114 143
114 145
114 146
114 147
114 148
114 152
114 153
114 154
114 158
114 159
114 161
114 162
114 164
114 166
114 169
114 174
114 176
114 177
114 180
114 182
114 183
114 185
114 189
114 190
114 191
114 197
115 120
115 122
115 124
115 125
115 126
115 131
115 138
115 139
115 142
115 143
115 148
115 152
115 154
115 156
115 160
115 161
115 162
115 163
115 166
115 167
115 169
115 170
115 175
115 177
115 179
115 180
115 181
115 182
115 184
115 185
115 187
115 188
115 189
115 190
115 191
115 192
115 196
115 197
115 199
116 117
116 118
116 123
116 124
116 126
116 128
116 129
116 135
116 137
116 141
116 142
116 143
116 144
116 148
116 149
116 150
116 152
116 153
116 158
116 159
116 161
116 162
116 164
116 165
116 167
116 169
116 170
116 172
116 173
116 175
116 178
116 179
116 181
116 183
116 185
116 187
116 188
116 189
116 192
116 193
117 121
117 122
117 123
117 126
117 128
117 130
117 133
117 135
117 139
117 141
117 142
117 143
117 144
117 146
117 148
117 154
117 155
117 157
117 159
117 162
117 163
117 164
117 165
117 166
117 167
117 168
117 171
117 173
117 174
117 176
117 179
117 180
117 184
117 185
117 186
117 189
117 190
117 192
117 194
117 195
117 199
118 119
118 121
118 122
118 124
118 128
118 129
118 132
118 133
118 136
118 137
118 139
118 140
118 141
118 144
118 145
118 150
118 152
118 157
118 159
118 162
118 164
118 165
118 167
118 168
118 170
118 177
118 182
118 183
118 184
118 186
118 187
118 188
118 191
118 193
118 195
118 197
119 121
119 125
119 130
119 132
119 133
119 134
119 135
119 136
119 139
119 140
119 142
119 147
119 149
119 150
119 155
119 157
119 159
119 164
119 165
119 167
119 169
119 170
119 171
119 172
119 175
119 178
119 180
119 181
119 182
119 183
119 185
119 186
119 187
119 188
119 192
119 193
119 194
119 197
120 122
120 123
120 124
120 128
120 130
120 131
120 132
120 133
120 134
120 137
120 138
120 139
120 141
120 143
120 144
120 145
120 146
120 148
120 153
120 154
120 155
120 156
120 158
120 163
120 165
120 166
120 169
120 171
120 174
120 175
120 177
120 178
120 179
120 180
120 181
120 183
120 184
120 186
120 188
120 191
120 192
120 194
120 195
120 196
120 197
120 199
121 126
121 127
121 129
121 131
121 132
121 135
121 137
121 138
121 142
121 146
121 147
121 148
121 151
121 152
121 157
121 160
121 162
121 164
121 166
121 167
121 168
121 170
121 172
121 174
121 175
121 176
121 177
121 182
121 185
121 187
121 190
121 192
121 194
121 198
122 127
122 128
122 129
122 130
122 131
122 132
122 133
122 134
122 135
122 136
122 139
122 140
122 142
122 144
122 147
122 149
122 153
122 154
122 155
122 156
122 159
122 163
122 164
122 165
122 166
122 168
122 170
122 171
122 172
122 174
122 175
122 177
122 178
122 182
122 184
122 186
122 187
122 189
122 191
122 193
122 194
122 196
122 197
123 124
123 125
123 128
123 129
123 132
123 133
123 135
123 136
123 139
123 142
123 143
123 145
123 146
123 148
123 152
123 154
123 155
123 156
123 157
123 158
123 161
123 163
123 164
123 165
123 166
123 169
123 172
123 173
123 174
123 176
123 177
123 179
123 187
123 188
123 191
123 192
123 193
123 194
123 195
123 196
123 199
124 127
124 129
124 132
124 137
124 138
124 140
124 141
124 142
124 143
124 144
124 147
124 148
124 150
124 151
124 152
124 154
124 156
124 158
124 159
124 161
124 168
124 169
124 170
124 171
124 172
124 175
124 180
124 181
124 184
124 187
124 190
124 192
124 195
124 196
124 197
124 199
125 127
125 128
125 129
125 133
125 134
125 136
125 137
125 140
125 141
125 144
125 145
125 146
125 147
125 149
125 152
125 153
125 155
125 156
125 161
125 162
125 163
125 164
125 167
125 169
125 172
125 179
125 180
125 181
125 182
125 183
125 185
125 186
125 189
125 192
125 195
125 197
125 198
125 199
126 127
126 131
126 132
126 134
126 135
126 136
126 139
126 142
126 145
126 146
126 151
126 152
126 154
126 155
126 158
126 159
126 160
126 161
126 168
126 174
126 175
126 176
126 177
126 180
126 182
126 184
126 185
126 186
126 190
126 191
126 192
126 196
126 198
127 129
127 131
127 133
127 134
127 137
127 138
127 140
127 141
127 145
127 146
127 148
127 149
127 150
127 151
127 152
127 153
127 154
127 155
127 156
127 157
127 158
127 159
127 160
127 162
127 166
127 168
127 169
127 171
127 173
127 174
127 175
127 176
127 178
127 181
127 182
127 183
127 184
127 186
127 192
127 195
127 197
127 198
128 129
128 130
128 134
128 137
128 138
128 142
128 143
128 144
128 145
128 148
128 149
128 152
128 153
128 154
128 155
128 158
128 159
128 162
128 165
128 166
128 168
128 169
128 171
128 175
128 179
128 184
128 185
128 187
128 188
128 189
128 193
128 194
128 197
129 130
129 131
129 132
129 135
129 136
129 138
129 141
129 142
129 143
129 145
129 146
129 147
129 153
129 154
129 155
129 156
129 157
129 158
129 159
129 160
129 162
129 163
129 165
129 167
129 172
129 173
129 174
129 175
129 176
129 177
129 181
129 182
129 184
129 185
129 186
129 188
129 192
129 193
129 196
129 199
130 131
130 133
130 134
130 135
130 136
130 139
130 140
130 142
130 143
130 144
130 153
130 154
130 155
130 160
130 161
130 163
130 165
130 166
130 168
130 170
130 171
130 173
130 174
130 181
130 183
130 185
130 194
130 198
130 199
131 136
131 139
131 145
131 148
131 149
131 154
131 155
131 159
131 161
131 162
131 163
131 164
131 165
131 168
131 170
131 171
131 172
131 173
131 174
131 178
131 181
131 182
131 183
131 185
131 186
131 187
131 191
131 194
131 195
131 199
132 133
132 134
132 135
132 138
132 139
132 140
132 141
132 144
132 145
132 149
132 151
132 152
132 154
132 156
132 157
132 159
132 160
132 163
132 166
132 167
132 170
132 171
132 172
132 175
132 176
132 178
132 185
132 186
132 187
132 192
132 196
133 135
133 137
133 139
133 141
133 142
133 144
133 148
133 149
133 151
133 153
133 154
133 155
133 156
133 159
133 160
133 161
133 164
133 165
133 166
133 168
133 170
133 171
133 175
133 177
133 179
133 184
133 186
133 188
133 190
133 191
133 196
133 198
133 199
134 135
134 136
134 137
134 138
134 141
134 142
134 143
134 145
134 146
134 150
134 152
134 153
134 154
134 159
134 161
134 164
134 165
134 166
134 169
134 170
134 171
134 172
134 173
134 175
134 177
134 182
134 185
134 186
134 187
134 188
134 191
134 192
134 194
134 195
134 196
135 136
135 139
135 140
135 142
135 144
135 147
135 148
135 153
135 154
135 155
135 156
135 157
135 160
135 165
135 166
135 167
135 170
135 172
135 175
135 176
135 177
135 178
135 180
135 183
135 186
135 187
135 190
135 192
135 194
135 195
135 196
135 199
136 138
136 140
136 142
136 145
136 149
136 155
136 156
136 157
136 164
136 165
136 166
136 167
136 168
136 169
136 171
136 172
136 174
136 176
136 179
136 180
136 182
136 183
136 184
136 185
136 187
136 188
136 189
136 191
136 192
136 195
136 196
136 197
136 199
137 138
137 140
137 143
137 145
137 146
137 149
137 150
137 151
137 152
137 154
137 155
137 156
137 158
137 161
137 164
137 168
137 169
137 172
137 173
137 174
137 175
137 178
137 179
137 180
137 182
137 183
137 184
137 185
137 187
137 188
137 193
137 194
137 197
137 198
137 199
138 139
138 141
138 142
138 143
138 146
138 147
138 150
138 152
138 153
138 154
138 156
138 158
138 160
138 161
138 165
138 168
138 169
138 170
138 171
138 172
138 175
138 176
138 177
138 179
138 182
138 185
138 186
138 188
138 190
138 192
138 198
138 199
139 140
139 143
139 144
139 151
139 153
139 154
139 157
139 159
139 164
139 165
139 168
139 169
139 170
139 171
139 174
139 176
139 178
139 179
139 180
139 182
139 183
139 184
139 189
139 191
139 192
139 193
139 195
139 198
139 199
140 141
140 144
140 146
140 148
140 149
140 150
140 151
140 152
140 154
140 155
140 156
140 159
140 160
140 163
140 164
140 167
140 168
140 171
140 173
140 178
140 181
140 182
140 183
140 187
140 189
140 191
140 198
141 142
141 144
141 147
141 150
141 151
141 152
141 153
141 155
141 156
141 158
141 161
141 162
141 163
141 164
141 165
141 166
141 167
141 168
141 169
141 172
141 175
141 177
141 178
141 180
141 181
141 183
141 185
141 187
141 188
141 189
141 192
141 193
141 194
141 199
142 145
142 146
142 147
142 148
142 149
142 151
142 153
142 159
142 160
142 163
142 164
142 165
142 170
142 171
142 172
142 173
142 174
142 178
142 179
142 180
142 184
142 188
142 189
142 190
142 192
142 193
142 196
142 198
142 199
143 144
143 148
143 149
143 150
143 152
143 153
143 154
143 156
143 159
143 165
143 166
143 167
143 169
143 173
143 174
143 176
143 177
143 178
143 179
143 183
143 185
143 187
143 188
143 189
143 190
143 193
143 194
144 147
144 148
144 149
144 151
144 153
144 155
144 156
144 157
144 158
144 159
144 161
144 162
144 163
144 166
144 167
144 171
144 172
144 176
144 177
144 178
144 180
144 184
144 185
144 189
144 191
144 194
144 195
144 197
144 199
145 146
145 147
145 150
145 151
145 153
145 154
145 155
145 156
145 157
145 158
145 159
145 160
145 164
145 165
145 166
145 167
145 168
145 171
145 172
145 175
145 179
145 181
145 182
145 188
145 189
145 190
145 191
145 192
145 193
145 195
145 196
146 147
146 148
146 149
146 151
146 152
146 154
146 155
146 158
146 161
146 162
146 165
146 166
146 167
146 170
146 171
146 172
146 176
146 181
146 186
146 187
146 189
146 190
146 191
146 193
146 194
146 197
146 198
147 149
147 151
147 152
147 153
147 154
147 155
147 157
147 158
147 159
147 163
147 164
147 165
147 167
147 168
147 169
147 171
147 174
147 178
147 179
147 185
147 187
147 188
147 190
147 192
147 196
147 197
147 198
148 150
148 152
148 154
148 155
148 158
148 160
148 161
148 162
148 163
148 165
148 166
148 168
148 169
148 170
148 173
148 174
148 175
148 177
148 178
148 179
148 181
148 182
148 187
148 193
148 195
148 196
148 197
149 151
149 153
149 155
149 157
149 158
149 159
149 160
149 164
149 166
149 169
149 170
149 171
149 173
149 174
149 175
149 177
149 179
149 180
149 181
149 182
149 183
149 187
149 188
149 191
149 193
149 197
149 198
149 199
150 151
150 154
150 157
150 160
150 162
150 163
150 164
150 165
150 167
150 168
150 169
150 170
150 173
150 174
150 176
150 183
150 186
150 187
150 189
150 195
150 197
150 198
150 199
151 158
151 159
151 160
151 161
151 163
151 164
151 168
151 169
151 170
151 172
151 173
151 175
151 176
151 177
151 178
151 179
151 180
151 181
151 184
151 186
151 187
151 188
151 190
151 193
151 195
151 197
151 198
152 153
152 154
152 155
152 156
152 157
152 159
152 160
152 162
152 166
152 168
152 169
152 171
152 172
152 173
152 175
152 176
152 180
152 181
152 183
152 188
152 189
152 190
152 191
152 192
152 196
152 197
153 155
153 157
153 159
153 163
153 164
153 166
153 167
153 168
153 170
153 172
153 174
153 175
153 177
153 180
153 181
153 184
153 185
153 188
153 190
153 191
153 192
153 193
153 195
153 196
153 197
153 199
154 156
154 157
154 159
154 160
154 161
154 163
154 166
154 167
154 168
154 170
154 171
154 172
154 177
154 179
154 184
154 185
154 187
154 188
154 190
154 192
154 193
154 194
154 196
154 198
155 156
155 158
155 162
155 163
155 166
155 169
155 170
155 175
155 176
155 177
155 180
155 183
155 184
155 185
155 187
155 188
155 190
155 191
155 196
155 198
156 157
156 158
156 159
156 160
156 164
156 165
156 168
156 169
156 171
156 174
156 175
156 177
156 179
156 183
156 195
156 197
157 159
157 160
157 161
157 163
157 165
157 169
157 170
157 173
157 176
157 181
157 183
157 184
157 185
157 188
157 193
157 196
157 198
158 160
158 161
158 162
158 163
158 167
158 169
158 170
158 171
158 172
158 173
158 174
158 177
158 178
158 179
158 180
158 183
158 184
158 185
158 187
158 191
158 193
158 195
158 197
158 199
159 160
159 161
159 164
159 165
159 166
159 167
159 171
159 172
159 173
159 174
159 175
159 177
159 178
159 187
159 190
159 191
159 192
159 193
159 198
160 162
160 166
160 167
160 168
160 170
160 171
160 173
160 174
160 175
160 176
160 179
160 180
160 182
160 183
160 186
160 187
160 190
160 192
160 194
160 195
160 196
160 197
160 199
161 162
161 163
161 164
161 165
161 168
161 170
161 172
161 173
161 176
161 177
161 178
161 179
161 180
161 185
161 187
161 189
161 190
161 193
161 194
161 196
161 198
162 163
162 164
162 165
162 166
162 169
162 173
162 175
162 176
162 177
162 178
162 181
162 184
162 185
162 187
162 188
162 190
162 199
163 166
163 167
163 168
163 169
163 173
163 175
163 179
163 182
163 183
163 184
163 185
163 186
163 188
163 189
163 190
163 193
163 196
163 197
163 198
164 167
164 169
164 172
164 174
164 175
164 176
164 177
164 178
164 179
164 180
164 183
164 185
164 186
164 187
164 188
164 189
164 190
164 194
164 195
164 197
164 199
165 166
165 169
165 170
165 173
165 177
165 178
165 180
165 181
165 182
165 183
165 184
165 185
165 186
165 187
165 188
165 190
165 192
165 193
165 194
165 195
165 196
165 197
166 167
166 168
166 169
166 170
166 173
166 175
166 179
166 180
166 181
166 182
166 183
166 185
166 187
166 189
166 190
166 191
166 192
166 197
166 198
166 199
167 170
167 171
167 172
167 175
167 176
167 177
167 178
167 184
167 187
167 189
167 193
167 194
167 197
167 198
167 199
168 171
168 177
168 178
168 179
168 180
168 184
168 185
168 186
168 187
168 189
168 190
168 196
168 198
169 170
169 171
169 173
169 175
169 176
169 177
169 178
169 179
169 180
169 181
169 182
169 185
169 186
169 188
169 190
169 191
169 199
170 171
170 173
170 181
170 182
170 186
170 187
170 188
170 190
170 192
170 193
170 194
170 195
170 196
170 197
171 172
171 173
171 174
171 179
171 182
171 183
171 185
171 186
171 187
171 191
171 192
171 194
171 196
171 197
171 198
171 199
172 173
172 175
172 177
172 180
172 181
172 183
172 184
172 186
172 188
172 190
172 192
172 193
173 175
173 176
173 178
173 179
173 182
173 188
173 189
173 190
173 191
173 192
173 193
173 195
173 196
173 197
174 177
174 180
174 181
174 182
174 183
174 184
174 185
174 186
174 187
174 190
174 191
174 192
174 193
174 195
174 196
175 177
175 179
175 185
175 186
175 189
175 192
175 193
175 198
175 199
176 181
176 182
176 184
176 187
176 188
176 191
176 193
176 194
176 196
176 197
176 198
177 178
177 179
177 180
177 184
177 185
177 186
177 191
177 194
177 195
177 196
177 197
177 199
178 179
178 181
178 182
178 183
178 184
178 185
178 187
178 189
178 190
178 192
178 194
178 196
178 199
179 180
179 181
179 182
179 184
179 185
179 187
179 188
179 189
179 190
179 191
179 193
179 194
179 195
179 197
179 198
180 182
180 185
180 186
180 187
180 188
180 190
180 194
180 195
180 198
180 199
181 184
181 186
181 187
181 188
181 191
181 192
181 193
181 194
181 195
181 199
182 183
182 184
182 185
182 188
182 189
182 191
182 193
182 194
182 197
183 184
183 187
183 190
183 191
183 193
183 195
183 196
183 197
183 198
184 185
184 186
184 187
184 190
184 191
184 192
184 197
184 199
185 189
185 193
185 197
185 198
185 199
186 187
186 192
186 194
186 199
187 191
187 193
187 194
187 197
187 198
188 189
188 192
188 193
188 194
188 195
188 196
188 198
188 199
189 193
189 197
190 191
190 195
190 198
190 199
191 192
191 194
191 195
191 198
191 199
192 195
192 198
192 199
193 197
193 198
193 199
194 197
194 199
195 196
195 197
195 199
196 197
