0 1
0 3332
0 2
0 3331
0 3
0 3330
1 2
1 3
1 3332
1 4
1 3331
2 4
2 5
2 3332
2 2958
3 4
3 5
3 6
4 5
4 143
4 1124
5 6
5 7
5 8
5 1957
6 7
6 8
6 9
7 8
7 9
7 10
7 1220
8 9
8 10
8 11
8 2258
9 10
9 11
9 12
9 192
10 11
10 12
10 13
10 315
10 994
11 12
11 13
11 14
11 2181
12 13
12 14
12 1490
13 14
13 15
13 16
14 15
14 16
14 441
15 16
15 17
15 18
16 17
16 18
16 19
16 2045
17 18
17 19
17 20
18 19
18 20
18 21
19 20
19 21
19 22
20 21
20 22
20 23
21 22
21 23
21 24
22 23
22 24
22 25
22 2292
23 24
23 25
23 26
24 25
24 26
24 27
25 26
25 27
25 2100
26 27
26 28
26 29
27 28
27 29
27 30
28 29
28 31
28 1628
29 30
29 31
29 32
30 31
30 32
30 33
31 32
31 33
31 34
32 33
32 34
32 1206
32 2520
33 34
33 35
33 36
34 35
34 36
34 37
34 2422
35 36
35 37
35 38
35 2469
36 37
36 38
36 39
37 38
37 39
37 40
38 39
38 40
38 41
39 40
39 41
39 42
40 41
40 42
40 43
40 2197
40 2442
41 42
41 43
41 44
42 43
42 45
42 965
42 2447
43 44
43 46
43 1958
44 45
44 47
44 440
45 46
45 47
45 48
46 47
46 48
46 49
47 49
47 50
47 537
47 2576
47 1357
48 50
48 51
48 2943
49 50
49 51
49 52
50 51
50 52
50 53
50 2372
51 52
51 53
51 54
52 53
52 54
52 55
53 55
53 56
53 373
54 55
54 56
54 57
55 56
55 57
55 58
55 2858
55 2917
56 58
56 59
56 608
57 58
57 59
57 60
58 59
58 60
58 1211
58 3180
58 3276
58 861
59 60
59 61
59 62
60 61
60 62
60 63
61 62
61 63
61 64
62 63
62 64
62 65
63 64
63 65
63 66
64 65
64 66
64 67
65 67
65 68
65 2604
65 3163
66 67
66 68
66 69
67 68
67 70
67 2268
68 69
68 70
68 71
69 70
69 71
69 3205
70 71
70 72
70 73
70 956
70 2919
71 72
71 73
71 74
71 2636
71 2725
72 73
72 74
72 75
73 74
73 75
73 2849
73 1027
74 76
74 77
74 522
75 76
75 77
75 78
75 3026
76 77
76 78
76 434
77 78
77 79
77 80
78 79
78 80
78 81
78 890
79 80
79 81
79 82
80 81
80 82
80 83
80 2512
81 82
81 83
81 84
82 83
82 84
82 85
82 2950
83 84
83 85
83 86
84 86
84 87
84 337
84 967
85 86
85 87
85 88
86 87
86 88
86 89
87 88
87 89
87 90
88 89
88 90
88 91
88 398
89 90
89 91
89 92
90 91
90 92
90 93
90 2821
91 92
91 93
91 94
92 93
92 95
92 632
93 94
93 95
93 123
93 439
94 95
94 96
94 97
95 96
95 97
95 98
96 97
96 98
96 99
97 98
97 99
97 100
98 99
98 100
98 101
99 100
99 101
99 102
100 101
100 102
100 103
101 102
101 103
101 104
102 103
102 104
102 105
102 1734
103 104
103 105
103 106
104 105
104 106
104 107
104 617
105 106
105 107
105 108
105 1690
106 107
106 108
106 109
106 249
107 108
107 109
107 110
107 2591
107 3267
108 109
108 110
108 111
109 110
109 111
109 112
110 111
110 112
110 113
111 112
111 113
111 114
112 113
112 114
112 115
113 115
113 116
113 2033
114 117
114 2455
114 1313
115 116
115 118
115 368
115 2270
116 117
116 118
116 119
117 118
117 119
117 120
118 119
118 120
118 121
118 2592
119 120
119 122
119 2538
120 121
120 122
120 123
121 122
121 123
121 124
121 447
122 123
122 125
122 1243
123 125
123 126
123 1866
124 125
124 126
124 127
124 443
125 126
125 127
125 128
126 128
126 129
126 713
127 128
127 130
127 2587
128 129
128 130
128 131
129 130
129 131
129 132
130 131
130 132
130 133
131 132
131 133
131 134
132 133
132 134
132 135
133 134
133 135
133 136
134 135
134 136
134 137
134 3151
134 1713
135 137
135 3152
135 2038
136 137
136 139
136 1858
137 139
137 140
137 152
138 139
138 140
138 141
139 140
139 141
139 142
140 141
140 142
140 143
141 142
141 143
141 144
142 143
142 144
142 145
143 144
143 145
143 146
144 145
144 146
144 147
145 146
145 148
145 1346
146 147
146 148
146 149
147 148
147 149
147 150
148 149
148 150
148 151
149 150
149 151
149 152
149 997
150 151
150 152
150 153
151 152
151 154
151 2133
152 154
152 155
152 1243
152 1930
153 154
153 155
153 156
153 2509
154 155
154 156
154 157
154 2315
155 156
155 157
155 158
156 157
156 158
156 159
156 1166
157 158
157 159
157 247
158 159
158 160
158 161
159 160
159 162
159 2383
160 161
160 162
160 163
160 1790
161 162
161 163
161 164
162 163
162 165
162 1982
163 164
163 165
163 166
164 165
164 166
164 167
165 166
165 168
165 2483
165 3315
166 167
166 168
166 169
167 168
167 169
167 170
168 169
168 170
168 171
169 170
169 171
169 172
170 171
170 172
170 173
171 172
171 173
171 174
172 173
172 174
172 175
173 174
173 175
173 176
173 3220
174 176
174 177
174 2900
175 176
175 177
175 178
176 177
176 179
176 3158
177 178
177 179
177 180
178 179
178 181
178 736
178 2652
178 2694
179 180
179 181
179 182
179 2732
180 181
180 182
180 183
180 2994
181 182
181 183
181 184
182 183
182 184
182 185
182 481
183 184
183 185
183 186
184 185
184 186
184 187
184 1737
185 186
185 187
185 188
185 712
186 187
186 188
186 189
187 188
187 189
187 190
187 837
188 189
188 190
188 191
189 190
189 192
189 2541
190 191
190 192
190 193
191 192
191 193
191 194
192 193
192 194
192 1350
193 194
193 195
193 196
193 1575
194 195
194 196
194 197
195 196
195 197
195 198
196 198
196 199
196 2952
196 854
197 198
197 199
197 200
197 2239
198 199
198 200
198 201
199 200
199 201
199 202
200 201
200 202
200 203
201 202
201 203
201 204
201 882
202 203
202 204
202 2039
203 204
203 205
203 206
204 205
204 207
204 2013
205 206
205 207
205 208
205 2697
206 207
206 208
206 209
206 1272
206 2551
207 208
207 209
207 210
208 209
208 210
208 211
209 210
209 211
209 212
210 211
210 212
210 213
211 212
211 213
211 214
212 213
212 214
212 2512
213 214
213 216
213 676
214 217
214 2519
214 1405
215 216
215 217
215 218
216 217
216 218
216 219
217 218
217 219
217 220
217 2692
218 219
218 220
218 221
218 3305
219 220
219 221
219 222
220 221
220 222
220 223
221 222
221 223
221 224
222 223
222 224
222 225
223 224
223 225
223 226
224 225
224 226
224 227
225 226
225 227
225 228
225 2572
226 227
226 228
226 229
227 228
227 229
227 230
228 229
228 230
228 1836
229 230
229 231
229 232
230 231
230 232
230 233
231 232
231 233
231 234
231 3038
231 1198
231 2766
232 233
232 234
232 235
233 234
233 236
233 1456
234 235
234 236
234 237
235 236
235 237
235 238
235 1239
236 237
236 238
236 239
237 238
237 239
237 240
238 239
238 240
238 241
239 241
239 242
239 1786
240 241
240 242
240 243
241 242
241 243
241 244
242 243
242 244
242 245
243 244
243 245
243 246
243 1509
244 245
244 246
244 247
245 246
245 247
245 248
246 248
246 249
246 2246
247 248
247 249
247 250
248 249
248 250
248 1510
249 250
249 251
250 251
250 252
250 253
251 252
251 253
251 254
252 253
252 254
252 255
252 2929
253 254
253 255
253 1639
254 255
254 256
254 257
255 256
255 257
255 3215
256 257
256 258
256 259
256 285
257 258
257 260
257 1605
258 259
258 260
258 261
259 260
259 261
259 1733
260 261
260 262
260 1192
261 262
261 263
261 264
262 263
262 264
262 265
262 1826
263 264
263 265
263 266
264 265
264 266
264 267
265 266
265 268
265 2706
265 972
266 267
266 268
266 269
267 268
267 270
267 2181
268 269
268 270
268 271
269 270
269 272
269 1101
270 271
270 272
270 2040
270 343
271 272
271 273
271 274
272 273
272 274
272 275
272 359
273 274
273 275
273 276
274 275
274 276
274 277
275 276
275 277
275 278
276 277
276 278
276 279
277 278
277 279
277 280
277 1153
278 280
278 281
278 1075
278 512
279 281
279 282
279 772
280 281
280 282
280 283
281 282
281 283
281 284
282 283
282 284
282 285
283 284
283 285
283 286
284 285
284 286
284 287
285 287
285 288
286 287
286 289
286 2532
287 288
287 290
287 865
288 289
288 290
288 291
288 2289
288 2878
289 290
289 291
289 292
289 942
289 2858
290 291
290 292
290 293
290 2330
291 292
291 293
291 294
292 293
292 294
292 295
293 295
293 296
293 2412
294 295
294 296
294 297
295 296
295 297
295 298
296 297
296 298
296 299
296 2736
296 2966
297 298
297 299
297 300
298 300
298 301
298 1918
299 300
299 301
299 302
300 301
300 303
300 1758
301 302
301 303
301 304
302 304
302 305
302 3119
302 3259
303 304
303 305
303 306
304 305
304 306
304 307
305 306
305 307
305 308
305 2703
306 307
306 308
306 309
307 308
307 309
307 310
308 309
308 310
308 311
309 310
309 312
309 2472
309 2354
310 312
310 313
310 1397
311 312
311 313
311 314
312 313
312 314
312 315
312 1767
313 315
313 316
313 1837
314 315
314 316
314 317
314 3280
315 316
315 317
316 317
316 318
316 319
317 318
317 319
317 320
318 319
318 320
318 2267
319 321
319 322
319 1934
319 2669
320 321
320 322
320 323
321 322
321 323
321 324
322 324
322 325
322 554
323 324
323 326
323 328
324 325
324 326
324 327
325 326
325 327
325 328
326 327
326 329
326 2942
326 339
327 328
327 329
327 330
328 331
328 2489
328 1170
329 330
329 331
329 332
330 331
330 332
330 333
331 332
331 333
331 2590
332 333
332 334
332 335
332 506
333 334
333 336
333 800
334 335
334 336
334 2232
335 336
335 337
335 338
336 337
336 338
336 339
337 338
337 340
337 705
337 3217
337 2423
338 339
338 340
338 2161
339 340
339 341
339 342
339 1558
340 341
340 342
340 343
341 343
341 344
341 2290
342 343
342 344
342 345
343 344
343 345
343 346
343 2075
344 345
344 346
344 347
345 346
345 347
345 348
345 2233
346 347
346 348
346 349
346 3020
347 349
347 1764
347 1227
348 349
348 350
348 351
349 350
349 351
349 352
350 351
350 352
350 353
351 352
351 353
351 354
352 353
352 355
352 3053
353 354
353 355
353 356
354 355
354 356
354 357
355 356
355 357
355 358
356 357
356 358
356 359
356 1689
357 358
357 359
357 360
358 360
358 361
358 2089
359 360
359 361
360 361
360 362
360 363
361 362
361 363
361 364
361 417
362 364
362 365
362 526
362 3214
363 364
363 365
363 366
364 365
364 366
364 367
364 2971
365 366
365 367
365 368
366 367
366 368
366 369
367 368
367 369
367 370
368 371
368 1776
368 754
369 370
369 371
369 372
370 371
370 373
370 2985
371 372
371 374
371 3289
372 373
372 374
372 375
373 374
373 375
373 2630
374 375
374 377
374 1587
374 2087
375 376
375 378
375 2310
376 377
376 378
376 379
377 378
377 379
377 380
378 379
378 381
378 1531
379 380
379 381
379 382
380 381
380 382
380 2603
381 382
381 383
381 384
382 383
382 384
382 385
382 1446
383 385
383 386
383 2012
384 385
384 386
384 387
385 386
385 387
385 388
386 387
386 388
386 389
386 3098
387 388
387 389
387 390
388 389
388 390
388 391
389 390
389 391
389 392
389 2155
390 391
390 392
390 393
390 3209
391 392
391 393
391 394
392 393
392 394
392 395
392 664
393 394
393 395
393 396
394 395
394 396
394 397
395 396
395 397
395 398
396 397
396 398
396 399
396 1126
397 398
397 399
397 400
398 401
398 2633
399 400
399 402
399 1552
400 401
400 402
400 403
401 402
401 404
401 1720
402 403
402 404
402 405
403 404
403 405
403 1561
403 1524
404 405
404 406
404 407
405 406
405 407
405 408
406 407
406 408
406 409
407 408
407 409
407 410
408 409
408 410
408 411
409 410
409 411
409 412
410 411
410 412
410 413
411 412
411 413
411 2887
411 2256
412 413
412 414
412 415
413 414
413 415
413 416
414 415
414 416
414 417
414 1717
415 416
415 417
415 418
415 1366
416 417
416 418
416 419
416 2994
416 1668
417 418
417 420
418 419
418 420
418 421
419 420
419 421
419 422
420 421
420 422
420 423
421 423
421 424
421 3099
421 1112
422 423
422 424
422 425
423 424
423 425
423 426
424 425
424 426
424 427
425 426
425 428
425 2815
426 427
426 429
426 912
427 428
427 429
427 430
428 429
428 430
428 431
429 430
429 432
429 1845
430 431
430 432
430 433
430 2889
430 2193
431 432
431 433
431 434
432 433
432 434
432 2963
433 434
433 435
433 436
434 435
434 437
434 2547
435 436
435 437
435 438
436 437
436 438
436 439
437 439
437 440
437 620
438 439
438 440
438 441
438 3082
439 440
439 441
440 441
440 442
440 443
441 442
441 443
441 444
441 2668
442 443
442 444
442 445
442 1911
443 445
443 446
444 445
444 446
444 447
444 2229
445 446
445 447
445 448
446 447
446 448
446 449
447 448
447 449
447 610
448 449
448 450
448 451
449 450
449 451
449 452
450 451
450 452
450 453
451 452
451 453
451 2166
452 453
452 454
452 455
453 455
453 456
453 1544
454 455
454 456
454 457
455 456
455 457
455 458
456 457
456 458
456 459
457 459
457 460
457 1926
458 459
458 460
458 461
459 460
459 461
459 462
460 461
460 462
460 463
461 462
461 463
461 464
462 463
462 464
462 465
463 464
463 465
463 466
464 465
464 466
464 467
464 705
465 466
465 467
465 468
466 467
466 468
466 3262
467 468
467 469
467 470
468 469
468 470
468 471
469 470
469 471
469 472
470 472
470 473
470 3175
471 472
471 473
471 474
472 473
472 474
472 475
473 474
473 475
473 476
473 2820
474 475
474 476
474 477
475 476
475 477
475 478
476 477
476 478
476 2294
476 2998
477 478
477 479
477 480
478 479
478 480
478 481
479 480
479 481
479 482
479 2574
479 1016
480 481
480 482
480 483
481 483
481 484
482 483
482 485
482 2929
483 484
483 485
483 487
484 485
484 486
484 487
485 486
485 487
485 488
486 487
486 488
486 489
487 489
487 490
487 3222
488 489
488 490
488 491
488 2573
489 490
489 491
489 492
490 491
490 492
490 493
491 492
491 493
491 494
492 1955
492 959
492 2524
492 2143
492 628
493 494
493 495
493 496
494 495
494 496
494 497
495 496
495 497
495 498
496 498
496 499
496 2864
497 498
497 499
497 500
498 499
498 500
498 501
499 501
499 502
499 2454
500 501
500 502
500 503
500 2594
501 502
501 503
501 504
502 503
502 504
502 3072
503 504
503 505
503 506
504 505
504 507
504 2752
505 507
505 508
505 1466
506 508
506 1025
506 2261
507 508
507 509
507 681
508 509
508 510
508 511
509 510
509 512
509 1547
510 511
510 512
510 513
511 512
511 513
511 514
512 514
512 515
513 514
513 515
513 516
514 515
514 516
514 517
514 2231
515 516
515 517
515 518
516 517
516 518
516 519
517 518
517 519
517 520
518 519
518 520
518 521
519 520
519 521
519 522
520 521
520 522
520 523
521 522
521 523
521 524
522 523
522 525
522 1577
523 524
523 525
523 526
524 525
524 526
524 527
524 1981
525 526
525 527
525 528
526 527
526 528
526 2891
527 528
527 529
527 530
527 1896
528 529
528 530
528 531
529 530
529 531
529 532
530 531
530 532
530 533
531 533
531 1236
531 535
531 864
531 1724
532 533
532 534
532 535
533 534
533 535
533 536
534 535
534 536
534 537
534 2764
535 536
535 538
535 1386
536 539
536 3323
536 2023
537 538
537 540
537 2252
538 539
538 540
538 541
539 540
539 541
539 542
540 542
540 543
540 2886
541 542
541 543
541 544
542 543
542 545
542 2239
543 544
543 545
543 546
544 545
544 546
544 547
545 546
545 547
545 548
546 547
546 548
546 549
546 1176
547 548
547 549
547 550
548 549
548 550
548 551
549 550
549 551
549 552
549 1455
550 551
550 552
550 553
551 554
551 791
551 2654
552 553
552 555
552 2747
553 554
553 555
553 556
554 555
554 556
554 557
555 556
555 557
555 558
556 557
556 558
556 559
557 558
557 559
557 560
558 559
558 560
558 561
559 560
559 561
559 1496
560 561
560 562
560 563
561 562
561 563
561 564
561 1787
562 563
562 564
562 565
563 564
563 566
563 2221
564 565
564 566
564 567
564 1917
565 566
565 567
565 568
566 567
566 568
566 569
566 2791
567 568
567 569
567 570
568 569
568 571
568 943
569 570
569 571
569 572
570 571
570 572
570 573
571 572
571 573
571 574
572 573
572 574
572 575
573 574
573 575
573 576
574 575
574 576
574 1293
574 1077
575 577
575 578
575 1823
576 577
576 578
576 2372
577 578
577 579
577 580
578 579
578 580
578 581
579 580
579 581
579 582
580 581
580 582
580 583
581 582
581 963
581 1423
582 583
582 584
582 585
583 584
583 585
583 586
584 585
584 586
584 587
585 586
585 587
585 588
586 588
586 589
586 3210
586 1559
586 768
587 588
587 589
587 590
588 589
588 590
588 591
589 590
589 591
589 592
590 591
590 592
590 593
591 592
591 593
591 594
592 593
592 594
592 595
593 595
593 596
593 1586
593 2829
594 595
594 596
594 597
595 596
595 597
595 598
596 597
596 598
596 599
597 599
597 1759
597 1241
597 1617
598 599
598 600
598 601
599 600
599 601
599 2106
600 602
600 603
600 2576
600 2253
601 602
601 603
601 3189
602 603
602 604
602 605
603 604
603 605
603 606
604 605
604 606
604 1512
604 1926
605 606
605 607
605 608
606 608
606 609
606 981
607 608
607 609
607 610
608 609
608 610
608 2010
609 610
609 612
609 3283
610 611
610 612
611 612
611 613
611 614
611 1868
612 613
612 614
612 615
613 614
613 615
613 616
614 615
614 616
614 617
615 616
615 617
615 618
616 617
616 618
616 619
617 618
617 620
618 619
618 620
618 621
618 2406
619 620
619 621
619 622
619 1914
620 621
620 622
620 623
621 622
621 623
621 624
621 1316
622 623
622 624
622 625
623 624
623 625
623 626
623 753
623 2918
624 625
624 627
624 1970
625 626
625 627
625 628
626 627
626 628
626 629
627 628
627 629
627 630
628 629
628 630
628 631
628 1183
629 630
629 631
629 632
629 1646
630 631
630 632
630 633
631 632
631 633
631 634
632 633
632 634
632 635
633 635
633 636
633 650
633 2400
634 636
634 637
634 713
635 637
635 638
635 1565
636 637
636 638
636 639
637 638
637 640
637 2548
638 639
638 640
638 641
638 2986
639 640
639 641
639 642
640 641
640 642
640 643
640 2369
641 642
641 643
641 644
642 643
642 644
642 645
643 644
643 646
643 3321
643 2669
644 645
644 646
644 647
645 646
645 647
645 648
646 647
646 648
646 649
647 648
647 649
647 650
647 1098
647 2421
648 649
648 650
648 651
648 1564
648 2273
649 650
649 651
649 652
650 651
650 652
650 1548
651 652
651 653
651 1054
652 653
652 654
652 655
653 654
653 655
653 656
653 1000
653 3009
654 655
654 656
654 2304
655 656
655 657
655 658
656 657
656 658
656 659
657 658
657 659
657 660
658 659
658 660
658 661
659 660
659 661
659 2814
660 661
660 662
660 663
661 662
661 663
661 664
662 663
662 664
662 665
663 664
663 665
663 666
663 1672
664 665
664 666
665 666
665 667
665 668
666 667
666 668
666 669
667 668
667 670
667 1189
668 669
668 670
668 671
669 670
669 671
669 672
670 671
670 672
670 1046
671 672
671 673
671 2078
672 673
672 674
672 675
673 674
673 675
673 676
674 675
674 676
674 677
675 676
675 677
675 1086
676 677
676 2588
676 2420
677 678
677 679
677 680
678 679
678 680
678 681
678 1074
679 680
679 681
679 682
679 1397
680 681
680 682
680 683
681 682
681 683
681 684
682 683
682 684
682 685
683 684
683 685
683 686
684 685
684 686
684 687
685 686
685 687
685 688
686 687
686 688
686 689
687 688
687 689
687 690
688 689
688 690
688 691
689 690
689 691
689 1159
690 692
690 693
690 920
690 742
691 692
691 693
691 694
692 693
692 694
692 695
693 694
693 695
693 696
693 1871
694 695
694 696
694 697
695 696
695 698
695 2053
695 725
695 774
696 697
696 698
696 699
697 699
697 700
697 1876
698 699
698 700
698 701
699 700
699 701
699 702
700 701
700 703
700 938
700 2955
700 3216
701 703
701 704
701 2911
702 704
702 705
702 2055
703 704
703 705
703 706
704 705
704 706
704 707
704 775
705 708
705 3035
706 707
706 708
706 709
706 1374
707 708
707 709
707 710
708 709
708 710
708 711
709 710
709 712
709 2867
710 711
710 712
710 713
710 1445
711 712
711 713
711 714
711 1601
712 713
712 714
713 714
713 715
713 716
714 715
714 716
714 717
715 716
715 717
715 718
716 717
716 718
716 719
717 718
717 719
717 720
718 719
718 720
718 721
719 720
719 721
719 722
720 721
720 722
720 723
721 722
721 723
721 724
722 723
722 724
722 725
723 724
723 725
723 3255
724 725
724 726
724 727
725 727
725 3083
726 727
726 728
726 729
727 728
727 729
727 730
728 729
728 730
728 731
728 2471
729 730
729 731
729 732
730 731
730 732
730 733
731 732
731 733
731 734
731 1270
732 733
732 734
732 735
733 734
733 735
733 736
734 735
734 736
734 737
734 3154
735 736
735 737
735 738
736 738
736 739
737 738
737 739
737 740
737 2586
738 739
738 740
738 741
738 1802
739 740
739 741
739 742
740 741
740 742
740 743
741 742
741 743
741 744
742 744
742 1971
743 744
743 745
743 746
744 745
744 747
744 1705
744 2303
745 746
745 747
745 748
746 747
746 748
746 749
747 748
747 749
747 750
748 749
748 750
748 751
749 750
749 752
749 3185
750 751
750 753
750 3011
751 752
751 753
751 754
752 753
752 754
752 755
753 755
753 756
754 755
754 756
754 2425
755 756
755 757
755 758
756 757
756 758
756 759
757 758
757 759
757 760
758 759
758 760
758 2450
759 760
759 761
759 762
760 761
760 762
760 763
761 762
761 763
761 764
762 763
762 764
762 765
763 764
763 765
763 766
764 765
764 766
764 767
764 2424
765 766
765 767
765 768
766 767
766 768
766 769
767 768
767 769
767 770
768 769
768 770
769 770
769 772
769 3018
770 771
770 773
770 1986
771 772
771 773
771 774
771 3049
771 2651
772 773
772 774
772 775
773 774
773 775
773 776
774 775
774 776
775 776
775 778
775 2077
776 777
776 778
776 779
777 778
777 780
777 2525
777 2996
778 779
778 780
778 781
779 780
779 781
779 782
780 781
780 782
780 783
781 782
781 783
781 784
782 783
782 784
782 785
783 784
783 785
783 786
784 785
784 787
784 2938
784 985
785 786
785 787
785 788
786 787
786 788
786 789
787 788
787 789
787 790
787 3013
788 790
788 1015
788 2705
788 1087
789 791
789 3018
789 2622
790 791
790 792
790 793
791 792
791 793
791 794
792 793
792 795
792 1647
793 794
793 795
793 796
794 795
794 796
794 797
795 798
795 1044
795 2588
796 797
796 799
796 1942
797 798
797 799
797 800
798 800
798 801
798 866
799 800
799 801
799 802
800 801
800 802
800 803
801 802
801 803
801 804
802 803
802 805
802 2178
803 804
803 805
803 806
804 805
804 806
804 807
805 806
805 807
805 808
806 807
806 808
806 809
807 808
807 809
807 810
808 809
808 810
808 811
808 1518
809 810
809 811
809 812
810 811
810 813
810 3092
811 812
811 813
811 814
812 813
812 814
812 815
812 1448
813 814
813 815
813 816
814 815
814 816
814 817
815 816
815 817
815 818
816 817
816 818
816 819
817 818
817 819
817 820
818 819
818 820
818 821
818 2497
819 820
819 821
819 822
819 1602
820 821
820 823
820 1598
821 822
821 823
821 824
821 2878
822 823
822 825
822 2641
823 824
823 825
823 826
823 2627
824 826
824 827
824 2936
825 826
825 827
825 828
825 1645
826 827
826 828
826 829
827 828
827 829
827 830
828 829
828 830
828 831
828 2029
829 830
829 831
829 832
830 831
830 832
830 833
831 832
831 833
831 834
832 833
832 834
832 1049
833 834
833 835
833 836
834 835
834 836
834 837
835 836
835 837
835 838
836 837
836 838
836 839
837 840
837 3119
838 839
838 840
838 841
839 840
839 841
839 842
840 842
840 843
840 2550
841 842
841 844
841 1654
842 843
842 844
842 845
843 844
843 845
843 846
844 845
844 846
844 2012
845 846
845 847
845 848
845 2716
846 847
846 848
846 849
847 848
847 849
847 850
848 849
848 850
848 851
849 851
849 852
849 1491
849 1462
850 851
850 852
850 853
851 852
851 853
851 854
852 853
852 854
852 855
853 854
853 855
853 856
854 855
854 856
854 2351
855 856
855 858
855 2249
856 857
856 858
856 859
857 858
857 859
857 860
858 859
858 860
858 861
858 2867
859 860
859 861
859 862
859 2494
860 861
860 862
860 2257
861 862
861 863
862 863
862 864
862 865
862 2989
863 864
863 865
863 866
864 865
864 867
865 867
865 868
865 2805
866 867
866 868
866 869
867 868
867 869
867 870
868 869
868 870
868 871
869 870
869 871
869 872
870 871
870 872
870 873
871 872
871 873
871 874
871 2560
872 873
872 874
872 875
873 874
873 875
873 876
874 875
874 876
874 877
875 876
875 877
875 878
876 877
876 878
876 2519
877 878
877 879
877 880
878 879
878 880
878 881
879 880
879 881
879 2893
879 1429
880 881
880 882
880 883
881 882
881 883
881 884
882 883
882 885
882 2844
883 884
883 885
883 886
884 885
884 886
884 1074
885 886
885 887
885 888
886 887
886 888
886 889
886 1340
887 888
887 889
887 890
888 890
888 891
888 1007
889 890
889 892
889 2888
890 891
890 892
891 892
891 893
891 894
892 894
892 895
892 2539
893 894
893 896
893 2130
894 895
894 896
894 897
895 896
895 897
895 898
895 3164
896 898
896 899
896 1528
897 899
897 900
897 2360
898 901
898 1615
898 1404
899 900
899 901
899 902
900 901
900 903
900 2915
901 902
901 903
901 904
902 903
902 904
902 905
903 904
903 905
903 906
904 905
904 906
904 907
904 2708
905 906
905 907
905 908
906 907
906 908
906 909
907 908
907 909
907 910
908 909
908 910
908 911
909 910
909 911
909 912
910 911
910 912
910 913
911 912
911 913
911 914
912 914
912 915
912 3185
913 914
913 915
913 916
913 2283
914 915
914 916
914 917
915 916
915 917
915 918
916 917
916 918
916 919
917 918
917 919
917 920
917 1487
917 3246
918 919
918 920
918 921
919 921
919 922
919 1594
920 921
920 922
920 923
921 922
921 924
921 1482
922 923
922 924
922 925
923 924
923 925
923 926
924 925
924 926
924 927
925 926
925 927
925 928
926 927
926 928
926 929
926 2661
927 928
927 929
927 930
928 929
928 930
928 931
928 2095
929 931
929 932
929 1263
930 931
930 932
930 933
931 932
931 933
931 934
932 933
932 934
932 935
933 934
933 936
933 2603
934 935
934 936
934 937
935 936
935 937
935 1886
936 937
936 938
936 939
937 938
937 939
937 940
938 940
938 941
938 1957
939 940
939 941
939 942
939 1664
940 941
940 942
940 943
941 942
941 943
941 944
942 943
942 944
943 944
943 945
943 946
944 945
944 946
944 947
945 946
945 947
945 948
946 947
946 948
946 949
947 949
947 950
947 3255
947 2479
947 2196
948 949
948 950
948 951
949 950
949 951
949 952
949 2419
950 951
950 952
950 953
951 952
951 953
951 954
952 953
952 954
952 955
953 954
953 955
953 956
954 955
954 956
954 957
955 956
955 957
955 958
956 958
956 959
957 958
957 959
957 960
958 959
958 960
958 961
959 961
959 962
959 1492
960 961
960 962
960 3255
961 962
961 963
961 964
961 2373
962 963
962 964
962 965
962 1506
963 964
963 965
963 966
964 965
964 966
964 967
965 966
965 967
965 968
966 967
966 968
966 969
967 969
967 970
968 969
968 970
968 971
969 970
969 971
969 972
970 971
970 973
970 1216
971 972
971 973
971 2778
972 973
972 2485
973 974
973 975
973 976
974 975
974 976
974 2038
974 2823
975 976
975 977
975 978
976 977
976 978
976 1970
977 978
977 979
977 980
978 979
978 980
978 981
979 980
979 981
979 982
980 981
980 982
980 983
981 982
981 983
981 984
982 983
982 984
982 985
983 984
983 986
983 1105
984 985
984 987
984 1223
985 986
985 987
986 987
986 988
986 989
987 988
987 989
987 990
988 989
988 991
988 1573
988 2995
989 990
989 991
989 992
989 1173
990 991
990 992
990 993
991 992
991 993
991 994
992 993
992 994
992 1306
993 994
993 995
993 996
994 995
994 996
994 1996
995 996
995 997
995 998
996 997
996 998
996 1000
997 998
997 1000
997 1308
998 999
998 1001
998 2086
999 1000
999 1001
999 1002
1000 1002
1000 1003
1001 1002
1001 1003
1001 1004
1001 1652
1002 1004
1002 1005
1002 1229
1003 1004
1003 1005
1003 1006
1004 1005
1004 1006
1004 1007
1005 1006
1005 1007
1005 1008
1006 1008
1006 1009
1006 1235
1007 1009
1007 1010
1007 1550
1008 1009
1008 1010
1008 1190
1009 1010
1009 1011
1009 1012
1010 1012
1010 1013
1010 2273
1011 1012
1011 1013
1011 1200
1011 2775
1012 1013
1012 1014
1012 1015
1013 1014
1013 1015
1013 1016
1013 2360
1014 1015
1014 1016
1014 1017
1015 1016
1015 1018
1015 1413
1016 1018
1016 1157
1017 1018
1017 1019
1017 1020
1018 1019
1018 1020
1018 1021
1019 1020
1019 1021
1019 1022
1020 1021
1020 1022
1020 1023
1021 1022
1021 1023
1021 1024
1022 1023
1022 1024
1022 1025
1023 1024
1023 1025
1023 1026
1024 1025
1024 1026
1024 2600
1025 1027
1025 1028
1026 1027
1026 1028
1026 1029
1026 2730
1027 1028
1027 1029
1027 1030
1027 2141
1028 1029
1028 1030
1028 2185
1029 1030
1029 1031
1029 1349
1030 1031
1030 1032
1030 1033
1031 1032
1031 1033
1031 1034
1032 1033
1032 1034
1032 1035
1033 1034
1033 1036
1033 1508
1034 1035
1034 1036
1034 1037
1034 1213
1035 1036
1035 1037
1035 1038
1036 1037
1036 1038
1036 1039
1037 1038
1037 1039
1037 1040
1038 1039
1038 1040
1038 1041
1039 1040
1039 1041
1039 3271
1040 1041
1040 1042
1040 1043
1041 1042
1041 1044
1041 1568
1042 1043
1042 1044
1042 2535
1043 1044
1043 1045
1043 1046
1044 1045
1044 1046
1044 1047
1045 1046
1045 1047
1045 1048
1046 1047
1046 1048
1046 1049
1046 2955
1047 1048
1047 1049
1047 1050
1048 1049
1048 1050
1048 1051
1049 1050
1049 1051
1049 1052
1049 2869
1050 1051
1050 1052
1050 1053
1051 1052
1051 1053
1051 1054
1052 1053
1052 1054
1052 2515
1053 1054
1053 1055
1053 1056
1054 1055
1054 1056
1054 1057
1055 1056
1055 1058
1055 1066
1056 1057
1056 1058
1056 1059
1057 1058
1057 1059
1057 1060
1058 1059
1058 1060
1058 1061
1059 1060
1059 1061
1059 1062
1060 1061
1060 1062
1060 1063
1061 1062
1061 1064
1061 1382
1062 1063
1062 1064
1062 1065
1062 2956
1063 1064
1063 1065
1063 1066
1064 1065
1064 1066
1064 1067
1065 1066
1065 1067
1065 1068
1066 1067
1066 1068
1066 1069
1067 1068
1067 1069
1067 1070
1068 1069
1068 1070
1068 1071
1069 1070
1069 1071
1069 1072
1070 1071
1070 1072
1070 1073
1071 1072
1071 1073
1071 1074
1072 1073
1072 1074
1072 1075
1073 1074
1073 1075
1073 1076
1074 1076
1074 1077
1074 1336
1075 1076
1075 1077
1075 1078
1075 1953
1076 1077
1076 1078
1076 1079
1077 1078
1077 1079
1077 1080
1077 1743
1078 1079
1078 1080
1078 1081
1079 1080
1079 1081
1079 1082
1080 1081
1080 1082
1080 1083
1080 1920
1081 1082
1081 1083
1081 1084
1081 2013
1082 1083
1082 1084
1082 1085
1083 1084
1083 1085
1083 1086
1084 1085
1084 1086
1084 1087
1085 1086
1085 1087
1085 1088
1085 2146
1086 1087
1086 1088
1086 2564
1087 1088
1087 1089
1087 1090
1088 1089
1088 1091
1088 3189
1089 1090
1089 1091
1089 1092
1090 1091
1090 1092
1090 1093
1091 1092
1091 1093
1091 1094
1091 1710
1092 1093
1092 1094
1092 1095
1093 1094
1093 1095
1093 1096
1093 1714
1094 1095
1094 1096
1094 1097
1094 1768
1095 1096
1095 1097
1095 1098
1096 1097
1096 1099
1096 2519
1097 1098
1097 1099
1097 1100
1098 1100
1098 1101
1099 1100
1099 1101
1099 1102
1100 1101
1100 1102
1100 3145
1101 1102
1101 1103
1101 1104
1102 1103
1102 1104
1102 1105
1103 1104
1103 1106
1103 2642
1104 1105
1104 1107
1104 3102
1105 1106
1105 1107
1105 1108
1106 1107
1106 1108
1106 1109
1107 1108
1107 1109
1107 1110
1107 2347
1108 1109
1108 1110
1108 1111
1109 1110
1109 1111
1109 1112
1110 1111
1110 1112
1110 2234
1111 1112
1111 1113
1111 1114
1112 1114
1112 1115
1113 1114
1113 1115
1113 1116
1114 1115
1114 1116
1114 1117
1114 1454
1115 1116
1115 1117
1115 1118
1115 1472
1116 1117
1116 1118
1116 1119
1117 1118
1117 1119
1117 1120
1117 2535
1118 1119
1118 1120
1118 1121
1119 1121
1119 1122
1119 1938
1119 3248
1120 1121
1120 1122
1120 1123
1121 1122
1121 1123
1121 1124
1122 1123
1122 1124
1122 2616
1123 1124
1123 1125
1123 1126
1124 1125
1124 1127
1124 3096
1124 2318
1125 1126
1125 1127
1125 1128
1126 1128
1126 2720
1127 1128
1127 1129
1127 1130
1128 1129
1128 1130
1128 1131
1129 1131
1129 1132
1129 2561
1130 1131
1130 1132
1130 1133
1131 1132
1131 1133
1131 1134
1131 3289
1132 1133
1132 1134
1132 1135
1133 1134
1133 1135
1133 1136
1134 1135
1134 1136
1134 1137
1135 1136
1135 1137
1135 1138
1136 1137
1136 1139
1136 1813
1137 1138
1137 1139
1137 1140
1138 1139
1138 1140
1138 1141
1139 1140
1139 1141
1139 1142
1140 1141
1140 1142
1140 1143
1141 1142
1141 1143
1141 2552
1142 1143
1142 1144
1142 1145
1143 1144
1143 1145
1143 1146
1144 1145
1144 1146
1144 1147
1144 1151
1145 1146
1145 1147
1145 1148
1146 1147
1146 1148
1146 1149
1147 1148
1147 1149
1147 1150
1148 1150
1148 1151
1148 1372
1149 1150
1149 1151
1149 1152
1150 1151
1150 1152
1150 1153
1151 1152
1151 1154
1152 1153
1152 1154
1152 1155
1152 2353
1153 1154
1153 1155
1154 1155
1154 1156
1154 1157
1154 2387
1155 1156
1155 1157
1155 1158
1156 1157
1156 1158
1156 1159
1157 1158
1157 1159
1157 1160
1158 1159
1158 1160
1158 1161
1159 1160
1159 1161
1159 1162
1160 1161
1160 1162
1160 2859
1161 1162
1161 1163
1161 1164
1161 2763
1162 1165
1162 3222
1162 1896
1163 1164
1163 1165
1163 2109
1163 2753
1164 1165
1164 1166
1164 1167
1165 1166
1165 1167
1165 1168
1166 1167
1166 1169
1167 1168
1167 1169
1167 1170
1168 1169
1168 1170
1168 1171
1169 1170
1169 1171
1169 1172
1170 1171
1170 1172
1170 1173
1171 1172
1171 1173
1171 2845
1171 2134
1172 1173
1172 1174
1172 1175
1173 1174
1173 1176
1173 3098
1174 1175
1174 1176
1174 1177
1175 1176
1175 1177
1175 1178
1176 1178
1176 1179
1177 1179
1177 1180
1177 1857
1178 1179
1178 1180
1178 1181
1179 1180
1179 1181
1179 1182
1180 1181
1180 1182
1180 2789
1181 1182
1181 1183
1181 1184
1182 1183
1182 1184
1182 1185
1182 2728
1183 1185
1183 1186
1184 1185
1184 1186
1184 1187
1185 1186
1185 1188
1185 2971
1186 1187
1186 1188
1186 1189
1187 1188
1187 1189
1187 1190
1188 1189
1188 1190
1188 1191
1189 1190
1189 1191
1189 1192
1190 1191
1190 1192
1190 1193
1191 1192
1191 1193
1191 1194
1192 1193
1192 1194
1192 1195
1192 2559
1193 1194
1193 1195
1193 1196
1194 1195
1194 1196
1194 1197
1195 1196
1195 1197
1195 1198
1196 1197
1196 1198
1196 1199
1197 1199
1197 1200
1197 1895
1198 1199
1198 1200
1199 1201
1199 1202
1199 3037
1199 1657
1200 1201
1200 1203
1201 1202
1201 1203
1201 1744
1202 1203
1202 1204
1202 2436
1203 1204
1203 1205
1203 1206
1204 1205
1204 1206
1204 1207
1205 1206
1205 1207
1205 1208
1206 1207
1206 1209
1207 1208
1207 1209
1207 1210
1207 3032
1208 1209
1208 1210
1208 1211
1209 1211
1209 1212
1209 1315
1210 1211
1210 1212
1210 1213
1211 1213
1211 1214
1212 1213
1212 1214
1212 1215
1213 1214
1213 1216
1214 1216
1214 1217
1214 1812
1214 1311
1215 1216
1215 1217
1215 1218
1215 1227
1216 1217
1216 1219
1216 2686
1216 2387
1217 1218
1217 1219
1217 1220
1217 2317
1218 1219
1218 1220
1218 1221
1219 1220
1219 1221
1219 1222
1219 2862
1220 1221
1220 1222
1221 1222
1221 1223
1221 1224
1222 1223
1222 1224
1222 1225
1223 1225
1223 1226
1223 2241
1224 1225
1224 1226
1224 1227
1224 1844
1225 1226
1225 1227
1225 1228
1226 1227
1226 1228
1226 1229
1227 1228
1227 1229
1228 1229
1228 1230
1228 1231
1228 2099
1229 1230
1229 1231
1229 1232
1230 1231
1230 1232
1230 1233
1231 1232
1231 1233
1231 1234
1232 1233
1232 1234
1232 1235
1233 1234
1233 1235
1233 1236
1234 1235
1234 1236
1234 1237
1235 1236
1235 1237
1235 1238
1236 1237
1236 1238
1236 1239
1236 1857
1237 1238
1237 1239
1237 1240
1238 1239
1238 1240
1238 1241
1239 1240
1239 1242
1239 2677
1239 2686
1240 1241
1240 1243
1240 1614
1241 1242
1241 1244
1242 1243
1242 1244
1242 1245
1243 1244
1243 1245
1243 1246
1244 1245
1244 1246
1244 1247
1245 1246
1245 1247
1245 1248
1246 1247
1246 1248
1246 1249
1247 1248
1247 1249
1247 1250
1247 3206
1248 1249
1248 1250
1248 1251
1249 1250
1249 1251
1249 1252
1250 1251
1250 1252
1250 1253
1251 1253
1251 1254
1251 3127
1252 1253
1252 1254
1252 1255
1253 1254
1253 1255
1253 1256
1254 1255
1254 1256
1254 1257
1255 1256
1255 1257
1255 1258
1256 1257
1256 1258
1256 1259
1257 1258
1257 1259
1257 1260
1258 1259
1258 1260
1258 1261
1259 1260
1259 1261
1259 1262
1259 3207
1260 1261
1260 1262
1260 1263
1261 1262
1261 1263
1261 1264
1262 1263
1262 1264
1262 1265
1263 1264
1263 1266
1263 2101
1264 1265
1264 1266
1264 1267
1264 3085
1265 1266
1265 1267
1265 1268
1266 1267
1266 1268
1266 1269
1267 1268
1267 1269
1267 1270
1268 1269
1268 1271
1268 1944
1269 1270
1269 1271
1269 1272
1270 1272
1270 1273
1271 1272
1271 1273
1271 1274
1272 1274
1272 1275
1273 1274
1273 1276
1273 3244
1274 1275
1274 1276
1274 1277
1275 1276
1275 1278
1275 3324
1276 1277
1276 1278
1276 1279
1277 1278
1277 1279
1277 1280
1278 1279
1278 1280
1278 1281
1279 1280
1279 1281
1279 1282
1280 1281
1280 1282
1280 1283
1281 1282
1281 1283
1281 1284
1282 1283
1282 1284
1282 1285
1283 1284
1283 1285
1283 1286
1283 1427
1284 1286
1284 1287
1284 2582
1285 1286
1285 1287
1285 1288
1286 1287
1286 1288
1286 1289
1287 1288
1287 1289
1287 1290
1287 3325
1288 1289
1288 1290
1288 1291
1288 1597
1289 1290
1289 1291
1289 1292
1290 1291
1290 1293
1290 3091
1290 1805
1291 1292
1291 1293
1291 1294
1292 1293
1292 1294
1292 1295
1292 3075
1293 1294
1293 1296
1294 1295
1294 1296
1294 1297
1294 2333
1295 1296
1295 1297
1295 1298
1296 1297
1296 1298
1296 1299
1297 1298
1297 1299
1297 1300
1298 1299
1298 1300
1298 1987
1299 1300
1299 1301
1299 1302
1300 1301
1300 1302
1300 1303
1300 3043
1301 1302
1301 1303
1301 1304
1302 1303
1302 1304
1302 1305
1303 1304
1303 1305
1303 1306
1304 1305
1304 1307
1304 3184
1305 1306
1305 1307
1305 3052
1306 1307
1306 1308
1306 1309
1307 1308
1307 1309
1307 1310
1308 1309
1308 1311
1309 1311
1309 1312
1309 2359
1309 3061
1310 1311
1310 1312
1310 1313
1311 1312
1311 1314
1312 1313
1312 1314
1312 1315
1313 1314
1313 1316
1313 2446
1314 1315
1314 1316
1314 1317
1315 1316
1315 1317
1315 1318
1316 1317
1316 1319
1317 1318
1317 1319
1317 1320
1317 1848
1318 1319
1318 1320
1318 1321
1319 1320
1319 1321
1319 1322
1320 1321
1320 1322
1320 1323
1321 1322
1321 1324
1321 1967
1321 1899
1322 1323
1322 1324
1322 1325
1323 1324
1323 1325
1323 1326
1324 1325
1324 1326
1324 1327
1325 1326
1325 1327
1325 1328
1326 1327
1326 1328
1326 1329
1326 2082
1327 1328
1327 1329
1327 1330
1327 2133
1327 2152
1328 1329
1328 1330
1328 1331
1329 1330
1329 1331
1329 1332
1330 1331
1330 1332
1330 1333
1331 1332
1331 1333
1331 1334
1332 1333
1332 1334
1332 1335
1333 1334
1333 1335
1333 1336
1333 3199
1334 1335
1334 1336
1334 1337
1334 3074
1335 1336
1335 1337
1335 1338
1336 1338
1336 1865
1337 1338
1337 1339
1337 1340
1338 1339
1338 1340
1338 1341
1339 1340
1339 1341
1339 1342
1339 1903
1340 1341
1340 1342
1341 1342
1341 1343
1341 1344
1342 1343
1342 1344
1342 1345
1343 1344
1343 1345
1343 1346
1344 1345
1344 1347
1344 2296
1345 1346
1345 1347
1345 1348
1346 1348
1346 1349
1346 2055
1347 1348
1347 1349
1347 1350
1348 1349
1348 1350
1348 1351
1349 1350
1349 1351
1349 1352
1349 1576
1350 1352
1350 1353
1350 1493
1351 1352
1351 1353
1351 1354
1352 1353
1352 1354
1352 1355
1353 1354
1353 1355
1353 1356
1354 1355
1354 1356
1354 1357
1355 1356
1355 1357
1355 1810
1356 1357
1356 1358
1356 1359
1357 1358
1357 1359
1358 1359
1358 1360
1358 1361
1359 1360
1359 1361
1359 1362
1360 1361
1360 1362
1360 1363
1361 1362
1361 1363
1361 1364
1362 1363
1362 1365
1362 3114
1363 1364
1363 1365
1363 1583
1364 1365
1364 1366
1364 1367
1365 1366
1365 1367
1365 1368
1366 1367
1366 1368
1367 1368
1367 1369
1367 1370
1368 1369
1368 1371
1368 2116
1368 2133
1369 1370
1369 1371
1369 1372
1370 1371
1370 1372
1370 1373
1371 1372
1371 1373
1371 1374
1372 1373
1372 1374
1372 1375
1373 1374
1373 1375
1373 1376
1373 2925
1374 1376
1374 1377
1375 1376
1375 1377
1375 1378
1376 1377
1376 1378
1376 1379
1377 1379
1377 1380
1377 1649
1378 1379
1378 1380
1378 1381
1379 1380
1379 1381
1379 1382
1379 2979
1379 1814
1379 1872
1380 1381
1380 1382
1380 1383
1381 1382
1381 1383
1381 1384
1382 1383
1382 1384
1382 1385
1382 2114
1382 2128
1383 1384
1383 1385
1383 1386
1384 1386
1384 1387
1384 2860
1385 1386
1385 1387
1385 1388
1386 1387
1386 2454
1386 3231
1387 1388
1387 1389
1387 1390
1388 1389
1388 1390
1388 1391
1389 1390
1389 1391
1389 1392
1390 1391
1390 1392
1390 1393
1391 1392
1391 1393
1391 1394
1392 1393
1392 1394
1392 2007
1393 1394
1393 1395
1393 1396
1394 1395
1394 1396
1394 1397
1394 2998
1395 1396
1395 1397
1395 1398
1395 2822
1396 1397
1396 1398
1396 1399
1397 1400
1397 1853
1397 3015
1398 1399
1398 1400
1398 2287
1399 1400
1399 1402
1399 1633
1400 1401
1400 1402
1400 1403
1401 1402
1401 1403
1401 1404
1401 2923
1402 1403
1402 1404
1402 1405
1403 1404
1403 1405
1403 1406
1404 1405
1404 1406
1404 1407
1404 1658
1405 1406
1405 1407
1405 1408
1406 1407
1406 1408
1406 1409
1407 1408
1407 1409
1407 1410
1408 1409
1408 1410
1408 1411
1409 1410
1409 1411
1409 1412
1409 2641
1410 1411
1410 1412
1410 1413
1411 1412
1411 1413
1411 1414
1411 3091
1412 1413
1412 1414
1412 1415
1413 1414
1413 1415
1413 1416
1414 1415
1414 1416
1414 1417
1415 1417
1415 1418
1415 2506
1416 1417
1416 1418
1416 1419
1417 1419
1417 1420
1417 3115
1418 1419
1418 1420
1418 1421
1419 1420
1419 1421
1419 1422
1419 2160
1420 1421
1420 1422
1420 1423
1421 1422
1421 1423
1421 1424
1421 3037
1422 1423
1422 1424
1422 1425
1423 1424
1423 1425
1423 1426
1424 1425
1424 1426
1424 1427
1425 1426
1425 1427
1425 1428
1426 1427
1426 1428
1426 1429
1427 1430
1427 2338
1428 1429
1428 1430
1428 1431
1429 1430
1429 1431
1429 1432
1430 1431
1430 1432
1430 1433
1431 1432
1431 1433
1431 1434
1432 1433
1432 1435
1432 2607
1433 1434
1433 1435
1433 2982
1434 1435
1434 1436
1434 1437
1435 1436
1435 1437
1435 1438
1436 1437
1436 1438
1436 1439
1436 2313
1437 1438
1437 1439
1437 2930
1438 1439
1438 1440
1438 1441
1439 1440
1439 1441
1439 1442
1440 1441
1440 1442
1440 1443
1441 1442
1441 1443
1441 1444
1442 1443
1442 1444
1442 1445
1443 1444
1443 1445
1443 1446
1443 3129
1444 1445
1444 1446
1444 1447
1445 1447
1445 1448
1446 1448
1446 1449
1447 1448
1447 1449
1447 1450
1448 1449
1448 1451
1449 1450
1449 1451
1449 1452
1450 1451
1450 1452
1450 1453
1451 1452
1451 1453
1451 1454
1452 1454
1452 1455
1452 1937
1453 1454
1453 1455
1453 3306
1454 1455
1454 1456
1455 1456
1455 1457
1456 1457
1456 1458
1456 1459
1457 1458
1457 1459
1457 1460
1458 1459
1458 1460
1458 1461
1459 1460
1459 1461
1459 1462
1460 1461
1460 1462
1460 1463
1461 1462
1461 1464
1461 2984
1462 1463
1462 1465
1463 1464
1463 1465
1463 1466
1464 1465
1464 1466
1464 1467
1465 1466
1465 1467
1465 1468
1466 1467
1466 1468
1466 1469
1466 2659
1467 1468
1467 1469
1467 1470
1468 1469
1468 1470
1468 1471
1469 1470
1469 1471
1469 1472
1470 1471
1470 1472
1470 1473
1470 2228
1470 2461
1470 2221
1471 1473
1471 1618
1471 2974
1472 1473
1472 1942
1473 1474
1473 1475
1473 1476
1474 1475
1474 1476
1474 1477
1475 1476
1475 1477
1475 1478
1475 3195
1476 1478
1476 1479
1476 3195
1477 1478
1477 1479
1477 1480
1478 1479
1478 1480
1478 1481
1478 3028
1479 1480
1479 1481
1479 1482
1480 1481
1480 1482
1480 2843
1481 1482
1481 1483
1481 1484
1482 1483
1482 1484
1482 1485
1483 1484
1483 1485
1483 1486
1484 1485
1484 1486
1484 1487
1484 2123
1485 1486
1485 1487
1485 1488
1486 1487
1486 1488
1486 1489
1487 1488
1487 1490
1488 1489
1488 1490
1488 1491
1488 3194
1489 1490
1489 1491
1489 1492
1490 1491
1490 1492
1490 1493
1491 1492
1491 1493
1491 1494
1492 1494
1492 1495
1493 1494
1493 1495
1494 1495
1494 1496
1494 1497
1494 2010
1495 1496
1495 1497
1495 1498
1496 1497
1496 1498
1496 1499
1497 1498
1497 1499
1497 1500
1498 1499
1498 1500
1498 1501
1498 3144
1499 1500
1499 1501
1499 1502
1500 1501
1500 1502
1500 1503
1501 1502
1501 1503
1501 1504
1502 1503
1502 1505
1502 2618
1503 1504
1503 1505
1503 1506
1504 1505
1504 1506
1504 1507
1505 1506
1505 1507
1505 1508
1506 1508
1506 1509
1507 1508
1507 1509
1507 1510
1508 1509
1508 1510
1508 1511
1509 1510
1509 1511
1509 3182
1510 1511
1510 1512
1510 1513
1511 1512
1511 1513
1511 1514
1512 1514
1512 3326
1512 3044
1513 1514
1513 1515
1513 1516
1514 1515
1514 1516
1514 1517
1515 1516
1515 1517
1515 1518
1515 2525
1516 1517
1516 1518
1516 1519
1517 1518
1517 1519
1517 1520
1518 1519
1518 1625
1519 1520
1519 1521
1519 1522
1520 1521
1520 1522
1520 1523
1521 1522
1521 1523
1521 1524
1522 1523
1522 1524
1522 1525
1523 1524
1523 1525
1523 1526
1524 1525
1524 1526
1524 1527
1525 1526
1525 1527
1525 1528
1526 1527
1526 1528
1526 1529
1527 1528
1527 1529
1527 1530
1528 1529
1528 1530
1528 1531
1529 1530
1529 1532
1529 2217
1529 2377
1530 1531
1530 1532
1530 1533
1531 1532
1531 1533
1531 1534
1532 1533
1532 1534
1532 1535
1533 1534
1533 1535
1533 1536
1534 1535
1534 1536
1534 1537
1535 1536
1535 1537
1535 1538
1535 1547
1536 1537
1536 1538
1536 1539
1537 1538
1537 1539
1537 1540
1538 1539
1538 1540
1538 1541
1539 1540
1539 1541
1539 1542
1539 1859
1540 1541
1540 1542
1540 1543
1541 1542
1541 1543
1541 1544
1542 1543
1542 1544
1542 1545
1543 1544
1543 1545
1543 1546
1544 1545
1544 1546
1544 1547
1545 1546
1545 1548
1545 3174
1546 1547
1546 1548
1546 1549
1547 1548
1547 1549
1547 1760
1548 1549
1548 1550
1548 1551
1548 3060
1549 1550
1549 1551
1549 1552
1550 1551
1550 1552
1550 1553
1551 1552
1551 1553
1551 1554
1552 1553
1552 1554
1552 1555
1553 1554
1553 1555
1553 1556
1554 1555
1554 1556
1554 1557
1555 1556
1555 1557
1555 1558
1556 1557
1556 1558
1556 1559
1557 1558
1557 1559
1557 1560
1558 1559
1558 1560
1559 1561
1559 1562
1560 1561
1560 1562
1560 1563
1561 1562
1561 1564
1562 1563
1562 1564
1562 1565
1563 1564
1563 1565
1563 1566
1564 1565
1564 1566
1564 2366
1565 1566
1565 1567
1565 1568
1566 1567
1566 1568
1566 1569
1566 1948
1567 1568
1567 1569
1567 1570
1568 1569
1568 1570
1568 1571
1568 2561
1569 1570
1569 1571
1569 1572
1570 1571
1570 1572
1570 1573
1571 1572
1571 1573
1571 1574
1572 1573
1572 1574
1572 1575
1573 1575
1573 1576
1573 2361
1574 1575
1574 1576
1574 1577
1575 1577
1575 1578
1576 1577
1576 1578
1577 1578
1577 1579
1577 1580
1578 1579
1578 1581
1578 2045
1579 1580
1579 1582
1579 2674
1580 1581
1580 1582
1580 1583
1580 2740
1581 1582
1581 1583
1581 1584
1582 1583
1582 1584
1582 1585
1583 1584
1583 1585
1583 1586
1584 1585
1584 1586
1584 2035
1585 1586
1585 1587
1585 1588
1586 1587
1586 1588
1586 1589
1587 1589
1587 1590
1587 3292
1588 1589
1588 1590
1588 1591
1589 1590
1589 1591
1589 1592
1590 1591
1590 1592
1590 1593
1591 1592
1591 1593
1591 1594
1591 3262
1592 1593
1592 1595
1592 2641
1593 1595
1593 1596
1593 2217
1594 1595
1594 1596
1594 1597
1595 1596
1595 1597
1595 1598
1596 1597
1596 1598
1596 1599
1597 1598
1597 1599
1598 1599
1598 1600
1598 1601
1599 1600
1599 1601
1599 1709
1600 1601
1600 1602
1600 1603
1601 1602
1601 1604
1602 1603
1602 1605
1603 1604
1603 1605
1603 1606
1604 1605
1604 1606
1604 1607
1604 2927
1605 1606
1605 1607
1605 1608
1606 1607
1606 1608
1606 1609
1607 1609
1607 1610
1607 2825
1608 1609
1608 1610
1608 1611
1609 1610
1609 1611
1609 1612
1610 1611
1610 1612
1610 1613
1611 1612
1611 1613
1611 1614
1612 1613
1612 1614
1612 1615
1613 1614
1613 1615
1613 1616
1613 2658
1614 1615
1614 1616
1614 1617
1615 1616
1615 1617
1615 1618
1616 1617
1616 1618
1616 1619
1617 1619
1617 1620
1617 3092
1618 1619
1618 1620
1618 1621
1619 1620
1619 1621
1619 1622
1620 1622
1620 1623
1620 2134
1620 2312
1621 1622
1621 1623
1621 1624
1622 1623
1622 1624
1622 1625
1623 1624
1623 1625
1623 1626
1624 1625
1624 1626
1624 1627
1625 1626
1625 1627
1625 1628
1626 1627
1626 1628
1626 1629
1627 1628
1627 1629
1627 1630
1628 1630
1628 2949
1628 2362
1629 1630
1629 1631
1629 1632
1629 2726
1630 1631
1630 1632
1630 1633
1631 1632
1631 1633
1631 1634
1632 1633
1632 1634
1632 1635
1632 2453
1633 1634
1633 1635
1633 1636
1634 1635
1634 1636
1634 1637
1634 1825
1635 1636
1635 1637
1635 1638
1636 1637
1636 1638
1636 1639
1637 1638
1637 1639
1637 1640
1638 1639
1638 1640
1638 1641
1639 1640
1639 1641
1639 1642
1640 1641
1640 1642
1640 1643
1641 1642
1641 1643
1641 1644
1641 3163
1642 1643
1642 1644
1642 1645
1643 1645
1643 1646
1643 3004
1644 1645
1644 1646
1644 1647
1645 1646
1645 1647
1646 1647
1646 1648
1647 1648
1647 1649
1647 1650
1648 1649
1648 1650
1648 1651
1649 1650
1649 1651
1649 1652
1650 1651
1650 1652
1650 1653
1651 1652
1651 1653
1651 1654
1652 1653
1652 1655
1653 1654
1653 1655
1653 1656
1654 1655
1654 1656
1654 1657
1655 1656
1655 1657
1655 1658
1656 1657
1656 1658
1656 1659
1657 1658
1657 1659
1658 1659
1658 1661
1659 1660
1659 1661
1659 1662
1660 1661
1660 1662
1660 1663
1661 1662
1661 1663
1661 1664
1662 1663
1662 1664
1662 1665
1663 1664
1663 1665
1663 1666
1664 1665
1664 1666
1665 1666
1665 1668
1665 2854
1666 1667
1666 1668
1666 1669
1667 1668
1667 1669
1667 1670
1668 1669
1668 1670
1668 3272
1669 1670
1669 1671
1669 1672
1670 1671
1670 1672
1670 1673
1670 1938
1671 1672
1671 1673
1671 1674
1672 1673
1672 1674
1673 1674
1673 1675
1673 1676
1674 1675
1674 1676
1674 1677
1675 1676
1675 1677
1675 1678
1676 1678
1676 1679
1676 2143
1677 1678
1677 1679
1677 1680
1678 1679
1678 1680
1678 1681
1679 1680
1679 1681
1679 1682
1679 1959
1680 1681
1680 1682
1680 1683
1681 1682
1681 1683
1681 1684
1682 1683
1682 1684
1682 1685
1683 1684
1683 1685
1683 1686
1684 1685
1684 1686
1684 1687
1685 1686
1685 1687
1685 1688
1686 1687
1686 1689
1686 1853
1687 1688
1687 1689
1687 1690
1688 1689
1688 1690
1688 1691
1689 1691
1689 2223
1690 1691
1690 1693
1690 2213
1691 1692
1691 1693
1691 1694
1692 1693
1692 1694
1692 1695
1693 1694
1693 1695
1693 1696
1694 1695
1694 1696
1694 1697
1695 1696
1695 1697
1695 1698
1696 1697
1696 1698
1696 1699
1697 1698
1697 1699
1697 1700
1698 1699
1698 1700
1698 1701
1699 1700
1699 1701
1699 1702
1700 1701
1700 1702
1700 1703
1701 1703
1701 1704
1701 3138
1701 1813
1702 1703
1702 1704
1702 1705
1703 1706
1703 1931
1703 3081
1704 1705
1704 1706
1704 1707
1705 1707
1705 1708
1706 1707
1706 1708
1706 1709
1707 1708
1707 1709
1707 1710
1708 1709
1708 1710
1708 1711
1708 2937
1709 1711
1709 1712
1709 3265
1710 1712
1710 1713
1711 1712
1711 1714
1711 2312
1712 1713
1712 1714
1712 1715
1713 1714
1713 2840
1714 1715
1714 1716
1715 1716
1715 1717
1715 1718
1716 1717
1716 1718
1716 1719
1717 1719
1717 3284
1718 1719
1718 1720
1718 1721
1719 1720
1719 1721
1719 1722
1719 3172
1720 1721
1720 1722
1720 1723
1721 1722
1721 1723
1721 1724
1722 1723
1722 1724
1722 1725
1723 1724
1723 1725
1723 1726
1724 1725
1724 1726
1724 1727
1725 1726
1725 1727
1725 1728
1726 1727
1726 1728
1726 1729
1727 1728
1727 1729
1727 2655
1727 1884
1728 1729
1728 1730
1728 1731
1729 1730
1729 1731
1729 1732
1730 1731
1730 1732
1730 1733
1731 1732
1731 1733
1731 1734
1731 1836
1732 1733
1732 1734
1732 1735
1733 1734
1733 1735
1733 1736
1733 2492
1734 1735
1734 1736
1735 1736
1735 1737
1735 1738
1736 1737
1736 1738
1736 1739
1737 1738
1737 1739
1737 2548
1737 2289
1738 1739
1738 1740
1738 1741
1739 1740
1739 1741
1739 2606
1740 1741
1740 1742
1740 1743
1741 1742
1741 1743
1741 1744
1742 1743
1742 1744
1742 1745
1743 1744
1743 1746
1744 1745
1744 1746
1744 1747
1745 1746
1745 1747
1745 1748
1746 1747
1746 1748
1746 1749
1747 1748
1747 1749
1747 1750
1748 1749
1748 1750
1748 1751
1749 1750
1749 1751
1749 1752
1750 1751
1750 1752
1750 1753
1751 1752
1751 1753
1751 1754
1751 3210
1752 1753
1752 1754
1752 1755
1753 1754
1753 1755
1753 1756
1754 1755
1754 1756
1754 1757
1755 1756
1755 1757
1755 1758
1756 1757
1756 1758
1756 1759
1757 1758
1757 1759
1757 1760
1758 1759
1758 1760
1758 1761
1759 1760
1759 1761
1759 1762
1760 1761
1760 1763
1761 1762
1761 1763
1761 1764
1762 1763
1762 1764
1762 1765
1763 1765
1763 1766
1763 2903
1764 1765
1764 1766
1764 1767
1765 1766
1765 1767
1765 1768
1766 1767
1766 1768
1766 1769
1767 1768
1767 1770
1768 1769
1768 1770
1769 1770
1769 1771
1769 1772
1770 1771
1770 1772
1770 1773
1771 1772
1771 1773
1771 1774
1772 1773
1772 1774
1772 1775
1773 1774
1773 1775
1773 1776
1774 1775
1774 1776
1774 1777
1775 1776
1775 1777
1775 1778
1776 1777
1776 1778
1776 1779
1777 1778
1777 1779
1777 1780
1778 1779
1778 1780
1778 1781
1779 1780
1779 1781
1779 1782
1780 1781
1780 1782
1780 1783
1781 1782
1781 1783
1781 1784
1782 1783
1782 1784
1782 1785
1783 1784
1783 1785
1783 1786
1784 1785
1784 1786
1784 1787
1785 1786
1785 1787
1785 1788
1786 1787
1786 1788
1786 1789
1787 1789
1787 1790
1788 1789
1788 1790
1788 1791
1789 1790
1789 1791
1789 1792
1790 1791
1790 1793
1791 1792
1791 1793
1791 1794
1792 1793
1792 1794
1792 1795
1793 1794
1793 1795
1793 1796
1794 1795
1794 1796
1794 1797
1795 1796
1795 1797
1795 1798
1795 3061
1796 1797
1796 1798
1796 1799
1797 1798
1797 1799
1797 1800
1798 1799
1798 1800
1798 1801
1798 2334
1799 1800
1799 1801
1799 1802
1800 1801
1800 1803
1800 3157
1801 1802
1801 1803
1801 1804
1802 1804
1802 1805
1803 1804
1803 1805
1803 1806
1804 1805
1804 1806
1804 1839
1805 1806
1805 1807
1805 1808
1806 1807
1806 1808
1806 1809
1807 1808
1807 1809
1807 1810
1808 1809
1808 1810
1808 1811
1809 1810
1809 1811
1809 1812
1809 2838
1810 1811
1810 1813
1810 2810
1811 1812
1811 1814
1811 3274
1812 1813
1812 1814
1812 1815
1813 1815
1813 1816
1814 1815
1814 1817
1815 1816
1815 1817
1815 1818
1816 1817
1816 1818
1816 1819
1817 1818
1817 1819
1817 1820
1817 2235
1818 1819
1818 1820
1818 1821
1819 1820
1819 1821
1819 1822
1820 1822
1820 1823
1820 3105
1820 1996
1821 1822
1821 1823
1821 1824
1822 1823
1822 1824
1822 1825
1823 1824
1823 1825
1823 1826
1824 1825
1824 1826
1824 1827
1825 1826
1825 1828
1826 1828
1826 1829
1827 1828
1827 1829
1827 1830
1828 1829
1828 1830
1828 1831
1829 1830
1829 1831
1829 1832
1830 1831
1830 1832
1830 1833
1830 1997
1831 1832
1831 1833
1831 1834
1832 1833
1832 1834
1832 1835
1833 1834
1833 1835
1833 1836
1834 1835
1834 1836
1834 1837
1834 2515
1835 1836
1835 1837
1835 1838
1835 1862
1836 1838
1836 1839
1837 1838
1837 1839
1837 1840
1838 1839
1838 1840
1838 1841
1839 1840
1839 1841
1839 1842
1840 1841
1840 1842
1840 1843
1841 1842
1841 1843
1841 1844
1842 1843
1842 1844
1842 1845
1843 1844
1843 1845
1843 1846
1844 1845
1844 1847
1845 1846
1845 1847
1845 1848
1846 1847
1846 1848
1846 1849
1847 1848
1847 1849
1847 1850
1848 1849
1848 1851
1849 1850
1849 1851
1849 1852
1850 1851
1850 1852
1850 1853
1851 1852
1851 1853
1851 1854
1852 1853
1852 1854
1852 1855
1853 1854
1853 1855
1853 1856
1854 1855
1854 1856
1854 1857
1855 1857
1855 1858
1855 2036
1855 2872
1856 1857
1856 1858
1856 1859
1857 1859
1857 1860
1858 1859
1858 1860
1858 1861
1859 1861
1859 1862
1860 1861
1860 1862
1860 1863
1861 1862
1861 1863
1861 1864
1862 1863
1862 1864
1863 1864
1863 1865
1863 1866
1864 1865
1864 1866
1864 1867
1865 1866
1865 1868
1865 2823
1866 1867
1866 1868
1866 1869
1866 2859
1867 1868
1867 1869
1867 1870
1868 1869
1868 1871
1869 1870
1869 1872
1869 2552
1869 2103
1870 1871
1870 1872
1870 1873
1871 1873
1871 1874
1872 1873
1872 1874
1873 1874
1873 1875
1873 1876
1873 2633
1874 1875
1874 1876
1874 1877
1875 1876
1875 1877
1875 1878
1876 1877
1876 1878
1876 1879
1877 1878
1877 1879
1877 1880
1878 1880
1878 1881
1878 3158
1879 1880
1879 1881
1879 1882
1880 1881
1880 1882
1880 1883
1881 1882
1881 1883
1881 1884
1882 1883
1882 1884
1882 2780
1883 1884
1883 1885
1883 1886
1884 1885
1884 1886
1884 1887
1885 1886
1885 1887
1885 2048
1886 1887
1886 1888
1886 2559
1887 1888
1887 1889
1887 1890
1888 1889
1888 1890
1888 2895
1889 1890
1889 1891
1889 1892
1890 1891
1890 1892
1890 1893
1890 1923
1891 1892
1891 1893
1891 1894
1892 1894
1892 1895
1892 2070
1893 1894
1893 1895
1893 1896
1894 1895
1894 1896
1894 1897
1894 1934
1895 1896
1895 1897
1895 1898
1896 1898
1896 1899
1897 1898
1897 1899
1897 1900
1898 1899
1898 1900
1898 1901
1899 1900
1899 1901
1899 3051
1900 1901
1900 1902
1900 1903
1901 1902
1901 1903
1901 1904
1902 1903
1902 1904
1902 1905
1903 1904
1903 1906
1904 1905
1904 1906
1904 1907
1905 1907
1905 1908
1905 3221
1905 1974
1906 1907
1906 1908
1906 1909
1907 1908
1907 1909
1907 1910
1908 1909
1908 1910
1908 1911
1909 1910
1909 1911
1909 1912
1910 1911
1910 1912
1910 1913
1911 1912
1911 3317
1912 1913
1912 1914
1912 1915
1912 2507
1913 1914
1913 1915
1913 2035
1914 1916
1914 1917
1915 1916
1915 1917
1915 1918
1916 1917
1916 1918
1916 1919
1917 1918
1917 1920
1918 1919
1918 1920
1918 1921
1919 1920
1919 1921
1919 1922
1919 2537
1920 1921
1920 1922
1920 2975
1921 1922
1921 1923
1921 1924
1922 1923
1922 1924
1922 1925
1923 1925
1923 1926
1924 1925
1924 1926
1924 1927
1925 1926
1925 1927
1925 1928
1926 1927
1926 1928
1926 1929
1927 1928
1927 1929
1927 1930
1928 1929
1928 1930
1928 1931
1929 1930
1929 1931
1929 2777
1930 1931
1930 1933
1931 1932
1931 1934
1931 2554
1931 2937
1932 1933
1932 1934
1932 1935
1933 1935
1933 1936
1933 2050
1934 1935
1934 1936
1935 1936
1935 1937
1935 1938
1936 1937
1936 1939
1936 3314
1937 1938
1937 1939
1937 1940
1938 1940
1938 1941
1939 1940
1939 1941
1939 1942
1939 2171
1940 1941
1940 1942
1940 1943
1941 1942
1941 1944
1941 2732
1942 1943
1942 1944
1942 1945
1943 1944
1943 1945
1943 1946
1944 1945
1944 1946
1944 1947
1945 1947
1945 1948
1945 2030
1946 1947
1946 1948
1946 1949
1947 1948
1947 1949
1947 1950
1947 2635
1948 1949
1948 1951
1948 2962
1949 1950
1949 1951
1949 1952
1950 1951
1950 1952
1950 1953
1951 1952
1951 1953
1951 1954
1952 1953
1952 1954
1952 1955
1953 1956
1953 1980
1954 1955
1954 1956
1954 1957
1955 1956
1955 1957
1955 1958
1955 2847
1956 1957
1956 1958
1956 1959
1957 1958
1958 1959
1958 1960
1958 1961
1959 1960
1959 1962
1960 1961
1960 1962
1960 1963
1961 1962
1961 1963
1961 1964
1962 1963
1962 1964
1962 1965
1963 1964
1963 1965
1963 1966
1964 1965
1964 1966
1964 1967
1965 1967
1965 1968
1965 2882
1965 2584
1966 1967
1966 1968
1966 1969
1967 1968
1967 1969
1967 1970
1968 1969
1968 1970
1968 1971
1969 1970
1969 1971
1969 1972
1970 1971
1970 1972
1970 1973
1971 1972
1971 1973
1971 1974
1972 1973
1972 1974
1972 1975
1973 1974
1973 1975
1973 1976
1974 1975
1974 1976
1975 1976
1975 1977
1975 1978
1976 1977
1976 1978
1976 1979
1977 1978
1977 1979
1977 1980
1978 1980
1978 1981
1978 2734
1979 1981
1979 1982
1979 2312
1980 1981
1980 1982
1980 1983
1981 1983
1981 3087
1982 1983
1982 1984
1982 1985
1983 1984
1983 1985
1983 1986
1984 1985
1984 1986
1984 1987
1985 1986
1985 1987
1985 1988
1986 1987
1986 1988
1986 1989
1986 2613
1987 1988
1987 1989
1987 1990
1988 1989
1988 1990
1988 1991
1989 1990
1989 1991
1989 1992
1990 1991
1990 1992
1990 1993
1991 1992
1991 1993
1991 1994
1992 1993
1992 1994
1992 1995
1993 1994
1993 1995
1993 1996
1994 1995
1994 1996
1994 1997
1995 1996
1995 1997
1995 1998
1996 1999
1997 1998
1997 1999
1997 2603
1998 1999
1998 2000
1998 2001
1999 2000
1999 2001
1999 2002
2000 2001
2000 2002
2000 2003
2001 2003
2001 2004
2001 2512
2001 2043
2002 2003
2002 2004
2002 2005
2003 2004
2003 2005
2003 2006
2004 2005
2004 2006
2004 2007
2005 2006
2005 2007
2005 2008
2006 2007
2006 2008
2006 2009
2007 2008
2007 2009
2007 2010
2008 2009
2008 2010
2008 2011
2009 2010
2009 2011
2009 2012
2010 2011
2010 2013
2011 2012
2011 2013
2011 2014
2012 2013
2012 2014
2012 2015
2013 2014
2013 2016
2013 2506
2014 2015
2014 2016
2014 2017
2015 2016
2015 2017
2015 2018
2016 2018
2016 2019
2016 2922
2017 2018
2017 2019
2017 2020
2018 2019
2018 2020
2018 2021
2019 2020
2019 2021
2019 2022
2019 2098
2020 2021
2020 2022
2020 2624
2021 2022
2021 2023
2021 2024
2021 2671
2022 2023
2022 2024
2022 2025
2023 2024
2023 2025
2023 2026
2024 2026
2024 2027
2024 3239
2025 2026
2025 2027
2025 2028
2026 2027
2026 2028
2026 2029
2027 2028
2027 2029
2027 2030
2028 2029
2028 2030
2028 2031
2029 2030
2029 2032
2030 2031
2030 2032
2030 2033
2031 2032
2031 2033
2031 2034
2032 2033
2032 2034
2032 2035
2033 2034
2033 2035
2033 2036
2034 2035
2034 2036
2034 2037
2035 2036
2035 2037
2035 2038
2036 2037
2036 2038
2036 2039
2037 2038
2037 2039
2037 2040
2038 2039
2038 2041
2039 2040
2039 2041
2039 2042
2040 2042
2040 2043
2041 2042
2041 2043
2041 2044
2042 2043
2042 2045
2042 2166
2043 2045
2043 2046
2044 2045
2044 2046
2044 2047
2045 2047
2045 2048
2046 2047
2046 2048
2046 2049
2047 2048
2047 2049
2047 2050
2048 2049
2048 2050
2048 2051
2049 2050
2049 2051
2049 2052
2050 2051
2050 2052
2050 2053
2051 2052
2051 2053
2051 2054
2052 2053
2052 2054
2052 2055
2053 2054
2053 2055
2053 2892
2054 2055
2054 2056
2054 2057
2055 2056
2055 2057
2055 2058
2056 2057
2056 2058
2056 2059
2057 2058
2057 2059
2057 2060
2058 2059
2058 2060
2058 2061
2058 2217
2059 2060
2059 2061
2059 2062
2060 2061
2060 2062
2060 2063
2061 2062
2061 2063
2061 2064
2062 2063
2062 2064
2062 2065
2063 2064
2063 2065
2063 2066
2064 2065
2064 2066
2064 2067
2065 2066
2065 2067
2065 2068
2066 2067
2066 2069
2066 2471
2067 2068
2067 2069
2067 2070
2068 2069
2068 2070
2068 2071
2069 2070
2069 2072
2069 3162
2070 2072
2070 2073
2070 2484
2071 2072
2071 2073
2071 2074
2072 2073
2072 2074
2072 2075
2073 2074
2073 2075
2073 2076
2074 2075
2074 2076
2074 2077
2075 2076
2075 2077
2076 2077
2076 2078
2076 2079
2077 2078
2077 2080
2078 2079
2078 2081
2078 2796
2079 2080
2079 2081
2079 2082
2080 2081
2080 2082
2080 2083
2080 2673
2081 2082
2081 2083
2081 2084
2082 2084
2082 3281
2082 2581
2083 2084
2083 2085
2083 2086
2084 2085
2084 2086
2084 2087
2084 2885
2085 2086
2085 2087
2085 2088
2086 2087
2086 2088
2086 2089
2087 2088
2087 2089
2087 2090
2088 2089
2088 2090
2088 2091
2089 2090
2089 2091
2089 2092
2090 2091
2090 2092
2090 2093
2091 2092
2091 2093
2091 2094
2092 2093
2092 2094
2092 2095
2093 2094
2093 2095
2093 2096
2094 2095
2094 2096
2094 2097
2095 2096
2095 2692
2096 2097
2096 2098
2096 2099
2097 2098
2097 2099
2097 2100
2097 3050
2098 2099
2098 2101
2099 2100
2099 2101
2100 2101
2100 2102
2100 2103
2101 2102
2101 2103
2101 2104
2102 2103
2102 2104
2102 2105
2103 2104
2103 2105
2104 2105
2104 2106
2104 2107
2105 2106
2105 2173
2105 3148
2106 2108
2106 2109
2106 2918
2107 2108
2107 2109
2107 2110
2108 2109
2108 2110
2108 2111
2109 2110
2109 2111
2109 2112
2110 2111
2110 2112
2110 2113
2111 2112
2111 2113
2111 2114
2112 2113
2112 2114
2112 2115
2113 2114
2113 2115
2113 2116
2114 2116
2114 2359
2115 2116
2115 2117
2115 2118
2116 2118
2116 2119
2117 2118
2117 2119
2117 2120
2118 2119
2118 2120
2118 2121
2119 2120
2119 2121
2119 2122
2120 2121
2120 2122
2120 2123
2121 2122
2121 2123
2121 2124
2122 2123
2122 2124
2122 2125
2123 2124
2123 2125
2124 2125
2124 2126
2124 2127
2125 2126
2125 2127
2125 2128
2126 2127
2126 2128
2126 2129
2127 2128
2127 2130
2127 3261
2128 2130
2128 3147
2129 2130
2129 2131
2129 2132
2130 2131
2130 2132
2130 2310
2131 2132
2131 2133
2131 2134
2132 2133
2132 2134
2132 2135
2133 2134
2133 2135
2134 2135
2134 2136
2135 2136
2135 2137
2135 2138
2136 2137
2136 2138
2136 2139
2137 2138
2137 2139
2137 2140
2138 2139
2138 2140
2138 2141
2138 3255
2139 2140
2139 2142
2139 2188
2140 2141
2140 2142
2140 2143
2141 2143
2141 2144
2142 2143
2142 2145
2142 2859
2143 2144
2143 2146
2143 2145
2144 2145
2144 2146
2144 2147
2145 2146
2145 2148
2146 2147
2146 2148
2147 2148
2147 2149
2147 2150
2148 2149
2148 2150
2148 2151
2149 2150
2149 2151
2149 2152
2150 2151
2150 2152
2150 2153
2150 2585
2151 2152
2151 2153
2151 2154
2152 2153
2152 2154
2153 2154
2153 2155
2153 2156
2154 2155
2154 2156
2154 2157
2155 2156
2155 2157
2156 2157
2156 2158
2156 2992
2156 2942
2157 2158
2157 2159
2157 2160
2158 2159
2158 2160
2158 2161
2159 2160
2159 2161
2159 2162
2160 2161
2160 2162
2161 2162
2161 2163
2161 2164
2162 2163
2162 2164
2162 2165
2163 2164
2163 2166
2163 3125
2164 2165
2164 2166
2164 2167
2164 2444
2165 2166
2165 2167
2165 2168
2166 2167
2166 2168
2166 2169
2167 2168
2167 2169
2167 2170
2168 2169
2168 2170
2168 2171
2169 2170
2169 2171
2169 2172
2170 2171
2170 2172
2170 2173
2171 2173
2171 2174
2171 3015
2172 2173
2172 2174
2172 2175
2173 2174
2173 2175
2173 2176
2174 2175
2174 2176
2174 2177
2175 2176
2175 2177
2175 2178
2176 2177
2176 2178
2176 2179
2176 2650
2177 2178
2177 2179
2177 2180
2178 2179
2178 2180
2178 2181
2179 2180
2179 2181
2179 2182
2180 2181
2180 2182
2180 2183
2181 2182
2181 2184
2182 2183
2182 2184
2182 2185
2183 2184
2183 2185
2183 2186
2183 2487
2184 2185
2184 2186
2184 2187
2185 2186
2185 2187
2185 2188
2185 3327
2186 2187
2186 2188
2186 2189
2187 2188
2187 2189
2187 2190
2188 2189
2188 2190
2188 2191
2189 2190
2189 2191
2189 2192
2190 2191
2190 2192
2190 2193
2191 2192
2191 2193
2191 2194
2192 2193
2192 2194
2192 2195
2193 2194
2193 2195
2194 2195
2194 2196
2194 2197
2195 2196
2195 2197
2195 2198
2195 2227
2196 2197
2196 2198
2197 2198
2197 2199
2198 2199
2198 2200
2198 2201
2199 2200
2199 2201
2199 2202
2200 2201
2200 2202
2200 2203
2201 2202
2201 2203
2201 2204
2202 2203
2202 2204
2202 2205
2203 2204
2203 2205
2203 2206
2204 2205
2204 2206
2204 2207
2205 2206
2205 2207
2205 2208
2206 2207
2206 2208
2206 2209
2207 2208
2207 2209
2207 2210
2208 2209
2208 2210
2208 2211
2209 2210
2209 2211
2209 2212
2210 2211
2210 2212
2210 2213
2211 2212
2211 2213
2211 2214
2212 2213
2212 2214
2212 2215
2213 2214
2213 2215
2213 3166
2214 2215
2214 2216
2214 2217
2215 2216
2215 2217
2215 2218
2216 2217
2216 2218
2216 2219
2217 2218
2217 2219
2218 2219
2218 2220
2218 2221
2219 2220
2219 2221
2219 2222
2219 2318
2219 3156
2220 2221
2220 2222
2220 2223
2221 2222
2221 2223
2222 2223
2222 2224
2222 2225
2223 2224
2223 2225
2223 2226
2224 2225
2224 2226
2224 2227
2225 2226
2225 2227
2225 2228
2226 2227
2226 2228
2226 2229
2227 2228
2227 2229
2227 3113
2228 2229
2228 2231
2229 2231
2229 2232
2230 2231
2230 2232
2230 2233
2231 2232
2231 2233
2232 2233
2232 2234
2232 2235
2233 2234
2233 2236
2234 2236
2234 2237
2234 3152
2234 2764
2235 2236
2235 2238
2236 2237
2236 2238
2236 2239
2237 2238
2237 2239
2237 2240
2238 2239
2238 2240
2238 2241
2239 2240
2239 2241
2240 2241
2240 2242
2240 2243
2241 2242
2241 2243
2241 2244
2242 2243
2242 2244
2242 2245
2243 2244
2243 2245
2243 2246
2244 2245
2244 2246
2244 2247
2245 2246
2245 2247
2245 2248
2246 2247
2246 2248
2246 2249
2247 2248
2247 2249
2247 2250
2248 2250
2248 2251
2248 3267
2249 2250
2249 2251
2249 2252
2250 2251
2250 2252
2250 2253
2251 2252
2251 2253
2251 2254
2252 2253
2252 2254
2252 2255
2253 2255
2253 2256
2254 2255
2254 2256
2254 2257
2255 2256
2255 2257
2255 2258
2256 2257
2256 2258
2257 2258
2257 2259
2257 2260
2258 2260
2258 2261
2259 2260
2259 2261
2259 2262
2259 3261
2260 2261
2260 2262
2260 2263
2261 2262
2261 2263
2261 2264
2262 2263
2262 2264
2262 2265
2263 2264
2263 2266
2263 2576
2264 2265
2264 2266
2264 2267
2265 2267
2265 2268
2265 3100
2266 2267
2266 2268
2266 2269
2267 2268
2267 2269
2267 2270
2268 2269
2268 2270
2268 2271
2269 2270
2269 2271
2269 2272
2270 2271
2270 2272
2271 2272
2271 2273
2271 2274
2272 2273
2272 2274
2272 2275
2273 2274
2273 2275
2274 2275
2274 2276
2274 2277
2275 2276
2275 2277
2275 2278
2276 2277
2276 2278
2276 2279
2277 2278
2277 2279
2277 2280
2278 2279
2278 2280
2278 2281
2279 2280
2279 2281
2279 2282
2280 2281
2280 2282
2280 2283
2281 2282
2281 2283
2281 2284
2282 2283
2282 2284
2282 2285
2283 2285
2283 2371
2284 2286
2284 2287
2284 2977
2285 2286
2285 2287
2285 2288
2286 2287
2286 2288
2286 2289
2286 2559
2287 2288
2287 2289
2287 2290
2288 2289
2288 2290
2288 2291
2289 2291
2290 2291
2290 2292
2290 2293
2291 2292
2291 2293
2291 2294
2292 2293
2292 2295
2293 2294
2293 2295
2293 2296
2294 2296
2294 2297
2295 2296
2295 2297
2295 2298
2296 2297
2296 2298
2296 2299
2297 2298
2297 2299
2297 2300
2298 2299
2298 2300
2298 2301
2299 2300
2299 2301
2299 2302
2300 2301
2300 2302
2300 2303
2301 2302
2301 2303
2301 2304
2302 2303
2302 2304
2302 2305
2303 2304
2303 2305
2303 2306
2304 2305
2304 2306
2304 2307
2305 2306
2305 2307
2305 3122
2306 2307
2306 2308
2306 2309
2306 3168
2307 2308
2307 2309
2307 2310
2308 2309
2308 2310
2308 2311
2309 2310
2309 2311
2309 2312
2310 2311
2310 2312
2310 2313
2311 2312
2311 2313
2311 2314
2312 2313
2312 2314
2313 2315
2313 2316
2314 2315
2314 2316
2314 2317
2315 2316
2315 2317
2316 2317
2316 2318
2316 2319
2317 2319
2317 2320
2318 2319
2319 2320
2319 2321
2319 2322
2320 2321
2320 2322
2320 2323
2321 2322
2321 2323
2321 2324
2321 3022
2322 2323
2322 2324
2322 2325
2323 2324
2323 2325
2323 2326
2323 2982
2324 2325
2324 2327
2324 2605
2325 2326
2325 2327
2325 2328
2326 2327
2326 2328
2326 2329
2327 2328
2327 2329
2327 2330
2328 2329
2328 2330
2328 2331
2329 2330
2329 2331
2329 2332
2330 2331
2330 2332
2331 2332
2331 2333
2331 2334
2332 2333
2332 2334
2332 2335
2333 2335
2333 2336
2334 2336
2334 2337
2335 2336
2335 2337
2335 2338
2336 2337
2336 2338
2336 2339
2337 2338
2337 2339
2337 2340
2338 2339
2338 2340
2338 2341
2339 2340
2339 2341
2339 2342
2340 2341
2340 2342
2340 2343
2341 2342
2341 2344
2341 2581
2341 2926
2342 2343
2342 2344
2342 2345
2343 2344
2343 2345
2343 2346
2344 2345
2344 2346
2344 2347
2345 2346
2345 2347
2345 2348
2346 2347
2346 2348
2346 2349
2347 2348
2347 2350
2348 2349
2348 2350
2348 2351
2349 2350
2349 2351
2349 2352
2349 2573
2350 2351
2350 2352
2350 2353
2351 2352
2351 2354
2352 2353
2352 2354
2352 2355
2353 2354
2353 2355
2354 2355
2354 2356
2354 2357
2355 2356
2355 2357
2355 2358
2356 2357
2356 2358
2356 2359
2357 2358
2357 2359
2357 2360
2358 2359
2358 2360
2358 2361
2359 2360
2359 2361
2359 2362
2360 2361
2360 2362
2361 2362
2361 2363
2362 2363
2362 2364
2362 2707
2363 2364
2363 2365
2363 2366
2364 2365
2364 2366
2364 2367
2364 2801
2365 2366
2365 2367
2365 2368
2366 2367
2366 2368
2367 2368
2367 2369
2367 2370
2368 2369
2368 2370
2368 2371
2369 2371
2369 2372
2370 2371
2370 2372
2370 2373
2371 2372
2371 2373
2371 2374
2372 2374
2372 2375
2373 2374
2373 2376
2374 2375
2374 2376
2374 2377
2375 2376
2375 2377
2375 2378
2376 2377
2376 2378
2376 2379
2377 2378
2377 3155
2378 2379
2378 2380
2378 2381
2379 2380
2379 2381
2379 2382
2380 2381
2380 2382
2380 2383
2381 2382
2381 2383
2381 2384
2382 2383
2382 2384
2382 2385
2383 2384
2383 2385
2383 2386
2384 2385
2384 2386
2384 2387
2385 2386
2385 2387
2385 2388
2385 3080
2386 2387
2386 2388
2386 2389
2387 2389
2387 2390
2388 2389
2388 2390
2388 2391
2389 2390
2389 2391
2389 2392
2390 2391
2390 2392
2390 2393
2391 2392
2391 2393
2391 2394
2392 2393
2392 2394
2392 2395
2393 2394
2393 2395
2393 2396
2394 2395
2394 2396
2394 2397
2395 2396
2395 2397
2395 2398
2396 2397
2396 3277
2396 2879
2396 2712
2397 2398
2397 2399
2397 2400
2398 2399
2398 2400
2398 2526
2399 2400
2399 2401
2399 2402
2400 2401
2400 2403
2400 3194
2401 2402
2401 2403
2401 2404
2402 2403
2402 2404
2402 2405
2403 2404
2403 2405
2403 2406
2404 2405
2404 2406
2404 2407
2405 2406
2405 2407
2405 2408
2406 2407
2406 2409
2407 2408
2407 2409
2407 2410
2408 2409
2408 2410
2408 2411
2409 2410
2409 2411
2409 2412
2410 2411
2410 2412
2410 2413
2411 2412
2411 2413
2411 2414
2412 2413
2412 2414
2412 3197
2413 2414
2413 2415
2413 2416
2414 2415
2414 2416
2414 2417
2415 2416
2415 2417
2415 2659
2416 2417
2416 2418
2416 2419
2417 2418
2417 2419
2417 2420
2418 2419
2418 2420
2418 2421
2419 2421
2419 2422
2420 2421
2420 2422
2420 2423
2421 2422
2421 2423
2422 2424
2422 2425
2423 2424
2423 2425
2423 2426
2424 2426
2424 2427
2425 2426
2425 2427
2425 2428
2426 2427
2426 2428
2426 2429
2427 2428
2427 2429
2427 2430
2427 3199
2428 2429
2428 2430
2428 2431
2429 2430
2429 2431
2429 2432
2430 2431
2430 2432
2430 2433
2431 2432
2431 2433
2431 2434
2432 2433
2432 2434
2432 2435
2433 2434
2433 2435
2433 2436
2434 2435
2434 2436
2434 2437
2435 2436
2435 2437
2435 2438
2435 3255
2436 2437
2436 2438
2436 2439
2437 2438
2437 2440
2437 3112
2437 3177
2438 2439
2438 2440
2438 2441
2439 2440
2439 2441
2439 2442
2440 2441
2440 2442
2440 2443
2441 2442
2441 2443
2441 2444
2442 2443
2442 2444
2443 2444
2443 2445
2443 2446
2444 2445
2444 2446
2445 2446
2445 2447
2445 2448
2446 2447
2446 2448
2446 2449
2447 2448
2447 2450
2447 2500
2448 2449
2448 2450
2448 2451
2449 2450
2449 2451
2449 2452
2450 2451
2450 2452
2450 2453
2451 2452
2451 2453
2451 2454
2452 2453
2452 2454
2452 2455
2453 2455
2453 2456
2454 2456
2454 2457
2455 2456
2455 2457
2455 2458
2456 2457
2456 2458
2456 2459
2457 2458
2457 2459
2457 2460
2458 2459
2458 2460
2458 2461
2459 2460
2459 2461
2459 2462
2460 2461
2460 2462
2460 2463
2461 2462
2461 2464
2462 2463
2462 2464
2462 2465
2463 2464
2463 2465
2463 2466
2464 2465
2464 2466
2464 2467
2465 2466
2465 2467
2465 2468
2466 2467
2466 2468
2466 2469
2467 2468
2467 2469
2467 2470
2468 2469
2468 2470
2468 2471
2469 2470
2469 2472
2470 2471
2470 2472
2470 2473
2471 2472
2471 2474
2472 2474
2472 2475
2473 2474
2473 2475
2473 2476
2473 2517
2474 2475
2474 2476
2474 2477
2474 2967
2475 2476
2475 2477
2475 2478
2476 2477
2476 2478
2476 2479
2477 2478
2477 2479
2477 2480
2478 2479
2478 2480
2478 2481
2479 2480
2479 2482
2480 2481
2480 2482
2480 2483
2481 2482
2481 2483
2481 2484
2482 2483
2482 2484
2482 2485
2483 2484
2483 2485
2483 2486
2484 2485
2484 2486
2484 2487
2485 2486
2485 2487
2485 2898
2486 2487
2486 2488
2486 2489
2487 2489
2487 2490
2488 2489
2488 2490
2488 2491
2489 2490
2489 2491
2489 2492
2490 2491
2490 2492
2490 2493
2491 2492
2491 2493
2491 2494
2492 2493
2492 2494
2493 2494
2493 2495
2493 2496
2494 2496
2494 2497
2494 2523
2495 2496
2495 2497
2495 2498
2496 2497
2496 2498
2496 2499
2497 2498
2497 2500
2498 2499
2498 2500
2498 2611
2499 2500
2499 2501
2499 2502
2499 2914
2500 2501
2500 2503
2501 2502
2501 2503
2501 3198
2502 2504
2502 2505
2502 2717
2503 2504
2503 2505
2503 2506
2504 2505
2504 2506
2504 2507
2505 2506
2505 2507
2505 2508
2506 2507
2506 2508
2507 2508
2507 2509
2508 2509
2508 2510
2508 2511
2509 2510
2509 2512
2510 2511
2510 2512
2510 2513
2511 2512
2511 2513
2511 2514
2512 2513
2512 2515
2513 2514
2513 2516
2513 3049
2514 2515
2514 2516
2514 2517
2515 2516
2515 2518
2516 2517
2516 2518
2516 2519
2516 3137
2517 2518
2517 2520
2518 2519
2518 2520
2518 2521
2519 2520
2519 2521
2519 2522
2520 2521
2520 2522
2520 2523
2521 2522
2521 2523
2521 2524
2522 2523
2522 2524
2522 2525
2523 2525
2523 2635
2524 2525
2524 2526
2524 2527
2525 2526
2525 2527
2526 2527
2526 2529
2526 3187
2527 2528
2527 2529
2527 2530
2528 2529
2528 2530
2528 2531
2529 2530
2529 2531
2529 2532
2529 3285
2530 2531
2530 2532
2530 2533
2531 2532
2531 2533
2531 2534
2532 2533
2532 2534
2532 2535
2532 3165
2533 2534
2533 2535
2533 2536
2534 2535
2534 2536
2534 2537
2534 3147
2535 2536
2535 2538
2536 2537
2536 2538
2536 2888
2536 2653
2537 2539
2537 2540
2538 2539
2538 2540
2538 2541
2539 2540
2539 2541
2539 2542
2539 2547
2540 2541
2540 2542
2540 2543
2541 2542
2541 2543
2541 2544
2542 2543
2542 2544
2542 2545
2543 2544
2543 2545
2543 2546
2544 2545
2544 2546
2544 2547
2544 2568
2545 2546
2545 2547
2545 2548
2546 2547
2546 2548
2546 2549
2547 2548
2547 2549
2548 2549
2548 2551
2549 2550
2549 2551
2549 2552
2550 2551
2550 2552
2550 2553
2551 2553
2551 2554
2551 3035
2552 2553
2552 2554
2552 2555
2553 2554
2553 2555
2553 2556
2554 2556
2554 2557
2555 2556
2555 2557
2555 2558
2556 2557
2556 2558
2556 2559
2557 2558
2557 2559
2557 2560
2558 2559
2558 2560
2558 2561
2559 2560
2560 2561
2560 2563
2561 2562
2561 2564
2562 2563
2562 2564
2562 2565
2563 2564
2563 2565
2563 2566
2564 2565
2564 2566
2564 2567
2565 2566
2565 2567
2565 2568
2566 2567
2566 2568
2566 2569
2567 2568
2567 2569
2567 2570
2567 2740
2567 2580
2568 2570
2568 2571
2569 2570
2569 2571
2569 2572
2569 2870
2570 2571
2570 2572
2570 2573
2570 2976
2571 2572
2571 2573
2571 2574
2572 2574
2572 2575
2572 3100
2573 2574
2574 2575
2574 2577
2575 2576
2575 2577
2575 2578
2575 2647
2576 2578
2576 2579
2577 2578
2577 2579
2577 2580
2578 2579
2578 2580
2578 2581
2579 2580
2579 2581
2579 2582
2580 2581
2580 2583
2581 2583
2581 2584
2582 2583
2582 2584
2582 2585
2583 2584
2583 2585
2583 2586
2584 2585
2584 2586
2585 2586
2585 2587
2586 2588
2586 2589
2587 2589
2587 2590
2587 3148
2588 2589
2588 2590
2588 3224
2589 2590
2589 2591
2589 2592
2590 2591
2590 2592
2590 2593
2591 2593
2591 2594
2592 2594
2592 2595
2593 2594
2593 2595
2593 2596
2594 2596
2594 2597
2595 2596
2595 2597
2595 2598
2596 2597
2596 2598
2596 2599
2597 2598
2597 2599
2597 2600
2598 2599
2598 2600
2598 2601
2599 2600
2599 2601
2599 2602
2600 2601
2600 2603
2600 2971
2601 2602
2601 2603
2601 2604
2602 2603
2602 2604
2602 2605
2603 2605
2603 2606
2603 2744
2604 2605
2604 2606
2604 2607
2605 2606
2605 2607
2605 2608
2606 2607
2606 2608
2606 2609
2606 3041
2607 2608
2607 2609
2607 2610
2608 2609
2608 2610
2608 2611
2609 2610
2609 2611
2609 2612
2610 2611
2610 2612
2610 2613
2611 2612
2611 2613
2611 2614
2612 2613
2612 2614
2612 2615
2613 2614
2613 3238
2614 2615
2614 2616
2614 2617
2615 2616
2615 2617
2615 2618
2616 2617
2616 2618
2616 2619
2617 2618
2617 2619
2617 2620
2618 2619
2618 2620
2618 2621
2619 2620
2619 2621
2619 2622
2620 2621
2620 2622
2620 3245
2621 2622
2621 2623
2621 2624
2622 2623
2622 2624
2622 2625
2623 2624
2623 2625
2623 2626
2623 2986
2624 2625
2624 2626
2624 2627
2625 2626
2625 2627
2625 2628
2626 2627
2626 2628
2626 2629
2627 2629
2627 2630
2628 2629
2628 2630
2628 2631
2629 2630
2629 2631
2629 2632
2630 2631
2630 2632
2630 2633
2631 2633
2631 2634
2631 3151
2632 2633
2632 2634
2632 2635
2633 2634
2633 2635
2634 2635
2634 2636
2634 2637
2635 2636
2635 2638
2636 2638
2636 2639
2637 2638
2637 2639
2637 2640
2638 2639
2638 2640
2638 2641
2639 2640
2639 2641
2639 2642
2640 2641
2640 2642
2640 2643
2641 2642
2641 2644
2642 2643
2642 2644
2642 2645
2643 2644
2643 2645
2643 2646
2644 2645
2644 2646
2644 2647
2645 2646
2645 2647
2645 2648
2646 2647
2646 2648
2646 2649
2647 2648
2647 2649
2648 2649
2648 2650
2648 2651
2649 2650
2649 2651
2649 2652
2650 2652
2650 2653
2651 2652
2651 2653
2652 2653
2652 2654
2652 2655
2653 2654
2653 2655
2653 2656
2654 2655
2654 2656
2654 2657
2655 2658
2655 3272
2656 2657
2656 2658
2656 2659
2657 2658
2657 2659
2657 2660
2658 2659
2658 2661
2658 3193
2659 2661
2659 2662
2660 2661
2660 2662
2660 2663
2661 2662
2661 2664
2662 2663
2662 2664
2662 2665
2663 2664
2663 2665
2663 2666
2664 2665
2664 2666
2664 2667
2665 2666
2665 2667
2665 2668
2666 2667
2666 2668
2666 2669
2667 2668
2667 2669
2667 2670
2668 2670
2668 2671
2668 2765
2669 2671
2670 2671
2670 2672
2670 2673
2671 2673
2671 2674
2672 2673
2672 2674
2672 2675
2673 2674
2673 2675
2673 2687
2674 2675
2674 2676
2674 2677
2675 2676
2675 2677
2675 2678
2676 2677
2676 2678
2676 2679
2677 2679
2677 2680
2678 2679
2678 2680
2678 2913
2679 2680
2679 2681
2679 2682
2680 2681
2680 2682
2680 2683
2681 2682
2681 2683
2681 2684
2682 2683
2682 2684
2682 2685
2683 2684
2683 2685
2683 2686
2684 2685
2684 2686
2684 2687
2685 2686
2685 2687
2685 2688
2686 2688
2687 2688
2687 2690
2688 2689
2688 2690
2688 2691
2689 2690
2689 2691
2689 2692
2690 2691
2690 2692
2690 2693
2691 2692
2691 2693
2691 2694
2692 2693
2692 2694
2693 2694
2693 2695
2693 2696
2694 2695
2694 2697
2695 2696
2695 2697
2695 2698
2696 2697
2696 2698
2696 2699
2697 2698
2697 2699
2698 2699
2698 2700
2698 2701
2699 2700
2699 2701
2699 2702
2700 2701
2700 2702
2700 2703
2701 2702
2701 2703
2701 2704
2702 2703
2702 2704
2702 2705
2703 2704
2703 2705
2704 2705
2704 2706
2704 2707
2705 2707
2705 2708
2706 2707
2706 2708
2706 2709
2707 2708
2707 2709
2707 2710
2708 2709
2708 2711
2709 2710
2709 2711
2709 2712
2710 2711
2710 2712
2710 2713
2711 2712
2711 2713
2711 2714
2712 2713
2712 2714
2712 2715
2713 2714
2713 2715
2713 2716
2714 2715
2714 2716
2714 2717
2715 2716
2715 2717
2715 2718
2716 2717
2716 2718
2717 2718
2717 2719
2717 2720
2718 2719
2718 2720
2718 2721
2719 2720
2719 2721
2719 2722
2720 2721
2720 2722
2720 2723
2721 2722
2721 2723
2721 2724
2722 2723
2722 2724
2722 2725
2723 2724
2723 2725
2723 2726
2724 2725
2724 2726
2724 2727
2725 2726
2725 2727
2726 2727
2726 2728
2727 2728
2727 2729
2727 2730
2728 2729
2728 2730
2729 2730
2729 2731
2729 2732
2730 2732
2730 2733
2731 2732
2731 2733
2731 2734
2732 2734
2732 2964
2733 2734
2733 2735
2733 2736
2734 2735
2734 2736
2734 2737
2735 2736
2735 2737
2735 2738
2736 2738
2736 2739
2737 2738
2737 2739
2737 2740
2738 2739
2738 2740
2738 2741
2739 2740
2739 2741
2739 2742
2740 2742
2741 2742
2741 2743
2741 2744
2742 2743
2742 2744
2742 2745
2743 2744
2743 2745
2743 2746
2744 2745
2744 2747
2745 2746
2745 2747
2745 2748
2746 2747
2746 2748
2746 2749
2747 2748
2747 2749
2747 2750
2748 2749
2748 2750
2748 2751
2749 2750
2749 2751
2749 2752
2750 2751
2750 2752
2750 2753
2751 2752
2751 2753
2751 2754
2752 2753
2752 2754
2752 2755
2753 2754
2753 2755
2754 2755
2754 2756
2754 2757
2755 2756
2755 2757
2755 2758
2756 2757
2756 2758
2756 2759
2757 2758
2757 2759
2757 2760
2758 2759
2758 2760
2758 2761
2759 2760
2759 2761
2759 2762
2760 2761
2760 2762
2760 2763
2761 2762
2761 2763
2761 2764
2762 2763
2762 2764
2762 2765
2763 2765
2763 2766
2764 2765
2765 2767
2765 2768
2766 2767
2766 2768
2767 2768
2767 2769
2767 2770
2768 2769
2768 2770
2768 2771
2769 2770
2769 2771
2769 2772
2770 2771
2770 2772
2770 2773
2771 2772
2771 2773
2771 2774
2772 2773
2772 2774
2772 2775
2773 2774
2773 2775
2773 2776
2774 2775
2774 2776
2774 2777
2775 2776
2775 2777
2775 2778
2776 2777
2776 2778
2776 2779
2776 2957
2777 2778
2777 2779
2777 2780
2778 2779
2778 2780
2778 2781
2779 2780
2779 2781
2779 2782
2780 2781
2780 2782
2780 2783
2781 2782
2781 2783
2781 2784
2782 2783
2782 2784
2782 2785
2783 2784
2783 2785
2783 2786
2784 2785
2784 2786
2784 2787
2785 2786
2785 2787
2785 2788
2786 2787
2786 2788
2786 2789
2787 2788
2787 2789
2787 2790
2788 2789
2788 2790
2788 2791
2789 2790
2789 2791
2789 2792
2790 2791
2790 2792
2790 2793
2790 3207
2791 2792
2791 2793
2792 2793
2792 2794
2792 2795
2793 2795
2793 2796
2793 2901
2794 2795
2794 2796
2794 2797
2795 2797
2795 2798
2795 3150
2796 2797
2796 2798
2796 2799
2797 2798
2797 2799
2797 2800
2798 2799
2798 2800
2798 2801
2799 2800
2799 2801
2799 2802
2799 3064
2800 2801
2800 2802
2800 2803
2801 2803
2801 2804
2802 2803
2802 2804
2802 2805
2803 2804
2803 2805
2803 2806
2804 2805
2804 2806
2804 2807
2804 3021
2805 2806
2805 2807
2805 2808
2806 2807
2806 2808
2806 2809
2807 2808
2807 2809
2807 2810
2808 2809
2808 2810
2808 2811
2808 3308
2809 2810
2809 2811
2809 2812
2810 2811
2810 2812
2810 2813
2811 2812
2811 2813
2811 2814
2811 3175
2812 2813
2812 2814
2812 2815
2813 2815
2813 2816
2813 3153
2814 2815
2814 2816
2814 2817
2815 2816
2815 2817
2815 2818
2816 2817
2816 2818
2816 2819
2817 2818
2817 2819
2817 2820
2818 2819
2818 2820
2818 2821
2819 2820
2819 2821
2819 2822
2820 2821
2820 2823
2821 2822
2821 2824
2822 2823
2822 2824
2823 2824
2823 2825
2823 2826
2824 2825
2824 2826
2824 2827
2825 2826
2825 2827
2825 2828
2826 2827
2826 2828
2826 2829
2827 2828
2827 2829
2827 2830
2828 2829
2828 2830
2828 2831
2829 2831
2829 2832
2830 2831
2830 2832
2830 2833
2831 2832
2831 2833
2831 2834
2832 2833
2832 2834
2832 2835
2833 2834
2833 2835
2833 2836
2834 2835
2834 2836
2834 2837
2835 2836
2835 2837
2835 2838
2835 3115
2836 2837
2836 2838
2836 2839
2836 3312
2837 2838
2837 2839
2837 2840
2838 2839
2838 2840
2839 2840
2839 2841
2839 2842
2840 2841
2840 2842
2840 2843
2841 2842
2841 2843
2841 2844
2842 2843
2842 2844
2842 2845
2843 2844
2843 2845
2843 2846
2843 3224
2844 2845
2844 2847
2845 2846
2845 2847
2845 2848
2846 2847
2846 2848
2846 2849
2847 2848
2847 2849
2848 2849
2848 2850
2848 2851
2849 2850
2849 2852
2850 2851
2850 2852
2850 2853
2851 2852
2851 2854
2851 3052
2852 2853
2852 2854
2852 2855
2853 2854
2853 2855
2853 2856
2854 2855
2854 2856
2854 2857
2855 2856
2855 2857
2855 2858
2856 2857
2856 2858
2856 2859
2857 2858
2857 2859
2857 2860
2858 2859
2859 2861
2859 2862
2860 2861
2860 2862
2860 2863
2861 2862
2861 2863
2861 2864
2862 2863
2862 2865
2863 2864
2863 2865
2863 2866
2864 2865
2864 2866
2864 2868
2865 2866
2865 2867
2865 2868
2865 3054
2866 2867
2866 2868
2866 2869
2867 2868
2867 2870
2868 2869
2868 2870
2868 2871
2869 2870
2869 2871
2870 2871
2870 2872
2871 2872
2871 2873
2871 2874
2872 2873
2872 2874
2873 2874
2873 2875
2873 2876
2873 3047
2874 2875
2874 2876
2874 2877
2875 2876
2875 2877
2875 2878
2876 2877
2876 2878
2876 2879
2877 2878
2877 2879
2877 2880
2878 2881
2879 2880
2879 2882
2880 2881
2880 2882
2880 2883
2881 2882
2881 2883
2881 2884
2882 2883
2882 2884
2882 2885
2883 2884
2883 2885
2883 2886
2884 2885
2884 2886
2884 2887
2885 2887
2885 2888
2885 3326
2886 2887
2886 2888
2886 2889
2887 2888
2887 2889
2887 2890
2888 2890
2888 2891
2889 2890
2889 2892
2890 2891
2890 2892
2890 2893
2891 2892
2891 2893
2891 2894
2892 2893
2892 2894
2892 2895
2893 2895
2893 2896
2894 2895
2894 2896
2894 2897
2895 2896
2895 2897
2895 2898
2896 2897
2896 2898
2896 2899
2897 2898
2897 2899
2897 2900
2898 2899
2898 2900
2898 2901
2899 2900
2899 2901
2899 2902
2900 2901
2900 2902
2900 2903
2901 2902
2901 2903
2901 2904
2902 2903
2902 2904
2902 2905
2903 2904
2903 2905
2903 2906
2904 2905
2904 2906
2904 2907
2905 2906
2905 2907
2905 2908
2906 2907
2906 2908
2906 2909
2907 2908
2907 2909
2907 2910
2908 2909
2908 2911
2908 3077
2909 2910
2909 2911
2909 2912
2910 2911
2910 2912
2910 2913
2911 2912
2911 2913
2911 3144
2912 2913
2912 2914
2912 2915
2913 2914
2913 2915
2913 2916
2914 2916
2914 2917
2915 2916
2915 2917
2915 2918
2916 2917
2916 2918
2916 2919
2917 2918
2917 2919
2918 2919
2918 2921
2919 2921
2919 2922
2920 2921
2920 2922
2920 2923
2921 2922
2921 2923
2921 2924
2922 2923
2922 2924
2922 2925
2923 2925
2923 2926
2924 2925
2924 2926
2924 2927
2925 2927
2925 2928
2926 2927
2926 2928
2926 2929
2927 2928
2927 2929
2928 2929
2928 2930
2928 2931
2929 2930
2929 2932
2930 2931
2930 2932
2930 2933
2931 2932
2931 2933
2931 2934
2932 2933
2932 2934
2932 2935
2933 2934
2933 2935
2933 3246
2934 2935
2934 2936
2934 2937
2935 2936
2935 2937
2935 2938
2936 2937
2936 2938
2936 2939
2937 2938
2937 2940
2938 2939
2938 2940
2938 2941
2939 2940
2939 2941
2939 2942
2940 2941
2940 2942
2940 2943
2941 2942
2941 2943
2941 2944
2942 2944
2942 2945
2943 2944
2943 2945
2943 2946
2944 2945
2944 2946
2944 2947
2945 2946
2945 2947
2945 2948
2946 2947
2946 2948
2946 2949
2947 2948
2947 2949
2947 2950
2948 2949
2948 2950
2948 2951
2949 2950
2949 2951
2949 2952
2950 2951
2950 2953
2951 2952
2951 2953
2951 2954
2951 3201
2952 2953
2952 2954
2952 2955
2953 2954
2953 2955
2953 2956
2954 2955
2954 2956
2954 2957
2955 2956
2955 2957
2956 2958
2956 2959
2957 2958
2957 2959
2958 2959
2958 2960
2958 2961
2959 2960
2959 2961
2959 2962
2960 2961
2960 2962
2960 2963
2961 2962
2961 2963
2961 2964
2962 2963
2962 2965
2963 2964
2963 2965
2963 2966
2964 2965
2964 2966
2964 2967
2965 2966
2965 2967
2965 2968
2966 2967
2966 2969
2967 2969
2967 2970
2968 2969
2968 2970
2968 2971
2969 2970
2969 2971
2969 2972
2970 2971
2970 2972
2970 2973
2971 2972
2971 2974
2972 2973
2972 2974
2972 2975
2973 2974
2973 2975
2973 2976
2974 2975
2974 2976
2974 2977
2975 2976
2975 2977
2975 3313
2976 2978
2976 2979
2977 2978
2977 2979
2977 2980
2978 2979
2978 2980
2978 2981
2979 2981
2979 2982
2980 2981
2980 2983
2980 3212
2981 2982
2981 2983
2981 2984
2982 2984
2982 2985
2983 2984
2983 2985
2983 2986
2984 2985
2984 2986
2984 3013
2985 2986
2985 2987
2985 2988
2986 2989
2987 2988
2987 2989
2987 2990
2988 2989
2988 2990
2988 2991
2989 2990
2989 2991
2990 2992
2990 2993
2990 3254
2991 2992
2991 2993
2991 2994
2992 2993
2992 2995
2993 2994
2993 2995
2993 2996
2994 2997
2995 2996
2995 2997
2995 2998
2996 2997
2996 2999
2997 2998
2997 2999
2997 3000
2998 3000
2998 3001
2999 3000
2999 3001
2999 3002
3000 3001
3000 3002
3000 3003
3001 3002
3001 3003
3001 3004
3002 3003
3002 3005
3002 3015
3003 3004
3003 3005
3003 3006
3004 3005
3004 3006
3004 3007
3005 3006
3005 3007
3005 3008
3006 3007
3006 3008
3006 3009
3007 3008
3007 3009
3007 3010
3008 3009
3008 3010
3008 3011
3009 3011
3009 3012
3010 3011
3010 3012
3010 3013
3011 3012
3011 3013
3011 3014
3012 3013
3012 3014
3012 3015
3013 3015
3013 3016
3014 3015
3014 3016
3014 3017
3015 3016
3016 3017
3016 3018
3016 3019
3017 3018
3017 3019
3017 3020
3018 3019
3018 3020
3018 3021
3019 3020
3019 3021
3019 3022
3020 3022
3020 3023
3021 3023
3021 3024
3022 3023
3022 3024
3023 3024
3023 3025
3023 3026
3024 3025
3024 3026
3024 3027
3025 3026
3025 3027
3025 3028
3026 3027
3026 3029
3027 3028
3027 3029
3027 3030
3028 3029
3028 3031
3029 3030
3029 3031
3029 3032
3030 3031
3030 3032
3030 3033
3031 3032
3031 3033
3031 3034
3032 3033
3032 3034
3033 3034
3033 3035
3033 3036
3034 3035
3034 3036
3034 3037
3035 3036
3036 3037
3036 3038
3036 3039
3036 3192
3037 3038
3037 3040
3038 3039
3038 3041
3039 3040
3039 3041
3039 3042
3040 3041
3040 3042
3040 3043
3041 3043
3041 3044
3042 3043
3042 3044
3042 3045
3043 3045
3043 3046
3044 3045
3044 3046
3045 3046
3045 3047
3045 3048
3046 3047
3046 3048
3046 3049
3047 3048
3047 3049
3048 3049
3048 3050
3048 3051
3049 3051
3049 3052
3050 3051
3050 3052
3051 3052
3051 3053
3052 3053
3052 3054
3052 3055
3053 3054
3053 3055
3053 3056
3054 3055
3054 3056
3055 3056
3055 3057
3055 3058
3056 3057
3056 3058
3056 3059
3057 3058
3057 3059
3057 3060
3058 3059
3058 3060
3058 3061
3059 3060
3059 3061
3059 3062
3060 3062
3060 3063
3061 3062
3062 3063
3062 3064
3062 3065
3063 3064
3063 3065
3063 3066
3064 3065
3064 3066
3065 3066
3065 3067
3065 3068
3066 3067
3066 3068
3066 3069
3067 3068
3067 3069
3067 3070
3068 3069
3068 3070
3068 3071
3069 3070
3069 3071
3069 3072
3070 3071
3070 3072
3070 3073
3071 3072
3071 3073
3071 3074
3072 3073
3072 3074
3072 3075
3073 3074
3073 3075
3073 3076
3074 3076
3074 3077
3075 3076
3075 3078
3076 3077
3076 3078
3076 3079
3077 3078
3077 3079
3077 3080
3078 3079
3078 3080
3078 3081
3079 3080
3079 3081
3079 3082
3080 3081
3080 3083
3081 3082
3081 3083
3081 3084
3082 3083
3082 3084
3083 3084
3083 3085
3083 3086
3084 3085
3084 3086
3084 3087
3085 3086
3085 3087
3086 3087
3086 3088
3086 3089
3087 3088
3087 3089
3087 3090
3088 3089
3088 3090
3088 3091
3089 3090
3089 3091
3089 3092
3090 3091
3090 3092
3090 3093
3091 3094
3092 3093
3092 3094
3092 3095
3093 3094
3093 3095
3093 3096
3094 3095
3094 3096
3094 3097
3095 3096
3095 3097
3095 3098
3096 3097
3096 3098
3096 3099
3097 3098
3097 3099
3097 3100
3098 3100
3099 3100
3099 3101
3099 3102
3099 3127
3100 3102
3100 3103
3101 3102
3101 3103
3101 3104
3102 3103
3102 3104
3102 3105
3103 3104
3103 3105
3103 3106
3104 3105
3104 3106
3104 3107
3105 3106
3105 3107
3105 3108
3106 3107
3106 3108
3106 3109
3107 3108
3107 3109
3107 3110
3108 3109
3108 3110
3108 3111
3109 3110
3109 3111
3109 3112
3110 3111
3110 3112
3110 3113
3111 3112
3111 3113
3111 3114
3111 3309
3112 3113
3112 3114
3112 3115
3113 3114
3113 3115
3114 3115
3114 3116
3114 3117
3115 3117
3115 3118
3116 3117
3116 3118
3116 3119
3117 3118
3117 3119
3117 3120
3118 3119
3118 3120
3118 3121
3119 3120
3119 3121
3119 3122
3120 3121
3120 3122
3120 3123
3121 3122
3121 3123
3121 3124
3122 3123
3122 3124
3122 3125
3123 3124
3123 3125
3123 3126
3124 3125
3124 3126
3124 3127
3125 3126
3125 3127
3125 3128
3126 3128
3126 3129
3126 3144
3127 3129
3127 3130
3128 3129
3128 3130
3128 3131
3129 3130
3129 3131
3130 3131
3130 3132
3130 3133
3131 3132
3131 3133
3131 3134
3132 3133
3132 3134
3132 3135
3133 3134
3133 3135
3133 3136
3134 3135
3134 3136
3134 3137
3135 3136
3135 3137
3135 3138
3136 3137
3136 3138
3136 3139
3137 3139
3137 3140
3138 3139
3138 3140
3138 3141
3139 3140
3139 3141
3139 3142
3140 3141
3140 3142
3140 3143
3141 3142
3141 3143
3141 3144
3142 3143
3142 3144
3142 3145
3143 3144
3143 3145
3143 3146
3144 3145
3144 3146
3145 3146
3145 3147
3145 3148
3146 3147
3146 3148
3146 3149
3147 3148
3147 3150
3148 3149
3148 3150
3148 3151
3149 3150
3149 3151
3149 3152
3150 3151
3150 3152
3150 3153
3151 3152
3151 3154
3152 3153
3152 3154
3152 3155
3153 3154
3153 3155
3153 3156
3154 3155
3154 3157
3155 3156
3155 3157
3155 3158
3156 3157
3156 3158
3157 3158
3157 3159
3157 3160
3157 3224
3158 3159
3158 3160
3158 3161
3158 3322
3159 3160
3159 3161
3159 3162
3160 3161
3160 3162
3160 3163
3161 3162
3161 3163
3161 3164
3162 3163
3162 3164
3162 3165
3163 3165
3164 3166
3164 3167
3165 3166
3165 3167
3166 3167
3166 3168
3167 3168
3167 3169
3167 3170
3168 3170
3168 3171
3169 3170
3169 3171
3169 3247
3170 3171
3170 3172
3170 3173
3171 3172
3171 3173
3171 3174
3172 3174
3172 3175
3173 3174
3173 3175
3173 3176
3174 3175
3174 3176
3174 3177
3174 3230
3175 3177
3175 3233
3176 3177
3176 3178
3176 3179
3177 3178
3177 3179
3178 3179
3178 3180
3178 3181
3179 3180
3179 3181
3179 3182
3180 3181
3180 3183
3181 3182
3181 3183
3181 3184
3182 3183
3182 3185
3183 3184
3183 3185
3183 3186
3184 3185
3184 3186
3184 3187
3185 3186
3185 3187
3185 3188
3186 3187
3186 3188
3186 3189
3187 3188
3187 3189
3187 3190
3188 3189
3188 3190
3188 3191
3189 3190
3189 3191
3189 3192
3190 3191
3190 3192
3190 3193
3191 3192
3191 3193
3191 3194
3192 3193
3192 3195
3193 3195
3193 3196
3194 3196
3195 3197
3195 3198
3196 3197
3196 3198
3196 3199
3197 3198
3197 3199
3197 3200
3198 3199
3198 3200
3198 3201
3199 3201
3200 3201
3200 3202
3200 3203
3201 3202
3201 3204
3202 3203
3202 3204
3202 3205
3203 3204
3203 3205
3203 3206
3204 3205
3204 3206
3204 3207
3205 3206
3205 3207
3205 3208
3206 3207
3206 3208
3207 3210
3208 3209
3208 3210
3208 3211
3209 3210
3209 3211
3210 3212
3210 3213
3211 3212
3211 3213
3211 3214
3212 3213
3212 3214
3212 3215
3213 3214
3213 3215
3213 3216
3214 3215
3214 3217
3215 3216
3215 3217
3215 3218
3216 3217
3216 3219
3217 3219
3217 3220
3218 3219
3218 3220
3218 3221
3219 3220
3219 3221
3219 3222
3220 3221
3220 3223
3221 3222
3221 3223
3221 3224
3222 3223
3222 3224
3222 3225
3223 3224
3223 3225
3223 3226
3224 3227
3225 3226
3225 3227
3225 3228
3226 3227
3226 3228
3226 3229
3227 3228
3227 3229
3227 3230
3228 3229
3228 3230
3228 3231
3229 3230
3229 3231
3229 3232
3230 3231
3230 3233
3231 3232
3231 3233
3231 3234
3232 3233
3232 3234
3232 3235
3233 3234
3233 3235
3233 3236
3234 3235
3234 3236
3234 3237
3235 3236
3235 3237
3235 3238
3236 3237
3236 3238
3236 3239
3237 3238
3237 3239
3237 3240
3238 3239
3238 3240
3238 3241
3239 3240
3239 3241
3239 3242
3240 3241
3240 3242
3240 3243
3241 3242
3241 3243
3241 3244
3242 3243
3242 3244
3242 3245
3243 3244
3243 3245
3243 3246
3244 3245
3244 3246
3244 3247
3245 3246
3245 3247
3245 3248
3246 3247
3246 3249
3247 3248
3247 3249
3247 3250
3248 3249
3248 3251
3249 3250
3249 3251
3249 3252
3250 3251
3250 3252
3250 3253
3251 3252
3251 3253
3251 3254
3252 3253
3252 3254
3252 3255
3253 3254
3253 3255
3253 3256
3254 3255
3254 3256
3254 3257
3255 3257
3256 3257
3256 3258
3256 3259
3257 3258
3257 3259
3257 3260
3258 3259
3258 3260
3258 3261
3259 3261
3259 3262
3260 3261
3260 3262
3260 3263
3261 3263
3261 3264
3262 3264
3262 3265
3263 3264
3263 3265
3263 3266
3264 3265
3264 3266
3264 3267
3265 3266
3265 3267
3265 3268
3266 3267
3266 3268
3266 3269
3267 3268
3267 3269
3268 3269
3268 3270
3268 3271
3269 3270
3269 3271
3269 3272
3270 3271
3270 3272
3270 3273
3271 3272
3271 3273
3271 3274
3272 3273
3272 3275
3273 3274
3273 3275
3273 3276
3274 3275
3274 3276
3274 3277
3275 3276
3275 3277
3275 3278
3276 3277
3276 3278
3276 3279
3277 3278
3277 3279
3277 3280
3278 3279
3278 3280
3278 3281
3279 3280
3279 3281
3279 3282
3280 3282
3280 3283
3281 3283
3281 3284
3282 3283
3282 3284
3282 3285
3283 3284
3283 3285
3283 3286
3284 3285
3284 3286
3284 3287
3285 3287
3285 3288
3286 3287
3286 3288
3286 3289
3287 3288
3287 3289
3287 3290
3288 3289
3288 3290
3288 3291
3289 3290
3289 3292
3290 3291
3290 3292
3290 3293
3291 3292
3291 3293
3291 3294
3292 3293
3292 3294
3293 3294
3293 3295
3293 3296
3294 3295
3294 3296
3294 3297
3295 3296
3295 3297
3295 3298
3296 3297
3296 3298
3296 3299
3297 3298
3297 3299
3297 3300
3298 3299
3298 3300
3298 3301
3299 3300
3299 3301
3299 3302
3300 3301
3300 3302
3300 3303
3301 3302
3301 3303
3301 3304
3302 3303
3302 3304
3302 3305
3303 3304
3303 3305
3303 3306
3304 3305
3304 3306
3304 3307
3305 3307
3305 3308
3306 3307
3306 3308
3306 3309
3307 3308
3307 3309
3307 3310
3308 3309
3308 3311
3309 3310
3309 3311
3310 3311
3310 3312
3310 3313
3311 3312
3311 3313
3311 3314
3312 3313
3312 3315
3313 3315
3313 3316
3314 3315
3314 3316
3314 3317
3315 3316
3315 3318
3316 3317
3316 3318
3316 3319
3317 3318
3317 3319
3317 3320
3318 3319
3318 3320
3318 3321
3319 3320
3319 3321
3319 3322
3320 3321
3320 3322
3320 3323
3321 3322
3321 3323
3321 3324
3322 3323
3322 3325
3323 3324
3323 3325
3323 3326
3324 3325
3324 3326
3324 3327
3325 3326
3325 3327
3326 3328
3326 3329
3327 3328
3327 3330
3328 3329
3328 3330
3328 3331
3329 3330
3329 3331
3329 3332
3330 3331
3330 3332
3331 3332
