0 7
0 9
0 12
0 15
0 17
0 23
0 31
0 41
0 57
0 65
0 73
0 82
0 93
0 97
0 101
0 104
0 114
0 117
0 126
0 131
0 133
0 141
0 147
0 156
0 163
0 164
0 169
0 190
0 196
0 203
0 206
0 207
0 209
0 215
0 216
1 3
1 6
1 9
1 13
1 14
1 18
1 22
1 24
1 34
1 36
1 37
1 39
1 40
1 42
1 44
1 45
1 55
1 65
1 71
1 72
1 76
1 89
1 99
1 103
1 105
1 119
1 125
1 126
1 133
1 135
1 138
1 139
1 140
1 150
1 152
1 154
1 158
1 172
1 176
1 178
1 179
1 183
1 189
1 194
1 196
1 197
1 198
1 202
1 207
1 210
1 218
1 219
1 220
2 8
2 28
2 32
2 34
2 42
2 43
2 44
2 52
2 70
2 74
2 83
2 95
2 120
2 123
2 135
2 147
2 151
2 152
2 161
2 163
2 166
2 172
2 179
2 193
2 215
3 5
3 13
3 16
3 23
3 24
3 26
3 30
3 33
3 34
3 35
3 36
3 38
3 39
3 45
3 52
3 63
3 69
3 71
3 72
3 79
3 97
3 110
3 111
3 121
3 122
3 123
3 124
3 126
3 128
3 130
3 148
3 159
3 161
3 171
3 188
3 190
3 200
3 201
3 206
3 209
3 212
3 215
4 6
4 11
4 27
4 29
4 32
4 39
4 41
4 43
4 58
4 63
4 72
4 84
4 94
4 98
4 104
4 114
4 115
4 119
4 121
4 126
4 128
4 129
4 136
4 138
4 139
4 141
4 147
4 151
4 170
4 176
4 177
4 186
4 196
4 201
4 202
4 204
4 207
5 9
5 12
5 16
5 18
5 29
5 31
5 35
5 38
5 52
5 63
5 70
5 80
5 81
5 92
5 93
5 97
5 101
5 107
5 125
5 130
5 142
5 146
5 148
5 150
5 152
5 153
5 155
5 165
5 170
5 171
5 180
5 201
5 203
5 205
5 211
5 213
5 218
5 220
5 222
6 9
6 12
6 19
6 22
6 29
6 34
6 39
6 40
6 49
6 59
6 62
6 77
6 81
6 82
6 95
6 107
6 108
6 112
6 119
6 122
6 125
6 126
6 129
6 134
6 135
6 137
6 145
6 146
6 157
6 175
6 183
6 185
6 191
6 194
6 197
6 200
6 202
6 206
6 214
6 215
6 217
7 8
7 18
7 20
7 26
7 31
7 32
7 49
7 64
7 65
7 72
7 77
7 78
7 83
7 85
7 95
7 109
7 116
7 127
7 131
7 139
7 144
7 146
7 147
7 160
7 163
7 164
7 170
7 178
7 183
7 188
7 189
7 191
7 203
7 217
7 222
8 15
8 17
8 19
8 26
8 35
8 36
8 38
8 41
8 48
8 52
8 57
8 61
8 63
8 65
8 92
8 105
8 110
8 112
8 116
8 117
8 130
8 136
8 144
8 150
8 160
8 166
8 167
8 169
8 182
8 186
8 187
8 191
8 193
8 203
8 206
8 216
8 218
8 221
9 17
9 21
9 33
9 36
9 37
9 41
9 46
9 48
9 52
9 59
9 61
9 62
9 72
9 75
9 78
9 90
9 91
9 92
9 97
9 114
9 118
9 124
9 128
9 138
9 140
9 147
9 150
9 161
9 164
9 176
9 181
9 182
9 194
9 200
9 201
9 212
9 214
9 217
9 218
9 222
10 42
10 45
10 46
10 52
10 55
10 59
10 62
10 64
10 68
10 69
10 74
10 89
10 95
10 105
10 113
10 116
10 117
10 121
10 122
10 130
10 132
10 133
10 138
10 139
10 142
10 146
10 147
10 148
10 152
10 154
10 158
10 161
10 167
10 172
10 184
10 191
10 192
10 202
10 203
10 210
10 214
10 218
11 14
11 15
11 21
11 26
11 27
11 31
11 34
11 36
11 39
11 45
11 50
11 52
11 55
11 57
11 60
11 65
11 66
11 67
11 70
11 77
11 81
11 82
11 86
11 87
11 89
11 92
11 99
11 101
11 107
11 109
11 113
11 122
11 127
11 131
11 133
11 139
11 143
11 150
11 166
11 168
11 183
11 186
11 198
11 204
11 205
11 210
11 212
11 219
12 13
12 16
12 22
12 28
12 29
12 31
12 38
12 41
12 47
12 51
12 54
12 59
12 75
12 80
12 89
12 90
12 92
12 103
12 114
12 119
12 121
12 122
12 130
12 131
12 137
12 144
12 147
12 151
12 152
12 160
12 161
12 162
12 165
12 166
12 167
12 170
12 172
12 174
12 179
12 181
12 185
12 186
12 193
12 194
12 199
12 201
12 203
12 206
12 210
12 213
12 216
12 222
13 17
13 21
13 25
13 27
13 38
13 43
13 44
13 45
13 60
13 74
13 75
13 76
13 77
13 83
13 84
13 87
13 88
13 89
13 97
13 99
13 110
13 114
13 115
13 127
13 128
13 133
13 137
13 138
13 139
13 141
13 142
13 146
13 147
13 148
13 155
13 158
13 163
13 164
13 172
13 181
13 192
13 193
13 198
13 201
13 202
13 204
13 213
13 218
14 16
14 17
14 19
14 21
14 30
14 32
14 35
14 48
14 59
14 60
14 75
14 84
14 96
14 98
14 103
14 105
14 106
14 110
14 114
14 127
14 129
14 146
14 160
14 163
14 167
14 169
14 174
14 179
14 182
14 184
14 187
14 188
14 199
14 201
14 205
14 210
14 215
14 220
15 18
15 21
15 25
15 26
15 32
15 33
15 34
15 42
15 45
15 46
15 47
15 49
15 51
15 59
15 65
15 66
15 77
15 82
15 83
15 84
15 85
15 91
15 92
15 104
15 107
15 109
15 121
15 128
15 131
15 146
15 155
15 156
15 157
15 163
15 165
15 167
15 172
15 189
15 205
15 216
15 218
15 222
16 20
16 23
16 28
16 29
16 30
16 31
16 37
16 43
16 44
16 46
16 47
16 49
16 52
16 54
16 58
16 61
16 71
16 80
16 91
16 93
16 103
16 104
16 108
16 112
16 113
16 115
16 116
16 123
16 124
16 127
16 138
16 139
16 143
16 144
16 148
16 156
16 159
16 161
16 162
16 167
16 175
16 176
16 191
16 196
16 208
16 212
16 215
16 216
16 217
16 218
17 18
17 27
17 34
17 42
17 43
17 54
17 61
17 63
17 67
17 70
17 77
17 78
17 79
17 80
17 82
17 85
17 92
17 93
17 104
17 106
17 107
17 110
17 121
17 125
17 127
17 142
17 154
17 156
17 160
17 163
17 164
17 176
17 179
17 199
17 200
17 201
17 209
17 210
17 213
17 219
18 22
18 24
18 27
18 32
18 33
18 35
18 36
18 42
18 45
18 46
18 47
18 56
18 57
18 70
18 71
18 84
18 86
18 94
18 111
18 113
18 114
18 115
18 118
18 120
18 123
18 127
18 129
18 130
18 133
18 142
18 154
18 163
18 173
18 175
18 180
18 185
18 188
18 191
18 193
18 197
18 198
18 203
18 204
18 207
18 213
18 217
19 22
19 23
19 28
19 33
19 37
19 44
19 47
19 50
19 51
19 60
19 61
19 62
19 72
19 75
19 76
19 79
19 81
19 83
19 88
19 89
19 90
19 91
19 94
19 98
19 99
19 102
19 104
19 106
19 110
19 113
19 114
19 115
19 129
19 134
19 135
19 139
19 140
19 142
19 153
19 158
19 164
19 170
19 173
19 179
19 181
19 183
19 184
19 190
19 194
19 196
19 203
19 211
19 221
19 222
20 32
20 38
20 43
20 46
20 53
20 62
20 63
20 72
20 75
20 76
20 85
20 92
20 95
20 96
20 101
20 102
20 106
20 107
20 111
20 114
20 116
20 135
20 141
20 143
20 153
20 154
20 157
20 159
20 160
20 163
20 168
20 174
20 176
20 184
20 192
20 199
20 202
20 209
20 222
21 24
21 27
21 28
21 31
21 33
21 45
21 49
21 53
21 59
21 73
21 76
21 89
21 93
21 101
21 105
21 116
21 123
21 126
21 127
21 130
21 131
21 132
21 133
21 140
21 144
21 147
21 151
21 164
21 169
21 179
21 180
21 182
21 183
21 192
21 194
21 198
21 200
21 201
21 202
21 210
22 24
22 45
22 50
22 55
22 57
22 71
22 84
22 88
22 91
22 98
22 102
22 115
22 118
22 125
22 128
22 137
22 142
22 146
22 150
22 162
22 164
22 171
22 184
22 185
22 186
22 189
22 191
22 197
22 207
22 213
22 217
22 218
22 219
22 222
23 32
23 42
23 50
23 51
23 52
23 53
23 54
23 64
23 67
23 70
23 72
23 75
23 86
23 96
23 106
23 112
23 113
23 117
23 125
23 138
23 139
23 144
23 152
23 156
23 163
23 171
23 174
23 183
23 184
23 187
23 191
23 192
23 199
23 211
24 29
24 30
24 33
24 34
24 41
24 44
24 46
24 48
24 50
24 54
24 58
24 64
24 69
24 72
24 74
24 79
24 80
24 87
24 90
24 92
24 98
24 99
24 105
24 106
24 107
24 109
24 112
24 118
24 139
24 142
24 144
24 153
24 162
24 163
24 165
24 166
24 168
24 169
24 170
24 178
24 179
24 181
24 190
24 192
24 194
24 208
24 209
24 212
25 28
25 37
25 38
25 40
25 51
25 54
25 57
25 61
25 63
25 68
25 72
25 75
25 85
25 87
25 91
25 93
25 94
25 99
25 113
25 121
25 124
25 125
25 128
25 132
25 145
25 154
25 155
25 157
25 158
25 163
25 171
25 178
25 182
25 191
25 193
25 194
25 196
25 199
25 207
25 210
25 211
25 218
25 222
26 30
26 32
26 34
26 37
26 42
26 50
26 53
26 54
26 55
26 70
26 72
26 73
26 83
26 89
26 91
26 93
26 95
26 101
26 108
26 112
26 114
26 116
26 118
26 121
26 124
26 131
26 133
26 135
26 141
26 142
26 146
26 147
26 151
26 170
26 172
26 173
26 186
26 188
26 195
26 197
26 200
26 210
26 212
26 218
26 219
26 221
27 32
27 40
27 47
27 65
27 66
27 67
27 73
27 75
27 77
27 80
27 82
27 91
27 95
27 102
27 116
27 118
27 119
27 136
27 147
27 148
27 149
27 151
27 154
27 160
27 163
27 167
27 174
27 177
27 178
27 180
27 183
27 188
27 191
27 192
27 193
27 199
27 200
27 216
28 30
28 33
28 35
28 42
28 47
28 50
28 52
28 59
28 61
28 65
28 66
28 67
28 68
28 74
28 79
28 85
28 87
28 88
28 91
28 95
28 103
28 113
28 114
28 115
28 117
28 118
28 119
28 131
28 133
28 135
28 136
28 145
28 147
28 148
28 159
28 160
28 163
28 165
28 166
28 175
28 176
28 177
28 186
28 188
28 196
28 203
28 207
28 221
28 222
29 34
29 37
29 46
29 47
29 49
29 50
29 51
29 54
29 58
29 60
29 70
29 71
29 74
29 77
29 88
29 92
29 94
29 103
29 106
29 112
29 114
29 118
29 119
29 125
29 128
29 147
29 150
29 156
29 157
29 158
29 160
29 167
29 168
29 169
29 172
29 177
29 178
29 192
29 197
29 203
29 214
29 217
30 35
30 41
30 42
30 44
30 50
30 59
30 66
30 67
30 68
30 85
30 86
30 104
30 112
30 124
30 128
30 133
30 135
30 138
30 140
30 142
30 148
30 149
30 154
30 160
30 167
30 171
30 174
30 186
30 200
30 201
30 211
30 222
31 41
31 48
31 59
31 70
31 80
31 87
31 102
31 111
31 119
31 126
31 154
31 158
31 165
31 173
31 180
31 181
31 182
31 188
31 189
31 194
31 195
31 214
32 35
32 37
32 38
32 39
32 43
32 48
32 56
32 63
32 68
32 69
32 81
32 84
32 91
32 93
32 98
32 100
32 102
32 106
32 111
32 116
32 121
32 123
32 124
32 131
32 134
32 141
32 146
32 147
32 150
32 154
32 157
32 163
32 165
32 177
32 188
32 194
32 195
32 206
32 208
32 210
32 213
32 217
32 220
33 34
33 35
33 40
33 44
33 48
33 50
33 52
33 57
33 58
33 62
33 82
33 84
33 88
33 90
33 93
33 95
33 98
33 102
33 106
33 115
33 121
33 123
33 131
33 139
33 141
33 144
33 151
33 155
33 157
33 160
33 161
33 164
33 168
33 173
33 182
33 185
33 194
33 199
33 207
33 210
33 215
33 218
33 221
34 39
34 42
34 50
34 56
34 58
34 59
34 64
34 67
34 68
34 71
34 76
34 82
34 83
34 94
34 99
34 115
34 116
34 117
34 118
34 130
34 143
34 147
34 151
34 164
34 168
34 175
34 176
34 184
34 190
34 192
34 194
34 208
34 217
34 222
35 39
35 42
35 46
35 58
35 72
35 74
35 80
35 83
35 87
35 89
35 93
35 94
35 100
35 102
35 118
35 122
35 135
35 137
35 138
35 140
35 141
35 146
35 155
35 162
35 167
35 189
35 196
35 201
35 209
35 213
35 215
35 221
36 43
36 45
36 46
36 52
36 56
36 57
36 60
36 63
36 71
36 89
36 90
36 95
36 98
36 101
36 109
36 111
36 125
36 127
36 140
36 146
36 148
36 164
36 168
36 177
36 181
36 187
36 189
36 192
36 199
36 200
36 207
36 208
36 212
36 213
37 40
37 43
37 52
37 53
37 54
37 58
37 59
37 60
37 62
37 64
37 69
37 72
37 79
37 85
37 102
37 106
37 109
37 119
37 120
37 125
37 138
37 146
37 155
37 165
37 176
37 177
37 181
37 183
37 185
37 203
37 204
37 206
37 210
37 212
37 215
37 220
38 39
38 40
38 57
38 59
38 61
38 66
38 71
38 83
38 96
38 107
38 111
38 112
38 117
38 119
38 122
38 124
38 126
38 133
38 139
38 147
38 150
38 157
38 163
38 180
38 185
38 186
38 195
38 198
38 205
38 207
38 215
38 216
39 41
39 47
39 56
39 57
39 66
39 71
39 85
39 92
39 97
39 99
39 110
39 111
39 115
39 117
39 118
39 119
39 130
39 138
39 146
39 151
39 152
39 154
39 155
39 172
39 191
39 198
39 204
39 206
39 214
39 220
40 43
40 46
40 47
40 49
40 50
40 58
40 63
40 64
40 71
40 82
40 90
40 98
40 105
40 107
40 111
40 125
40 126
40 128
40 129
40 131
40 136
40 137
40 138
40 140
40 146
40 148
40 150
40 157
40 163
40 164
40 169
40 191
40 193
40 202
40 203
41 44
41 45
41 59
41 62
41 65
41 70
41 72
41 75
41 76
41 81
41 84
41 86
41 88
41 91
41 106
41 110
41 111
41 130
41 136
41 139
41 143
41 146
41 156
41 166
41 172
41 179
41 180
41 181
41 182
41 183
41 184
41 194
41 197
41 201
41 207
41 209
41 212
41 216
41 218
41 220
42 45
42 48
42 51
42 52
42 55
42 62
42 64
42 71
42 77
42 79
42 80
42 84
42 86
42 97
42 101
42 106
42 108
42 119
42 127
42 130
42 137
42 139
42 142
42 144
42 147
42 152
42 153
42 155
42 157
42 161
42 168
42 170
42 171
42 175
42 176
42 179
42 180
42 184
42 201
42 212
42 213
42 217
42 219
43 44
43 46
43 49
43 68
43 72
43 74
43 83
43 90
43 92
43 94
43 99
43 105
43 111
43 120
43 126
43 128
43 133
43 134
43 138
43 140
43 141
43 149
43 162
43 163
43 169
43 170
43 175
43 188
43 192
43 193
43 197
43 198
43 199
43 200
43 201
43 204
43 205
43 206
43 214
43 215
43 216
43 219
43 221
43 222
44 49
44 50
44 52
44 57
44 63
44 68
44 73
44 77
44 80
44 83
44 87
44 89
44 91
44 92
44 96
44 98
44 99
44 100
44 106
44 108
44 119
44 130
44 132
44 134
44 135
44 139
44 143
44 144
44 146
44 157
44 169
44 171
44 172
44 174
44 175
44 184
44 191
44 197
44 199
44 206
44 207
44 218
44 220
44 221
45 47
45 49
45 53
45 55
45 56
45 57
45 60
45 62
45 64
45 68
45 69
45 75
45 83
45 94
45 95
45 96
45 102
45 105
45 107
45 112
45 114
45 119
45 124
45 125
45 133
45 136
45 147
45 158
45 161
45 171
45 174
45 175
45 177
45 183
45 187
45 188
45 193
45 202
45 210
45 216
46 49
46 50
46 53
46 54
46 57
46 58
46 61
46 76
46 77
46 82
46 86
46 93
46 94
46 96
46 97
46 103
46 110
46 114
46 130
46 133
46 138
46 144
46 146
46 150
46 157
46 164
46 165
46 170
46 172
46 177
46 192
46 198
46 205
46 208
46 211
46 212
46 215
46 221
47 51
47 59
47 65
47 79
47 88
47 98
47 103
47 112
47 114
47 120
47 130
47 132
47 135
47 140
47 147
47 149
47 154
47 172
47 173
47 176
47 178
47 183
47 185
47 190
47 196
47 199
47 200
47 202
47 205
47 207
47 208
47 209
47 211
47 213
48 52
48 58
48 59
48 60
48 65
48 69
48 87
48 93
48 94
48 95
48 98
48 107
48 109
48 111
48 117
48 125
48 129
48 130
48 136
48 145
48 147
48 150
48 155
48 169
48 173
48 181
48 185
48 191
48 194
48 195
48 197
48 202
48 209
48 210
48 213
48 214
48 216
48 217
48 219
49 53
49 54
49 57
49 59
49 68
49 70
49 78
49 79
49 83
49 86
49 94
49 112
49 113
49 117
49 129
49 131
49 134
49 139
49 145
49 149
49 164
49 166
49 168
49 183
49 192
49 205
49 206
49 208
49 213
49 218
50 51
50 56
50 57
50 64
50 69
50 70
50 75
50 79
50 83
50 90
50 96
50 97
50 103
50 107
50 116
50 123
50 125
50 127
50 128
50 129
50 132
50 134
50 135
50 141
50 147
50 152
50 162
50 163
50 179
50 185
50 187
50 202
50 207
50 215
50 220
51 56
51 57
51 58
51 78
51 81
51 86
51 89
51 94
51 95
51 101
51 102
51 103
51 104
51 106
51 111
51 115
51 120
51 122
51 124
51 126
51 133
51 134
51 142
51 146
51 152
51 155
51 156
51 161
51 166
51 168
51 170
51 175
51 178
51 185
51 189
51 199
51 210
52 53
52 57
52 62
52 65
52 67
52 76
52 77
52 79
52 80
52 86
52 87
52 89
52 96
52 102
52 111
52 112
52 115
52 116
52 120
52 122
52 125
52 130
52 137
52 140
52 143
52 151
52 152
52 154
52 162
52 172
52 175
52 178
52 182
52 200
52 207
52 216
52 217
52 221
52 222
53 55
53 61
53 63
53 78
53 82
53 90
53 93
53 95
53 96
53 98
53 102
53 107
53 117
53 118
53 124
53 134
53 138
53 141
53 162
53 166
53 175
53 185
53 187
53 191
53 193
53 194
53 205
53 213
53 218
53 222
54 64
54 65
54 67
54 74
54 78
54 79
54 81
54 89
54 112
54 124
54 126
54 146
54 152
54 154
54 160
54 165
54 170
54 185
54 188
54 189
54 190
54 193
54 195
54 198
54 201
54 216
54 219
54 221
55 57
55 61
55 62
55 65
55 84
55 85
55 86
55 95
55 96
55 98
55 104
55 108
55 110
55 112
55 123
55 128
55 130
55 135
55 137
55 142
55 146
55 151
55 157
55 167
55 174
55 176
55 177
55 194
55 198
55 201
55 207
55 211
55 218
55 221
55 222
56 59
56 61
56 66
56 74
56 89
56 93
56 97
56 105
56 107
56 115
56 116
56 124
56 126
56 132
56 135
56 139
56 141
56 147
56 150
56 164
56 175
56 177
56 179
56 180
56 185
56 186
56 190
56 203
56 206
56 207
56 221
57 60
57 64
57 66
57 72
57 79
57 80
57 81
57 87
57 88
57 89
57 95
57 97
57 99
57 100
57 109
57 112
57 119
57 121
57 125
57 133
57 134
57 141
57 146
57 151
57 156
57 160
57 165
57 167
57 170
57 178
57 209
57 220
58 60
58 74
58 81
58 83
58 99
58 100
58 101
58 108
58 117
58 120
58 125
58 128
58 137
58 139
58 140
58 141
58 142
58 150
58 152
58 154
58 163
58 169
58 171
58 183
58 193
58 194
58 199
58 212
58 213
58 220
58 222
59 61
59 62
59 64
59 74
59 77
59 80
59 92
59 93
59 99
59 108
59 118
59 127
59 129
59 134
59 140
59 142
59 150
59 152
59 155
59 156
59 159
59 161
59 163
59 168
59 179
59 182
59 185
59 188
59 191
59 192
59 196
59 203
59 206
59 214
59 217
60 66
60 67
60 68
60 78
60 80
60 85
60 92
60 94
60 98
60 105
60 118
60 123
60 127
60 139
60 141
60 146
60 149
60 151
60 155
60 164
60 169
60 175
60 192
60 196
60 202
60 213
60 214
60 218
61 84
61 87
61 88
61 99
61 104
61 109
61 112
61 113
61 115
61 117
61 125
61 127
61 130
61 133
61 134
61 135
61 138
61 139
61 148
61 150
61 159
61 163
61 171
61 175
61 187
61 188
61 199
61 202
61 203
61 206
61 207
61 216
62 71
62 72
62 78
62 84
62 88
62 91
62 92
62 94
62 96
62 104
62 111
62 112
62 113
62 117
62 126
62 135
62 142
62 146
62 152
62 164
62 171
62 174
62 181
62 185
62 186
62 189
62 194
62 201
62 202
62 205
62 209
62 210
62 213
62 216
62 219
62 222
63 64
63 65
63 70
63 71
63 75
63 81
63 90
63 91
63 92
63 96
63 97
63 98
63 101
63 106
63 109
63 110
63 115
63 120
63 127
63 137
63 140
63 143
63 148
63 149
63 154
63 155
63 158
63 159
63 161
63 163
63 165
63 168
63 176
63 177
63 182
63 185
63 187
63 189
63 192
63 194
63 204
63 211
63 215
63 216
63 217
63 219
64 66
64 68
64 69
64 71
64 72
64 78
64 82
64 83
64 86
64 90
64 101
64 102
64 105
64 106
64 111
64 115
64 121
64 130
64 133
64 135
64 136
64 138
64 149
64 157
64 158
64 164
64 176
64 178
64 180
64 184
64 188
64 192
64 196
64 211
65 70
65 73
65 74
65 78
65 80
65 82
65 87
65 95
65 97
65 100
65 103
65 106
65 113
65 119
65 126
65 127
65 133
65 134
65 136
65 137
65 142
65 145
65 152
65 153
65 164
65 165
65 170
65 172
65 177
65 197
65 199
65 210
66 67
66 75
66 80
66 81
66 86
66 88
66 92
66 104
66 108
66 110
66 114
66 125
66 126
66 132
66 145
66 149
66 151
66 163
66 168
66 172
66 182
66 189
66 201
66 204
66 211
66 213
66 214
67 72
67 73
67 83
67 84
67 93
67 95
67 96
67 101
67 103
67 114
67 116
67 123
67 124
67 133
67 137
67 141
67 149
67 152
67 153
67 155
67 156
67 158
67 159
67 188
67 192
67 196
67 198
67 199
67 203
67 204
67 222
68 69
68 72
68 79
68 80
68 83
68 84
68 91
68 92
68 99
68 110
68 112
68 134
68 135
68 141
68 150
68 152
68 157
68 165
68 174
68 178
68 179
68 180
68 182
68 191
68 199
68 200
68 206
68 207
68 213
68 214
68 216
68 220
69 70
69 74
69 77
69 79
69 81
69 85
69 86
69 87
69 88
69 91
69 93
69 100
69 104
69 106
69 107
69 116
69 118
69 120
69 122
69 127
69 131
69 139
69 140
69 142
69 158
69 164
69 166
69 169
69 171
69 181
69 182
69 192
69 201
69 203
69 214
70 71
70 77
70 80
70 86
70 87
70 94
70 100
70 117
70 123
70 124
70 125
70 127
70 130
70 141
70 143
70 148
70 153
70 162
70 174
70 176
70 179
70 182
70 185
70 192
70 194
70 200
70 203
70 207
70 210
70 214
70 215
70 220
71 86
71 96
71 100
71 104
71 106
71 109
71 113
71 119
71 126
71 138
71 146
71 157
71 169
71 175
71 176
71 181
71 186
71 202
71 204
71 212
71 217
71 222
72 76
72 77
72 82
72 88
72 94
72 107
72 120
72 128
72 136
72 140
72 152
72 170
72 172
72 176
72 179
72 186
72 188
72 213
72 216
72 218
72 219
72 222
73 83
73 84
73 85
73 95
73 98
73 99
73 109
73 117
73 125
73 133
73 137
73 139
73 141
73 148
73 149
73 157
73 168
73 172
73 173
73 174
73 177
73 178
73 179
73 195
73 197
73 205
73 211
73 214
74 75
74 77
74 78
74 83
74 97
74 106
74 109
74 111
74 112
74 119
74 124
74 131
74 136
74 138
74 139
74 142
74 143
74 146
74 161
74 167
74 168
74 171
74 174
74 175
74 181
74 187
74 188
74 189
74 193
74 194
74 204
74 206
74 219
74 221
74 222
75 77
75 82
75 85
75 87
75 99
75 107
75 113
75 118
75 125
75 126
75 133
75 137
75 138
75 140
75 146
75 151
75 154
75 160
75 163
75 171
75 176
75 181
75 182
75 184
75 187
75 189
75 197
75 200
75 202
75 209
75 212
75 220
75 222
76 86
76 89
76 90
76 95
76 98
76 101
76 104
76 107
76 108
76 110
76 112
76 114
76 120
76 131
76 134
76 144
76 151
76 152
76 153
76 155
76 158
76 162
76 163
76 167
76 176
76 178
76 185
76 188
76 194
76 195
76 209
77 78
77 83
77 87
77 88
77 91
77 92
77 95
77 98
77 101
77 103
77 106
77 112
77 118
77 125
77 129
77 130
77 133
77 134
77 135
77 141
77 145
77 147
77 163
77 176
77 179
77 180
77 185
77 186
77 189
77 197
77 203
77 204
77 205
77 207
77 208
77 218
77 220
78 83
78 96
78 101
78 109
78 114
78 117
78 125
78 131
78 132
78 143
78 146
78 149
78 153
78 155
78 157
78 158
78 160
78 163
78 164
78 171
78 180
78 185
78 186
78 190
78 193
78 195
78 199
78 203
78 209
78 211
78 216
78 217
78 218
79 83
79 96
79 101
79 107
79 111
79 131
79 147
79 149
79 151
79 152
79 153
79 158
79 161
79 163
79 164
79 166
79 168
79 171
79 181
79 192
79 203
79 204
79 206
79 212
79 215
79 218
80 84
80 85
80 91
80 94
80 105
80 107
80 109
80 112
80 117
80 129
80 138
80 149
80 158
80 168
80 173
80 182
80 186
80 187
80 192
80 198
80 200
80 209
80 211
80 212
80 213
80 217
80 222
81 84
81 85
81 94
81 96
81 100
81 113
81 116
81 118
81 120
81 121
81 131
81 132
81 136
81 140
81 149
81 151
81 163
81 169
81 177
81 178
81 182
81 187
81 199
81 201
81 207
81 210
81 216
81 222
82 87
82 89
82 101
82 103
82 105
82 110
82 115
82 127
82 129
82 141
82 144
82 146
82 149
82 154
82 155
82 156
82 170
82 171
82 176
82 179
82 187
82 190
82 196
82 199
82 205
82 207
83 87
83 103
83 106
83 113
83 119
83 121
83 127
83 128
83 131
83 133
83 147
83 152
83 155
83 156
83 160
83 162
83 168
83 169
83 181
83 184
83 189
83 195
83 200
83 201
83 203
83 204
83 205
83 206
83 209
83 213
84 89
84 90
84 95
84 99
84 100
84 107
84 108
84 112
84 113
84 115
84 118
84 119
84 122
84 130
84 131
84 132
84 133
84 135
84 141
84 142
84 144
84 150
84 152
84 153
84 158
84 165
84 166
84 168
84 172
84 174
84 178
84 181
84 194
84 195
84 196
84 200
84 203
84 207
84 213
84 222
85 91
85 92
85 94
85 96
85 101
85 107
85 108
85 111
85 114
85 118
85 123
85 129
85 138
85 142
85 150
85 153
85 162
85 163
85 164
85 165
85 169
85 172
85 185
85 194
85 200
85 202
85 207
85 212
85 214
85 215
85 221
85 222
86 89
86 93
86 102
86 105
86 111
86 112
86 115
86 130
86 131
86 132
86 133
86 143
86 153
86 154
86 155
86 165
86 167
86 168
86 172
86 174
86 177
86 184
86 192
86 197
86 199
86 211
87 89
87 90
87 96
87 101
87 105
87 109
87 112
87 113
87 117
87 118
87 119
87 123
87 124
87 125
87 139
87 148
87 150
87 153
87 158
87 164
87 165
87 168
87 175
87 176
87 182
87 200
87 201
87 211
87 217
87 220
88 106
88 113
88 124
88 125
88 129
88 132
88 137
88 142
88 150
88 155
88 161
88 167
88 169
88 178
88 181
88 183
88 187
88 189
88 198
88 205
88 206
88 208
88 210
88 214
88 217
89 91
89 92
89 98
89 101
89 102
89 109
89 113
89 114
89 116
89 117
89 119
89 126
89 127
89 129
89 132
89 136
89 139
89 140
89 142
89 144
89 157
89 159
89 163
89 178
89 180
89 186
89 205
89 206
89 208
89 209
89 217
90 94
90 95
90 98
90 101
90 106
90 113
90 121
90 123
90 126
90 127
90 135
90 138
90 143
90 144
90 149
90 150
90 161
90 169
90 179
90 199
90 203
90 204
90 206
90 207
90 209
90 216
90 222
91 93
91 100
91 109
91 111
91 116
91 120
91 129
91 131
91 144
91 147
91 150
91 151
91 153
91 155
91 159
91 164
91 168
91 170
91 171
91 177
91 187
91 195
91 198
91 209
91 213
91 215
92 98
92 99
92 101
92 113
92 116
92 121
92 125
92 128
92 129
92 134
92 136
92 140
92 141
92 142
92 149
92 153
92 158
92 163
92 180
92 186
92 188
92 192
92 193
92 202
92 203
92 205
92 206
92 210
93 95
93 102
93 107
93 109
93 121
93 130
93 137
93 140
93 143
93 149
93 152
93 153
93 156
93 157
93 175
93 176
93 186
93 188
93 195
93 196
93 202
93 211
94 96
94 108
94 112
94 117
94 118
94 120
94 125
94 133
94 146
94 148
94 150
94 151
94 153
94 155
94 165
94 170
94 181
94 187
94 189
94 190
94 194
94 199
94 200
94 202
94 207
94 211
94 213
95 98
95 104
95 106
95 110
95 119
95 120
95 128
95 129
95 131
95 133
95 139
95 140
95 148
95 150
95 161
95 162
95 169
95 181
95 185
95 189
95 191
95 193
95 196
95 201
95 203
95 205
95 212
95 218
95 219
96 102
96 104
96 105
96 109
96 110
96 112
96 115
96 117
96 126
96 130
96 135
96 136
96 137
96 141
96 145
96 148
96 156
96 159
96 162
96 167
96 170
96 172
96 173
96 176
96 180
96 187
96 204
96 205
96 207
97 99
97 100
97 103
97 104
97 111
97 113
97 117
97 126
97 130
97 132
97 135
97 141
97 146
97 151
97 152
97 154
97 163
97 166
97 177
97 178
97 189
97 194
97 216
98 113
98 116
98 120
98 124
98 130
98 132
98 144
98 156
98 159
98 163
98 172
98 173
98 185
98 186
98 189
98 212
98 214
98 216
98 217
98 220
99 101
99 103
99 110
99 114
99 131
99 133
99 139
99 140
99 143
99 145
99 148
99 153
99 165
99 172
99 173
99 185
99 186
99 188
99 190
99 191
99 194
99 207
99 208
99 220
100 105
100 106
100 115
100 124
100 125
100 127
100 136
100 153
100 154
100 170
100 172
100 173
100 174
100 177
100 182
100 184
100 185
100 189
100 198
100 199
100 218
101 106
101 121
101 126
101 129
101 133
101 140
101 148
101 149
101 151
101 161
101 162
101 163
101 165
101 168
101 176
101 187
101 194
101 196
101 199
101 201
101 205
101 211
102 103
102 108
102 115
102 118
102 120
102 121
102 127
102 134
102 136
102 139
102 143
102 144
102 150
102 152
102 155
102 158
102 166
102 169
102 174
102 181
102 183
102 184
102 186
102 189
102 191
102 196
102 206
102 212
102 217
102 221
102 222
103 113
103 121
103 134
103 135
103 140
103 146
103 160
103 177
103 181
103 193
103 202
103 214
103 219
103 220
104 107
104 110
104 116
104 122
104 124
104 126
104 133
104 140
104 144
104 146
104 149
104 151
104 156
104 157
104 164
104 166
104 171
104 173
104 174
104 175
104 178
104 183
104 185
104 190
104 193
104 194
104 211
104 212
104 217
105 111
105 123
105 124
105 130
105 133
105 144
105 145
105 148
105 151
105 155
105 161
105 163
105 169
105 172
105 181
105 195
105 198
105 210
105 211
105 219
105 220
106 108
106 110
106 111
106 113
106 115
106 119
106 121
106 122
106 125
106 127
106 135
106 137
106 145
106 152
106 160
106 162
106 166
106 169
106 171
106 174
106 189
106 195
106 201
106 209
106 218
106 219
106 220
107 116
107 117
107 120
107 123
107 126
107 134
107 138
107 141
107 146
107 154
107 155
107 158
107 175
107 176
107 190
107 193
107 198
107 200
107 203
107 210
107 211
107 213
107 218
107 221
108 117
108 119
108 126
108 128
108 140
108 141
108 144
108 149
108 153
108 155
108 160
108 161
108 165
108 170
108 182
108 186
108 189
108 197
108 199
108 200
108 201
108 202
109 120
109 123
109 125
109 131
109 144
109 153
109 161
109 166
109 168
109 172
109 183
109 184
109 185
109 191
109 201
109 207
110 112
110 117
110 121
110 126
110 128
110 130
110 133
110 141
110 147
110 150
110 153
110 154
110 167
110 174
110 176
110 190
110 205
110 213
110 216
111 122
111 124
111 129
111 133
111 134
111 135
111 140
111 141
111 147
111 149
111 150
111 153
111 154
111 155
111 156
111 159
111 163
111 175
111 182
111 203
111 204
111 205
111 206
111 207
111 211
111 213
111 215
111 217
111 219
111 221
111 222
112 114
112 116
112 120
112 126
112 127
112 128
112 130
112 133
112 134
112 138
112 141
112 144
112 148
112 150
112 164
112 186
112 191
112 198
112 199
112 202
112 211
112 217
112 222
113 115
113 118
113 123
113 124
113 128
113 134
113 137
113 139
113 144
113 148
113 150
113 151
113 156
113 161
113 163
113 172
113 178
113 194
113 195
113 211
113 214
114 120
114 121
114 122
114 124
114 125
114 128
114 131
114 142
114 150
114 151
114 156
114 158
114 161
114 162
114 166
114 168
114 171
114 173
114 174
114 188
114 190
114 193
114 194
114 196
114 204
114 217
115 116
115 122
115 124
115 129
115 132
115 141
115 144
115 151
115 154
115 156
115 158
115 159
115 166
115 184
115 187
115 188
115 193
115 198
115 213
115 214
115 216
115 218
115 219
115 222
116 117
116 120
116 126
116 128
116 129
116 130
116 133
116 136
116 139
116 145
116 152
116 154
116 162
116 164
116 165
116 167
116 169
116 170
116 171
116 172
116 174
116 175
116 181
116 182
116 185
116 186
116 192
116 195
116 199
116 205
116 208
116 209
116 215
117 124
117 128
117 144
117 149
117 160
117 167
117 175
117 179
117 188
117 194
117 199
117 201
117 215
117 220
118 126
118 140
118 144
118 146
118 154
118 155
118 156
118 167
118 172
118 176
118 178
118 181
118 182
118 192
118 202
118 203
118 204
118 205
118 210
118 213
118 214
118 215
118 221
118 222
119 123
119 126
119 127
119 134
119 136
119 137
119 140
119 144
119 147
119 152
119 165
119 176
119 178
119 181
119 183
119 184
119 189
119 193
119 207
119 218
119 219
120 126
120 129
120 148
120 151
120 155
120 158
120 160
120 162
120 164
120 167
120 169
120 189
120 205
120 206
120 207
120 212
120 214
120 216
120 217
121 127
121 129
121 130
121 137
121 154
121 156
121 167
121 168
121 171
121 188
121 189
121 191
121 192
121 214
121 220
122 137
122 143
122 150
122 156
122 162
122 163
122 175
122 176
122 179
122 183
122 192
122 199
122 202
122 213
122 221
123 125
123 126
123 129
123 134
123 136
123 137
123 143
123 144
123 145
123 154
123 161
123 167
123 174
123 180
123 185
123 186
123 191
123 198
123 203
124 128
124 134
124 143
124 154
124 156
124 161
124 165
124 166
124 168
124 169
124 176
124 177
124 178
124 187
124 189
124 191
124 192
124 197
124 199
124 203
124 213
125 126
125 127
125 131
125 132
125 140
125 142
125 144
125 146
125 162
125 165
125 170
125 176
125 177
125 183
125 184
125 185
125 191
125 206
125 210
125 216
125 217
125 220
126 132
126 135
126 136
126 138
126 142
126 145
126 153
126 171
126 190
126 191
126 199
126 203
126 208
126 209
126 213
126 218
126 219
126 222
127 131
127 133
127 134
127 141
127 143
127 144
127 145
127 151
127 156
127 157
127 174
127 175
127 185
127 186
127 199
127 200
127 209
127 216
127 219
128 130
128 132
128 133
128 145
128 150
128 152
128 156
128 160
128 172
128 175
128 187
128 189
128 198
128 213
128 215
128 222
129 132
129 134
129 141
129 142
129 145
129 148
129 157
129 161
129 163
129 169
129 172
129 175
129 191
129 192
129 193
129 198
129 199
129 201
129 203
129 207
129 208
129 210
129 217
129 218
129 220
130 134
130 136
130 138
130 140
130 143
130 144
130 146
130 148
130 155
130 159
130 163
130 167
130 168
130 171
130 172
130 175
130 176
130 181
130 184
130 186
130 195
130 196
130 198
130 200
130 201
130 203
130 204
130 206
131 133
131 150
131 153
131 157
131 160
131 166
131 167
131 171
131 172
131 181
131 182
131 184
131 188
131 189
131 194
131 205
131 209
131 212
131 217
131 218
131 219
131 220
132 134
132 149
132 154
132 162
132 167
132 170
132 187
132 194
132 195
132 197
132 198
132 200
133 139
133 142
133 143
133 152
133 160
133 172
133 173
133 181
133 186
133 202
133 213
134 137
134 149
134 154
134 160
134 166
134 167
134 168
134 171
134 173
134 185
134 186
134 190
134 195
134 201
134 213
134 214
134 221
135 150
135 155
135 156
135 161
135 174
135 186
135 191
135 192
135 194
135 195
135 199
135 210
135 214
136 149
136 163
136 167
136 175
136 180
136 182
136 186
136 193
136 197
136 200
136 202
136 220
136 222
137 143
137 147
137 149
137 151
137 152
137 172
137 176
137 178
137 181
137 188
137 191
137 207
137 216
138 142
138 144
138 146
138 147
138 152
138 156
138 162
138 165
138 167
138 199
138 201
138 209
138 211
138 218
138 220
139 147
139 148
139 149
139 160
139 162
139 167
139 174
139 178
139 185
139 187
139 193
139 200
139 222
140 152
140 157
140 158
140 163
140 169
140 176
140 177
140 179
140 184
140 195
140 198
140 203
140 205
140 213
140 218
140 221
141 142
141 154
141 155
141 165
141 170
141 173
141 176
141 179
141 180
141 181
141 190
141 200
141 218
142 152
142 156
142 157
142 164
142 166
142 170
142 175
142 200
142 202
142 204
142 205
142 217
142 219
143 145
143 162
143 164
143 181
143 183
143 194
143 195
143 198
143 199
143 200
143 201
143 214
143 219
144 145
144 146
144 148
144 153
144 156
144 161
144 167
144 168
144 171
144 178
144 180
144 182
144 195
144 198
144 199
144 207
144 217
145 162
145 163
145 165
145 175
145 182
145 183
145 187
145 193
145 197
145 200
145 201
145 215
146 151
146 153
146 157
146 177
146 198
146 205
146 207
146 210
146 213
146 214
146 220
147 154
147 162
147 163
147 165
147 169
147 170
147 175
147 180
147 183
147 189
147 190
147 193
147 201
147 209
147 212
147 214
148 150
148 152
148 160
148 165
148 167
148 168
148 171
148 175
148 177
148 179
148 181
148 182
148 185
148 186
148 190
148 191
148 199
148 214
148 221
149 150
149 153
149 156
149 168
149 169
149 174
149 186
149 188
149 198
149 200
149 203
149 205
149 212
149 216
149 219
150 152
150 156
150 159
150 160
150 177
150 180
150 183
150 189
150 197
150 203
150 209
150 217
150 219
151 154
151 166
151 183
151 185
151 188
151 189
151 193
151 198
151 200
151 219
151 222
152 157
152 158
152 166
152 174
152 178
152 187
152 194
152 201
152 220
153 156
153 157
153 158
153 159
153 168
153 171
153 173
153 175
153 177
153 179
153 180
153 183
153 184
153 192
153 197
153 212
153 215
153 216
153 217
154 155
154 162
154 165
154 169
154 176
154 178
154 180
154 185
154 186
154 192
154 201
154 207
154 210
154 211
154 215
154 217
154 220
155 161
155 166
155 185
155 204
155 211
155 215
155 216
155 217
155 218
156 157
156 161
156 171
156 172
156 188
156 193
156 198
156 206
156 209
156 214
156 221
157 159
157 162
157 167
157 169
157 176
157 177
157 181
157 188
157 192
157 195
157 196
157 198
157 212
158 159
158 167
158 171
158 173
158 174
158 176
158 181
158 189
158 202
158 206
159 162
159 163
159 165
159 168
159 169
159 171
159 172
159 173
159 178
159 188
159 191
159 192
159 198
159 218
159 219
160 163
160 164
160 165
160 169
160 173
160 175
160 182
160 187
160 188
160 192
160 196
160 202
160 203
160 206
160 210
160 214
160 215
160 216
160 217
161 162
161 163
161 176
161 178
161 181
161 185
161 196
161 198
161 199
161 204
161 205
162 163
162 178
162 179
162 184
162 187
162 192
162 200
162 201
162 203
162 204
162 205
162 207
162 222
163 168
163 175
163 188
163 193
163 194
163 195
163 205
163 209
163 213
163 215
163 216
164 172
164 174
164 176
164 179
164 181
164 182
164 196
164 199
164 204
164 207
164 214
164 222
165 167
165 169
165 170
165 171
165 175
165 178
165 179
165 182
165 192
165 199
165 200
165 203
165 205
165 211
165 212
165 214
165 219
165 221
166 167
166 170
166 177
166 183
166 185
166 194
166 196
166 199
166 203
166 205
166 207
166 218
167 186
167 191
167 203
167 208
167 212
167 217
168 170
168 171
168 175
168 178
168 195
168 197
168 207
168 222
169 170
169 171
169 176
169 178
169 180
169 188
169 190
169 193
169 195
169 196
169 198
169 199
169 202
169 203
169 205
169 212
169 220
169 222
170 179
170 186
170 188
170 189
170 194
170 196
170 206
170 216
170 220
171 183
171 194
171 198
171 206
171 218
171 220
172 175
172 177
172 180
172 186
172 188
172 194
172 197
172 200
172 203
172 205
172 210
172 219
173 179
173 180
173 191
173 212
173 213
173 214
173 220
173 221
173 222
174 177
174 178
174 188
174 200
175 181
175 186
175 194
175 204
175 205
175 206
175 207
175 220
175 222
176 177
176 189
176 217
177 183
177 191
177 192
177 195
177 198
177 199
177 205
177 206
177 215
177 216
177 221
178 185
178 188
178 193
178 194
178 196
178 204
178 206
178 209
178 214
178 220
179 182
179 195
179 197
179 205
179 206
179 209
179 210
179 212
180 181
180 184
180 193
180 196
180 198
180 200
180 202
180 203
180 207
180 209
180 212
180 213
180 216
180 221
181 185
181 187
181 197
181 200
181 202
181 209
181 211
181 214
181 218
182 184
182 197
182 200
182 204
182 208
182 209
182 210
182 213
182 216
182 217
182 220
183 194
183 197
183 210
183 219
183 220
183 221
184 187
184 189
184 190
184 191
184 194
184 207
184 220
185 188
185 196
185 200
185 201
185 204
185 206
185 208
185 209
185 215
186 190
186 193
186 197
186 201
186 204
186 206
186 217
187 196
187 198
187 214
187 215
187 222
188 190
188 195
188 196
188 197
188 202
188 219
188 220
189 193
189 194
189 196
189 199
189 213
189 221
189 222
190 191
190 199
190 205
190 208
190 211
190 219
191 192
191 206
191 217
192 195
192 196
192 197
192 201
192 202
192 213
192 214
192 216
192 217
193 197
193 201
193 202
193 209
193 211
193 213
193 219
193 221
194 201
194 205
194 209
194 210
194 220
195 198
195 202
195 205
195 209
195 214
195 217
196 207
196 216
196 219
196 221
197 201
197 205
197 206
197 212
197 214
197 222
198 205
198 206
198 215
198 217
199 210
199 221
200 207
200 210
200 220
201 202
201 210
201 213
201 220
201 221
202 209
202 221
204 207
204 212
204 219
204 221
205 209
205 210
205 216
205 219
205 222
206 207
206 209
206 211
206 212
207 208
207 209
207 211
207 212
207 213
207 215
209 213
209 217
209 220
210 213
210 220
211 215
211 217
211 219
211 221
211 222
213 219
214 215
214 216
216 217
216 219
216 220
217 222
218 222
