0 2157
0 14
0 2463
0 1936
1 14
1 304
1 132
1 571
2 2438
2 2257
2 1082
2 2046
3 2228
3 898
3 140
3 1118
4 1024
4 166
4 12
4 1967
5 2138
5 457
5 130
5 1228
6 1459
6 909
6 1427
6 853
7 147
7 336
7 931
7 172
8 2324
8 2071
8 705
8 2471
9 1809
9 155
9 1094
9 1003
10 320
10 1113
10 2075
10 19
11 2326
11 2380
11 2494
11 2037
12 1351
12 1111
12 1836
13 926
13 1775
13 2392
13 959
14 1436
14 686
15 1774
15 1822
15 892
15 463
16 345
16 238
16 1419
16 2145
17 118
17 1402
17 572
17 1670
18 551
18 2458
18 576
18 997
19 1565
19 2199
19 1944
20 453
20 1353
20 976
20 2020
21 1101
21 579
21 2059
21 945
22 746
22 875
22 753
22 445
23 776
23 72
23 1248
23 2021
24 1599
24 1381
24 1922
24 2409
25 781
25 1755
25 923
25 1050
26 1816
26 2313
26 1984
26 366
27 467
27 441
27 1311
27 1236
28 2397
28 2467
28 654
28 460
29 1988
29 2377
29 276
29 103
30 1023
30 455
30 1299
30 1191
31 2352
31 41
31 1751
31 2496
32 753
32 918
32 1892
32 889
33 1848
33 1534
33 229
33 1183
34 1935
34 1435
34 561
34 1763
35 768
35 1122
35 2285
35 2381
36 1567
36 1061
36 1102
36 1480
37 1612
37 817
37 1890
37 460
38 540
38 82
38 693
38 2162
39 484
39 1962
39 109
39 1910
40 752
40 1149
40 482
40 1134
41 560
41 1540
41 1472
42 440
42 871
42 1395
42 1750
43 495
43 704
43 2318
43 269
44 2136
44 149
44 2400
44 1462
45 1653
45 2371
45 1889
45 920
46 2231
46 2156
46 1915
46 2007
47 1326
47 1554
47 960
47 163
48 1846
48 279
48 1814
48 2149
49 1365
49 1474
49 673
49 1271
50 559
50 2479
50 960
50 102
51 2190
51 1884
51 554
51 922
52 1294
52 233
52 369
52 2110
53 2122
53 1361
53 1147
53 1093
54 869
54 1632
54 318
54 995
55 250
55 1712
55 2204
55 655
56 2494
56 1759
56 1799
56 360
57 1536
57 231
57 1137
57 754
58 1393
58 539
58 470
58 395
59 650
59 1879
59 2052
59 1670
60 2441
60 2381
60 1690
60 93
61 2278
61 1460
61 1475
61 1169
62 2003
62 958
62 441
62 1859
63 2274
63 1441
63 1201
63 1013
64 299
64 1550
64 349
64 2228
65 1745
65 392
65 260
65 2246
66 305
66 1763
66 1655
66 93
67 2415
67 1455
67 1637
67 818
68 217
68 732
68 288
68 1315
69 1573
69 2429
69 1668
69 1599
70 630
70 124
70 222
70 752
71 2121
71 1240
71 1393
71 1758
72 1111
72 309
72 1025
73 1885
73 1249
73 1626
73 1188
74 1673
74 307
74 984
74 896
75 786
75 2024
75 761
75 334
76 311
76 2234
76 440
76 1359
77 2226
77 1425
77 1335
77 1139
78 2334
78 1850
78 2213
78 1099
79 1091
79 226
79 1682
79 2413
80 1120
80 903
80 1397
80 2126
81 1273
81 83
81 2348
81 2264
82 1725
82 2038
82 1154
83 2491
83 764
83 1195
84 696
84 1008
84 1052
84 1952
85 2026
85 2302
85 447
85 141
86 1350
86 1765
86 2028
86 970
87 1422
87 1986
87 1168
87 1293
88 1176
88 1664
88 236
88 626
89 179
89 1523
89 1593
89 1082
90 1506
90 183
90 727
90 95
91 1895
91 352
91 2133
91 1747
92 1065
92 1587
92 540
92 348
93 428
93 1837
94 1673
94 471
94 2007
94 313
95 2119
95 2187
95 105
96 2173
96 1174
96 1710
96 722
97 1402
97 654
97 768
97 1735
98 1975
98 2321
98 1159
98 1631
99 656
99 1940
99 2422
99 864
100 2395
100 1826
100 1331
100 155
101 786
101 651
101 2078
101 2053
102 1600
102 487
102 2127
103 1706
103 553
103 929
104 643
104 911
104 832
104 1212
105 1255
105 1204
105 2352
106 1279
106 1144
106 2067
106 808
107 796
107 809
107 265
107 557
108 336
108 1059
108 922
108 928
109 716
109 1187
109 572
110 232
110 124
110 1384
110 2125
111 881
111 1426
111 814
111 1523
112 544
112 521
112 514
112 1932
113 122
113 2458
113 2262
113 1938
114 1487
114 1000
114 2212
114 1721
115 977
115 470
115 178
115 2208
116 2303
116 1594
116 120
116 966
117 1125
117 698
117 1726
117 2209
118 1648
118 1949
118 1950
119 242
119 1002
119 552
119 1546
120 2368
120 810
120 2043
121 366
121 1023
121 702
121 2353
122 1659
122 2240
122 317
123 748
123 1213
123 1144
123 2144
124 1046
124 2275
125 1437
125 2032
125 911
125 596
126 742
126 1239
126 973
126 1989
127 942
127 1870
127 878
127 1535
128 197
128 738
128 463
128 1489
129 2174
129 1799
129 186
129 345
130 482
130 1990
130 2488
131 780
131 1373
131 2116
131 866
132 746
132 1434
132 1768
133 1283
133 959
133 203
133 1256
134 1081
134 2043
134 851
134 301
135 930
135 1594
135 547
135 614
136 763
136 189
136 428
136 1719
137 2151
137 1404
137 1339
137 1501
138 1973
138 1284
138 420
138 525
139 785
139 1809
139 237
139 421
140 912
140 1479
140 1256
141 289
141 2258
141 819
142 2207
142 2127
142 1997
142 2363
143 846
143 1697
143 2237
143 393
144 1250
144 2404
144 1668
144 1107
145 1088
145 1357
145 312
145 1454
146 730
146 864
146 1778
146 2262
147 671
147 165
147 1025
148 1366
148 2243
148 1406
148 477
149 1163
149 2139
149 542
150 1997
150 1726
150 2405
150 406
151 798
151 241
151 859
151 1454
152 1645
152 1044
152 428
152 1105
153 1384
153 1232
153 688
153 1757
154 1793
154 1420
154 667
154 238
155 800
155 635
156 569
156 2006
156 169
156 782
157 2118
157 1238
157 1246
157 352
158 2092
158 164
158 1074
158 1056
159 1683
159 2393
159 1148
159 406
160 274
160 1329
160 1859
160 161
161 1175
161 1346
161 536
162 500
162 1091
162 1528
162 1020
163 2372
163 1362
163 2273
164 2439
164 1667
164 997
165 1783
165 1712
165 2307
166 1254
166 704
166 1733
167 1652
167 2498
167 1731
167 1853
168 1604
168 1793
168 2200
168 1201
169 2321
169 1775
169 2010
170 2336
170 1760
170 2316
170 2112
171 1171
171 533
171 2388
171 1369
172 2073
172 2238
172 1466
173 1458
173 461
173 462
173 1933
174 359
174 2442
174 2426
174 1240
175 2193
175 1921
175 2281
175 1603
176 2255
176 2413
176 1181
176 1042
177 286
177 2261
177 337
177 1997
178 405
178 1654
178 285
179 2026
179 2250
179 2338
180 1975
180 1102
180 594
180 650
181 268
181 2225
181 2482
181 846
182 1905
182 1439
182 437
182 1732
183 2071
183 1738
183 1676
184 1339
184 2345
184 976
184 441
185 316
185 2222
185 1606
185 2081
186 1971
186 211
186 2469
187 2137
187 1917
187 425
187 1353
188 2004
188 576
188 1370
188 1648
189 2214
189 575
189 1495
190 884
190 1734
190 1965
190 1866
191 784
191 1349
191 472
191 1542
192 311
192 2407
192 2141
192 2200
193 2115
193 295
193 2315
193 743
194 1262
194 2486
194 1224
194 1589
195 1711
195 519
195 391
195 1851
196 1182
196 1359
196 2291
196 1353
197 1435
197 924
197 2078
198 1030
198 1898
198 2316
198 1505
199 262
199 497
199 974
199 2427
200 1893
200 1881
200 701
200 1552
201 935
201 2111
201 242
201 1565
202 2487
202 2218
202 963
202 892
203 1644
203 576
203 1796
204 1983
204 1298
204 1638
204 1553
205 470
205 331
205 2299
205 2143
206 2257
206 2355
206 322
206 591
207 1302
207 1477
207 1657
207 1243
208 2472
208 1180
208 2077
208 901
209 1146
209 583
209 501
209 916
210 1768
210 1929
210 435
210 384
211 2118
211 1304
211 2110
212 1688
212 750
212 452
212 534
213 2402
213 1079
213 321
213 820
214 1900
214 1380
214 1929
214 272
215 219
215 2186
215 430
215 229
216 2035
216 1472
216 326
216 2238
217 282
217 1063
217 1539
218 1069
218 1073
218 425
218 1895
219 2201
219 577
219 1245
220 1790
220 985
220 1358
220 1129
221 606
221 344
221 885
221 2106
222 2202
222 1963
222 880
223 1579
223 1583
223 228
223 1190
224 714
224 1049
224 2030
224 2151
225 2084
225 2448
225 402
225 1767
226 2492
226 1463
226 1214
227 1457
227 1235
227 1551
227 1652
228 1574
228 838
228 388
229 1821
229 2132
230 1610
230 1803
230 240
230 1113
231 642
231 2058
231 637
232 612
232 2000
232 326
233 2360
233 2351
233 281
234 2091
234 2288
234 2472
234 1009
235 1019
235 405
235 1641
235 1951
236 1072
236 1383
236 624
237 482
237 1640
237 623
238 1042
238 2445
239 1255
239 558
239 1488
239 1773
240 969
240 1500
240 1465
241 253
241 416
241 825
242 1758
242 1898
243 412
243 2189
243 1614
243 1849
244 1508
244 1019
244 385
244 1634
245 2050
245 1150
245 1341
245 1875
246 1962
246 277
246 1992
246 1860
247 631
247 271
247 2358
247 1311
248 1425
248 1484
248 1849
248 1732
249 1523
249 2385
249 1247
249 2364
250 1748
250 1716
250 2072
251 681
251 1037
251 1968
251 1649
252 2180
252 510
252 2336
252 1952
253 940
253 2445
253 1496
254 1253
254 1864
254 2333
254 2249
255 1598
255 1700
255 2155
255 679
256 303
256 1933
256 1264
256 1065
257 413
257 2212
257 816
257 941
258 1683
258 1377
258 1371
258 2468
259 1777
259 2320
259 841
259 2121
260 2334
260 2454
260 2014
261 1504
261 2359
261 2292
261 606
262 316
262 1619
262 1390
263 777
263 1142
263 513
263 2161
264 1435
264 1355
264 2087
264 2438
265 1713
265 1778
265 2038
266 1629
266 1599
266 1439
266 2184
267 827
267 1687
267 640
267 2108
268 1644
268 2433
268 2113
269 1501
269 1408
269 2465
270 1580
270 1826
270 891
270 2052
271 517
271 393
271 373
272 1017
272 645
272 1649
273 1312
273 2012
273 2401
273 2330
274 2002
274 873
274 2423
275 2359
275 310
275 2144
275 1318
276 904
276 2235
276 1062
277 1340
277 1386
277 2391
278 1202
278 2123
278 328
278 2435
279 1392
279 887
279 888
280 1604
280 546
280 2213
280 416
281 1590
281 1954
281 1879
282 2161
282 2351
282 842
283 292
283 889
283 528
283 693
284 1623
284 1061
284 2283
284 1149
285 2224
285 2180
285 1942
286 1503
286 945
286 2412
287 1804
287 1959
287 2266
287 706
288 1757
288 2175
288 701
289 463
289 1604
289 2408
290 814
290 1886
290 585
290 634
291 2013
291 466
291 883
291 1530
292 761
292 1020
292 1442
293 1160
293 2365
293 466
293 762
294 949
294 873
294 1213
294 359
295 1012
295 1244
295 2095
296 608
296 1897
296 1927
296 1511
297 2057
297 2129
297 1251
297 679
298 1636
298 1678
298 2055
298 728
299 1481
299 768
299 587
300 1257
300 2295
300 2332
300 1903
301 2080
301 2318
301 813
302 998
302 760
302 1138
302 614
303 530
303 309
303 506
304 1324
304 1178
304 938
305 801
305 349
305 1065
306 1292
306 2449
306 2462
306 651
307 1640
307 697
307 1064
308 2486
308 1300
308 1221
308 2259
309 621
309 2458
310 456
310 917
310 481
311 2298
311 2000
312 1675
312 2328
312 2185
313 1411
313 957
313 455
314 674
314 2244
314 2131
314 2054
315 2304
315 1480
315 2034
315 352
316 1128
316 443
317 1297
317 870
317 1379
318 1265
318 840
318 1085
319 1573
319 1819
319 2422
319 1407
320 417
320 537
320 2448
321 1173
321 1777
321 2152
322 1357
322 556
322 953
323 1039
323 1041
323 454
323 1074
324 1494
324 1804
324 1841
324 341
325 1025
325 678
325 1658
325 2445
326 2229
326 1229
327 379
327 1742
327 401
327 1137
328 1439
328 1131
328 2216
329 2466
329 1770
329 1766
329 2176
330 2474
330 485
330 515
330 1377
331 1832
331 1303
331 2272
332 2392
332 896
332 2211
332 1527
333 2122
333 1930
333 2227
333 843
334 474
334 1127
334 1777
335 2022
335 1153
335 2247
335 1377
336 1613
336 906
337 2279
337 387
337 490
338 577
338 1512
338 2353
338 1992
339 1735
339 1471
339 742
339 2181
340 1149
340 1014
340 2309
340 2057
341 1037
341 353
341 1267
342 623
342 1363
342 458
342 2443
343 547
343 2243
343 949
343 1622
344 861
344 2407
344 740
345 833
345 1289
346 523
346 801
346 1856
346 1354
347 1104
347 2391
347 1694
347 1300
348 1974
348 354
348 1072
349 2362
349 690
350 1051
350 790
350 389
350 2484
351 2247
351 1928
351 2172
351 1971
352 1806
353 590
353 758
353 2164
354 990
354 1222
354 845
355 409
355 1148
355 386
355 864
356 2028
356 2380
356 2237
356 1035
357 1556
357 972
357 1781
357 2321
358 2382
358 1374
358 615
358 726
359 2296
359 2368
360 2498
360 687
360 1313
361 379
361 1683
361 2196
361 1526
362 1807
362 1433
362 1307
362 1540
363 625
363 868
363 2467
363 1579
364 492
364 1543
364 775
364 409
365 1699
365 2480
365 1914
365 1235
366 2373
366 886
367 948
367 452
367 431
367 2230
368 1541
368 2268
368 2059
368 1410
369 1792
369 1659
369 2064
370 1446
370 2042
370 1615
370 1551
371 607
371 2170
371 1857
371 1188
372 1971
372 802
372 1151
372 1826
373 2461
373 1343
373 2184
374 555
374 792
374 1241
374 1126
375 429
375 462
375 879
375 1147
376 2182
376 1378
376 2148
376 2390
377 1572
377 1268
377 1982
377 1178
378 515
378 1417
378 613
378 2086
379 1260
379 1837
380 1958
380 785
380 1508
380 1811
381 2465
381 927
381 1928
381 1015
382 862
382 557
382 1102
382 1088
383 802
383 2317
383 1392
383 586
384 2289
384 784
384 2241
385 2495
385 1402
385 2336
386 1642
386 2091
386 1771
387 2018
387 420
387 575
388 1751
388 1998
388 1285
389 961
389 1458
389 787
390 968
390 1807
390 2242
390 1245
391 1057
391 797
391 1386
392 1280
392 1303
392 2401
393 468
393 771
394 1853
394 1522
394 1263
394 1989
395 2277
395 1845
395 1851
396 749
396 2125
396 2484
396 629
397 2008
397 2056
397 2245
397 1555
398 2037
398 1313
398 1060
398 1575
399 1089
399 1641
399 2157
399 2218
400 1421
400 611
400 790
400 1071
401 699
401 773
401 2335
402 2452
402 2369
402 2345
403 1708
403 2493
403 1503
403 2418
404 2002
404 2076
404 459
404 942
405 858
405 562
406 1107
406 895
407 2135
407 1548
407 1046
407 1701
408 2199
408 1024
408 1494
408 1123
409 452
409 1271
410 1595
410 831
410 2254
410 1752
411 1143
411 1385
411 2130
411 1292
412 1486
412 2154
412 1955
413 2371
413 873
413 542
414 979
414 1697
414 518
414 1547
415 1858
415 1912
415 1405
415 1690
416 514
416 1813
417 498
417 2485
417 1090
418 1623
418 993
418 1657
418 698
419 453
419 2461
419 1272
419 2402
420 2065
420 987
421 1227
421 553
421 1447
422 2497
422 1813
422 1003
422 924
423 1819
423 1242
423 2456
423 1356
424 617
424 2161
424 1830
424 1442
425 1717
425 1132
426 1730
426 1457
426 461
426 2424
427 2259
427 2001
427 1156
427 1229
428 783
429 1113
429 1101
429 1103
430 2064
430 434
430 1209
431 1060
431 1233
431 1278
432 1795
432 669
432 1274
432 2138
433 2094
433 1596
433 904
433 1632
434 558
434 1598
434 1094
435 2325
435 1386
435 872
436 1123
436 912
436 712
436 577
437 991
437 1547
437 709
438 1716
438 2265
438 1886
438 2349
439 2421
439 1778
439 1580
439 479
440 1345
440 1831
441 922
442 1492
442 745
442 2152
442 2170
443 738
443 1347
443 838
444 1083
444 571
444 2236
444 2446
445 743
445 1295
445 702
446 1263
446 1925
446 1903
446 905
447 1473
447 1833
447 1263
448 1274
448 1702
448 818
448 1785
449 2434
449 1325
449 1505
449 685
450 503
450 934
450 1279
450 599
451 2225
451 2451
451 585
451 698
452 784
453 1774
453 907
454 1185
454 1534
454 1592
455 2155
455 1844
456 2489
456 899
456 599
457 1390
457 1205
457 1070
458 1372
458 1281
458 972
459 1734
459 1729
459 754
460 795
460 2459
461 1172
461 1600
462 531
462 2399
463 995
464 967
464 863
464 918
464 1230
465 1438
465 2342
465 1160
465 1772
466 974
466 997
467 1724
467 874
467 1516
468 715
468 976
468 2399
469 1157
469 587
469 1498
469 501
470 1715
471 1635
471 2040
471 685
472 488
472 1366
472 686
473 2283
473 1919
473 1949
473 1872
474 1455
474 1963
474 1394
475 1536
475 644
475 1081
475 2305
476 1805
476 804
476 831
476 2447
477 1629
477 1277
477 2077
478 1845
478 1154
478 2303
478 804
479 2230
479 603
479 1895
480 2202
480 2137
480 652
480 749
481 1450
481 1076
481 684
482 2115
483 661
483 2227
483 1337
483 895
484 956
484 684
484 1239
485 2167
485 592
485 1390
486 1676
486 633
486 780
486 2374
487 2398
487 2332
487 492
488 1135
488 1895
488 2253
489 1824
489 1624
489 1692
489 1236
490 2375
490 2014
490 1004
491 1782
491 1943
491 513
491 760
492 1361
492 530
493 1943
493 946
493 1922
493 628
494 1376
494 865
494 1591
494 643
495 1066
495 1848
495 835
496 1653
496 1684
496 1100
496 1410
497 993
497 1773
497 1346
498 2351
498 1176
498 1073
499 1636
499 1076
499 932
499 549
500 1248
500 1058
500 1856
501 1980
501 1877
502 843
502 1516
502 1080
502 2181
503 1672
503 1544
503 1985
504 829
504 1726
504 847
504 1884
505 523
505 1275
505 2070
505 508
506 1069
506 2232
506 1860
507 1449
507 1483
507 1409
507 958
508 2449
508 2476
508 2074
509 1613
509 1338
509 1563
509 1931
510 1087
510 1418
510 2224
511 1195
511 699
511 1225
511 2461
512 1975
512 764
512 629
512 1798
513 886
513 1625
514 2119
514 1603
515 1766
515 1290
516 1357
516 1830
516 2320
516 2310
517 520
517 2169
517 1930
518 814
518 2255
518 526
519 1046
519 1223
519 1957
520 1634
520 1232
520 1089
521 665
521 728
521 1001
522 2250
522 1728
522 2088
522 2195
523 2300
523 639
524 2441
524 525
524 1924
524 2165
525 1321
525 2425
526 1264
526 2132
526 1365
527 1509
527 1322
527 548
527 2331
528 646
528 1543
528 1203
529 1567
529 2319
529 1098
529 552
530 1468
530 1197
531 900
531 1011
531 2211
532 1312
532 1914
532 1232
532 602
533 1988
533 1629
533 1431
534 1937
534 934
534 1244
535 1759
535 1224
535 973
535 1593
536 1814
536 1481
536 1603
537 1310
537 794
537 1280
538 2189
538 1871
538 760
538 568
539 803
539 1346
539 1952
540 1949
540 2138
541 1077
541 988
541 1351
541 658
542 2069
542 2181
543 859
543 788
543 2397
543 656
544 2284
544 913
544 1645
545 1911
545 1740
545 879
545 876
546 1387
546 1520
546 2243
547 1154
547 1234
548 2425
548 1982
548 2294
549 1113
549 2041
549 1224
550 1991
550 1486
550 1424
550 1923
551 897
551 648
551 2314
552 1656
552 1327
553 2415
553 1844
554 2433
554 2166
554 947
555 1731
555 1264
555 822
556 1637
556 1744
556 633
557 1367
557 1795
558 1698
558 1502
559 2446
559 1333
559 1663
560 853
560 1200
560 1885
561 1950
561 2440
561 653
562 2240
562 1160
562 2011
563 1593
563 1082
563 1618
563 1910
564 2022
564 1364
564 1812
564 1317
565 1260
565 635
565 1832
565 1653
566 964
566 1547
566 869
566 728
567 1925
567 733
567 1790
567 770
568 1468
568 1769
568 2106
569 1566
569 1438
569 1116
570 2418
570 1912
570 1513
570 1741
571 1152
571 914
572 1739
572 1469
573 720
573 1197
573 1876
573 1871
574 928
574 1170
574 1522
574 2384
575 1838
575 2273
576 1128
577 893
578 2134
578 2311
578 1602
578 2281
579 2203
579 1642
579 1612
580 1320
580 1969
580 1650
580 605
581 2082
581 1563
581 1013
581 1049
582 1438
582 989
582 610
582 2033
583 1846
583 899
583 767
584 1535
584 1079
584 2495
584 1848
585 1065
585 2481
586 1713
586 1275
586 2150
587 2312
587 2373
588 741
588 1188
588 1914
588 2103
589 647
589 1476
589 833
589 1897
590 1994
590 729
590 1441
591 948
591 2464
591 2404
592 685
592 736
592 1951
593 1566
593 1143
593 2410
593 2473
594 654
594 1631
594 741
595 807
595 1836
595 910
595 2047
596 1760
596 1630
596 1240
597 2475
597 726
597 1616
597 639
598 1707
598 2069
598 2372
598 2286
599 1488
599 985
600 1396
600 2008
600 2477
600 1531
601 1047
601 1517
601 2256
601 1877
602 2029
602 1824
602 2397
603 2498
603 2249
603 2112
604 2334
604 2386
604 1893
604 1810
605 849
605 856
605 1282
606 819
606 648
607 2092
607 1484
607 940
608 917
608 1517
608 1202
609 2329
609 2141
609 1764
609 2052
610 1502
610 1793
610 2251
611 1264
611 1179
611 2096
612 1308
612 979
612 1288
613 2491
613 2412
613 1014
614 1786
614 2333
615 2017
615 2248
615 818
616 1001
616 1275
616 1495
616 995
617 1050
617 2099
617 867
618 2397
618 1379
618 1744
618 1880
619 2323
619 706
619 2064
619 1118
620 890
620 1191
620 1855
620 725
621 852
621 953
621 1296
622 1862
622 949
622 2174
622 1219
623 2409
623 741
624 1709
624 769
624 1142
625 932
625 2316
625 2190
626 2286
626 2109
626 1836
627 1054
627 1583
627 1271
627 1126
628 2085
628 674
628 2175
629 2310
629 2493
630 2386
630 1329
630 704
631 1167
631 1643
631 2296
632 1490
632 1838
632 1602
632 2332
633 2193
633 1632
634 706
634 1062
634 2300
635 2228
635 1771
636 1939
636 917
636 1407
636 1409
637 2497
637 1880
637 1617
638 2160
638 2265
638 785
638 2252
639 2357
639 1124
640 2016
640 902
640 646
641 1869
641 1510
641 1846
641 1915
642 1107
642 1830
642 982
643 1898
643 2187
644 1056
644 2272
644 1686
645 2356
645 1219
645 1945
646 1590
646 2084
647 1318
647 1356
647 1023
648 1960
648 1130
649 1114
649 1345
649 1408
649 2389
650 1402
650 2124
651 1564
651 1417
652 2344
652 2015
652 2277
653 1928
653 995
653 909
654 697
655 2143
655 1038
655 1430
656 1795
656 2034
657 1068
657 2424
657 1674
657 1810
658 1092
658 1578
658 865
659 1496
659 2464
659 1887
659 1268
660 1135
660 1308
660 2247
660 2479
661 1962
661 2042
661 1874
662 2212
662 1461
662 2136
662 765
663 664
663 1368
663 2459
663 1858
664 1295
664 789
664 842
665 1548
665 1736
665 2354
666 1827
666 1231
666 2204
666 2017
667 1286
667 1549
667 1067
668 2470
668 1413
668 1016
668 1009
669 1297
669 1398
669 2319
670 1217
670 1926
670 865
670 1482
671 2338
671 989
671 2304
672 1330
672 1437
672 1307
672 2288
673 1762
673 1823
673 1221
674 2029
674 1771
675 2194
675 1182
675 1608
675 802
676 1272
676 1814
676 1503
676 1855
677 2478
677 1414
677 1532
677 1639
678 2177
678 1057
678 2191
679 2346
679 1868
680 1110
680 1464
680 722
680 1706
681 1706
681 1252
681 1905
682 2494
682 1130
682 1124
682 936
683 1141
683 2016
683 1996
683 2482
684 2443
684 1473
685 1505
686 2385
686 2286
687 2044
687 2156
687 1331
688 1759
688 1785
688 727
689 2301
689 1672
689 2205
689 2341
690 2031
690 2254
690 1651
691 2494
691 1136
691 761
691 1484
692 1409
692 1654
692 2393
692 1444
693 1429
693 1286
694 821
694 1306
694 902
694 2206
695 2321
695 951
695 1990
695 1229
696 1332
696 825
696 2345
697 1483
697 2169
698 2371
699 2083
699 1456
700 1499
700 937
700 1858
700 1171
701 2206
701 2363
702 1486
702 1279
703 1025
703 1878
703 1427
703 2147
704 2405
705 1729
705 1981
705 2223
706 2021
707 1383
707 1062
707 1561
707 867
708 1556
708 2298
708 1658
708 1027
709 859
709 1116
709 1595
710 969
710 1648
710 2327
710 1809
711 1316
711 2297
711 2184
711 2347
712 1945
712 2112
712 2280
713 738
713 1162
713 1697
713 2187
714 2167
714 1177
714 789
715 1372
715 2278
715 2152
716 1320
716 748
716 1121
717 934
717 1180
717 776
717 1519
718 1079
718 2304
718 882
718 1352
719 2429
719 1485
719 1115
719 1783
720 996
720 2097
720 1707
721 2041
721 1347
721 1657
721 1405
722 2386
722 1200
723 1978
723 2294
723 1416
723 1836
724 1122
724 1343
724 1705
724 1533
725 1947
725 1570
725 933
726 793
726 1043
727 1687
727 2408
728 2437
729 2036
729 1385
729 1457
730 1134
730 2290
730 2341
731 2407
731 1938
731 2163
731 933
732 2469
732 1092
732 2048
733 2232
733 1789
733 2024
734 1901
734 1093
734 1645
734 1192
735 1662
735 1919
735 1280
735 1450
736 887
736 2271
736 1518
737 1942
737 1620
737 788
737 2026
738 2231
739 1183
739 984
739 2220
739 1599
740 1281
740 1560
740 1432
741 1367
742 2308
742 1521
743 908
743 1364
744 795
744 1537
744 1099
744 1554
745 1812
745 2093
745 1824
746 2003
746 1886
747 2339
747 1527
747 893
747 1243
748 1830
748 907
749 2125
749 1498
750 1740
750 927
750 1226
751 1379
751 2340
751 986
751 2010
752 2325
752 2298
753 2312
753 1627
754 1748
754 2195
755 2086
755 1767
755 1780
755 1210
756 1960
756 2270
756 1999
756 1549
757 2460
757 1228
757 1045
757 1464
758 1591
758 1362
758 975
759 1506
759 769
759 2315
759 1564
760 1988
761 1034
762 2341
762 1015
762 2096
763 1376
763 2350
763 1586
764 820
764 1968
765 776
765 1087
765 1203
766 1829
766 2066
766 2490
766 950
767 1927
767 929
767 2213
768 1710
769 1216
769 1886
770 1617
770 1965
770 978
771 1045
771 1465
771 2222
772 2200
772 968
772 1946
772 1774
773 1935
773 1493
773 1913
774 1701
774 2198
774 1731
774 2111
775 2012
775 2335
775 1453
776 2365
777 1233
777 1290
777 1818
778 2400
778 1786
778 2388
778 1475
779 1877
779 1144
779 1199
779 2171
780 1913
780 868
781 1521
781 1085
781 1335
782 1303
782 2267
782 2183
783 2144
783 899
783 2419
784 876
785 2444
786 1497
786 977
787 1191
787 1818
787 1746
788 2007
788 1896
789 1881
789 1662
790 1963
790 2233
791 1767
791 923
791 1371
791 1898
792 1890
792 1193
792 1263
793 1511
793 1058
793 1545
794 1655
794 2086
794 1469
795 1146
795 2129
796 2172
796 1661
796 1828
797 1203
797 992
797 1444
798 2271
798 1957
798 2308
799 1977
799 2137
799 1936
799 836
800 1543
800 2391
800 2256
801 1941
801 1160
802 1417
803 1358
803 1855
803 2156
804 1393
804 1689
805 931
805 2249
805 2050
805 2226
806 1738
806 1082
806 2398
806 1394
807 1392
807 1395
807 1032
808 2175
808 2357
808 1743
809 2012
809 2239
809 1718
810 1334
810 1881
810 2335
811 972
811 1820
811 2088
811 1980
812 2285
812 1167
812 2101
812 858
813 1560
813 2147
813 2261
814 1286
815 1004
815 1544
815 1783
815 1518
816 1131
816 1482
816 2249
817 2107
817 998
817 1671
818 1678
819 1524
819 2289
820 1535
820 1218
821 1012
821 1611
821 833
822 1808
822 2473
822 911
823 2436
823 1749
823 1685
823 1513
824 1607
824 1301
824 1047
824 832
825 2129
825 878
826 1843
826 2014
826 1455
826 2006
827 1682
827 1469
827 1084
828 1820
828 1874
828 2362
828 1750
829 1399
829 1513
829 1007
830 986
830 1797
830 1817
830 1146
831 2347
831 2367
832 1290
832 1738
833 1014
834 1519
834 1090
834 1633
834 1180
835 1959
835 1121
835 1349
836 1282
836 1098
836 1511
837 1057
837 2242
837 2379
837 2372
838 2071
838 1456
839 1987
839 1549
839 2288
839 2009
840 2153
840 1119
840 1248
841 910
841 2383
841 1118
842 2339
842 1581
843 2239
843 2404
844 1215
844 1754
844 1375
844 1605
845 2302
845 1255
845 1324
846 1225
846 1779
847 2197
847 2369
847 866
848 1078
848 2031
848 1096
848 2345
849 1873
849 2284
849 2006
850 1150
850 1466
850 2018
850 2483
851 1424
851 1587
851 2314
852 1788
852 970
852 1038
853 964
853 1089
854 1919
854 1601
854 1042
854 1621
855 1762
855 988
855 1031
855 958
856 2324
856 2150
856 1817
857 2163
857 1332
857 1981
857 1686
858 2258
858 1384
859 2307
860 1488
860 1674
860 1628
860 2439
861 1395
861 2063
861 1618
862 905
862 1739
862 1868
863 2343
863 966
863 1253
864 2093
865 1754
866 2468
866 1344
867 1387
867 1430
868 2400
868 1728
869 2240
869 2033
870 2099
870 2272
870 2125
871 1448
871 1197
871 937
872 2393
872 1778
872 1936
873 2296
874 2268
874 1095
874 2084
875 2315
875 909
875 1278
876 961
876 2299
877 1334
877 1429
877 2348
877 2398
878 1003
878 2069
879 1430
879 1421
880 1621
880 1013
880 1558
881 2040
881 1667
881 1211
882 1373
882 2079
882 1012
883 1901
883 1787
883 2406
884 1293
884 1908
884 1242
885 1399
885 2318
885 2268
886 1388
886 971
887 1453
887 2144
888 1000
888 2119
888 1485
889 1998
889 1234
890 1249
890 2028
890 1590
891 1109
891 1179
891 1078
892 2196
892 1360
893 1835
893 902
894 1361
894 2447
894 1756
894 2237
895 2411
895 2358
896 1779
896 1206
897 954
897 2099
897 1026
898 1763
898 1621
898 1918
899 1348
900 1727
900 2481
900 2077
901 1036
901 2171
901 1103
902 1861
903 1481
903 1315
903 2478
904 1784
904 2215
905 1458
905 1873
906 1297
906 1942
906 1926
907 1318
907 1954
908 1905
908 2257
908 1013
909 1574
910 1012
910 1863
911 1041
912 1103
912 1029
913 1015
913 2470
913 2015
914 1598
914 1620
914 1793
915 2099
915 2156
915 2285
915 1808
916 1454
916 1977
916 2009
917 1165
918 1800
918 2223
919 1638
919 1183
919 1362
919 1152
920 1403
920 1704
920 2178
921 2277
921 2224
921 1674
921 2396
922 1739
923 1040
923 1829
924 1831
924 992
925 1259
925 1610
925 1220
925 2428
926 2450
926 2473
926 1661
927 1660
927 977
928 1240
928 1550
929 943
929 1228
930 2355
930 1972
930 2073
931 1423
931 1756
932 2477
932 1421
933 1342
933 1497
934 1721
935 1584
935 2195
935 1306
936 1237
936 2057
936 1859
937 2170
937 1080
938 2081
938 2179
938 1732
939 2276
939 1222
939 2197
939 2301
940 1221
940 2452
941 1134
941 1053
941 1708
942 2276
942 951
943 1015
943 1742
943 1995
944 2120
944 1873
944 1059
944 1193
945 1352
945 1175
946 999
946 2020
946 1209
947 2308
947 1979
947 1981
948 1784
948 2091
949 2153
950 1086
950 2425
950 2331
951 2142
951 1494
952 1308
952 2359
952 1235
952 1840
953 1255
953 1983
954 1907
954 1374
954 1995
955 1733
955 1062
955 2287
955 2408
956 1103
956 2411
956 1166
957 2133
957 2377
957 1057
958 1902
959 1491
959 1924
960 1552
960 1640
961 1605
961 2374
962 1704
962 1425
962 2150
962 2074
963 1703
963 2179
963 2123
964 1487
964 1541
965 1882
965 1816
965 2295
965 2465
966 2055
966 1610
967 1185
967 982
967 1144
968 1843
968 1902
969 1548
969 1714
970 1964
970 1873
971 1462
971 1323
971 1733
972 1880
973 1904
973 1893
974 2145
974 1706
975 1985
975 2367
975 1784
976 1182
977 1345
978 1461
978 2186
978 2189
979 1463
979 2185
980 1077
980 1612
980 2097
980 1899
981 2191
981 2248
981 1744
981 1363
982 1016
982 1920
983 2043
983 1222
983 1223
983 1959
984 1960
984 2256
985 1969
985 1999
986 1119
986 2331
987 1164
987 1223
987 2049
988 1594
988 1360
989 1344
989 2072
990 1772
990 2453
990 2186
991 2430
991 1395
991 1557
992 1499
992 1666
993 2365
993 1475
994 1081
994 1740
994 1267
994 1577
996 1863
996 1676
996 1785
997 2074
998 1369
998 1114
999 2258
999 1573
999 2246
1000 1323
1000 1126
1001 1802
1001 1852
1002 1822
1002 1507
1002 2158
1003 1170
1004 2233
1004 1962
1005 1075
1005 1336
1005 1110
1005 2350
1006 1779
1006 1636
1006 1827
1006 1319
1007 2002
1007 1441
1007 1867
1008 1522
1008 1309
1008 1525
1009 1603
1009 1473
1010 1173
1010 1399
1010 1588
1010 2067
1011 1208
1011 2265
1011 1187
1014 1710
1016 1559
1016 1776
1017 1186
1017 2366
1017 1581
1018 1799
1018 2139
1018 1693
1018 1245
1019 1346
1019 2437
1020 2065
1020 2399
1021 1884
1021 1384
1021 1496
1021 2098
1022 2414
1022 2439
1022 1572
1022 1989
1023 1155
1024 1815
1024 1659
1026 1198
1026 1250
1026 2307
1027 1614
1027 2454
1027 1285
1028 1036
1028 2463
1028 2369
1028 2485
1029 1258
1029 1109
1029 1273
1030 2259
1030 2058
1030 2290
1031 1919
1031 1408
1031 1581
1032 1967
1032 1585
1032 1626
1033 1537
1033 2142
1033 1647
1033 2219
1034 1931
1034 1169
1034 1829
1035 1055
1035 2293
1035 1727
1036 1301
1036 2056
1037 1066
1037 2464
1038 2427
1038 1337
1039 1695
1039 1191
1039 2426
1040 1727
1040 1476
1040 1084
1041 1210
1041 1696
1042 2207
1043 1596
1043 2469
1043 2437
1044 1284
1044 1097
1044 2148
1045 2135
1045 1866
1046 1708
1047 2433
1047 2487
1048 1314
1048 1064
1048 2045
1048 1536
1049 1688
1049 2127
1050 2116
1050 1681
1051 1804
1051 1241
1051 2358
1052 1226
1052 1470
1052 2442
1053 1212
1053 2430
1053 1993
1054 2329
1054 1530
1054 1912
1055 1271
1055 1693
1055 1619
1056 1368
1056 2264
1058 1424
1058 1133
1059 1247
1059 1666
1060 1768
1060 2118
1061 2383
1061 2108
1063 1822
1063 2361
1063 2257
1064 1595
1064 1274
1066 2310
1066 1609
1067 2389
1067 2242
1067 1798
1068 2314
1068 1748
1068 1796
1069 1520
1069 2183
1070 1921
1070 1648
1070 1667
1071 2214
1071 2416
1071 1562
1072 2126
1072 1125
1073 1422
1073 1153
1074 1325
1074 1806
1075 2000
1075 2162
1075 1347
1076 1948
1076 2065
1077 2013
1077 1205
1078 1697
1078 1302
1079 1335
1080 2356
1080 1108
1081 1131
1083 1355
1083 1757
1083 2432
1084 1588
1084 2061
1085 1116
1085 1858
1086 2263
1086 1651
1086 2449
1087 1644
1087 2262
1088 1279
1088 1389
1089 2287
1090 1825
1090 2036
1091 1951
1091 2005
1092 2457
1092 1637
1093 1927
1093 1944
1094 1904
1094 1653
1095 2162
1095 1832
1095 1528
1096 1507
1096 1872
1096 2352
1097 2329
1097 2240
1097 1130
1098 2085
1098 1466
1099 1742
1099 1932
1100 1226
1100 1996
1100 1524
1101 1162
1101 1150
1102 1842
1104 1837
1104 1709
1104 1634
1105 1498
1105 1233
1105 2070
1106 2160
1106 1964
1106 1396
1106 1972
1107 1922
1108 1379
1108 1555
1108 2238
1109 1679
1109 2083
1110 1883
1110 1380
1111 1948
1111 2140
1112 2490
1112 1247
1112 1677
1112 1297
1114 1916
1114 1934
1115 1953
1115 1455
1115 2169
1116 1179
1117 1490
1117 1166
1117 1574
1117 1763
1118 1500
1119 1870
1119 2474
1120 2048
1120 1161
1120 1512
1121 1750
1121 2049
1122 1605
1122 2284
1123 1309
1123 2020
1124 1649
1124 1838
1125 2089
1125 1970
1126 1601
1127 1198
1127 2291
1127 1970
1128 1714
1128 1485
1129 1994
1129 1285
1129 1934
1130 2428
1131 1652
1132 1687
1132 1739
1132 2211
1133 1611
1133 1238
1133 1589
1134 2209
1135 2420
1135 1879
1136 1980
1136 2142
1136 2054
1137 1398
1137 1507
1138 1934
1138 1970
1138 1746
1139 1766
1139 1942
1139 1977
1140 1558
1140 1598
1140 2064
1140 2002
1141 1662
1141 1322
1141 1766
1142 1987
1142 2405
1143 1675
1143 1502
1145 1999
1145 2133
1145 2037
1145 2385
1146 2373
1147 1404
1147 1808
1148 1596
1148 1797
1149 1439
1150 1841
1151 1567
1151 1908
1151 1656
1152 2294
1152 1572
1153 1571
1153 1389
1154 2480
1155 2152
1155 1946
1155 2027
1156 1617
1156 1295
1156 1443
1157 1375
1157 1490
1157 1542
1158 2386
1158 1203
1158 1825
1158 2062
1159 2114
1159 2120
1159 1730
1161 2103
1161 2324
1161 2068
1162 1337
1162 1405
1163 2246
1163 1677
1163 2292
1164 2435
1164 1357
1164 1669
1165 2460
1165 1512
1165 2488
1166 1613
1166 2001
1167 2379
1167 2124
1168 2119
1168 1372
1168 1431
1169 2010
1169 1529
1170 1496
1170 1179
1171 1601
1171 1736
1172 2009
1172 1237
1172 2171
1173 2410
1173 1322
1174 2182
1174 2122
1174 1385
1175 1597
1175 1714
1176 2090
1176 1770
1177 1807
1177 1863
1177 1580
1178 1437
1178 2211
1180 1514
1181 2007
1181 1375
1181 1426
1182 2123
1183 1288
1184 1876
1184 1823
1184 2174
1184 2323
1185 1750
1185 2357
1186 1935
1186 1478
1186 2330
1187 1270
1187 1826
1188 2348
1189 1562
1189 2041
1189 1844
1189 1896
1190 1937
1190 1686
1190 1477
1192 1418
1192 2282
1192 1788
1193 2039
1193 1582
1194 1329
1194 1506
1194 1677
1194 2479
1195 2075
1195 2483
1196 2233
1196 2337
1196 2066
1196 1581
1197 1341
1198 1328
1198 1253
1199 1641
1199 2302
1199 1852
1200 2054
1200 1225
1201 2029
1201 1630
1202 1722
1202 2259
1204 1514
1204 1639
1204 2110
1205 1703
1205 1331
1206 1276
1206 1909
1206 1781
1207 1248
1207 1369
1207 1487
1207 2417
1208 1973
1208 2179
1208 1618
1209 1391
1209 2102
1210 2366
1210 1567
1211 1735
1211 2387
1211 2443
1212 1695
1212 1309
1213 1338
1213 2427
1214 1415
1214 1585
1214 2143
1215 2140
1215 2012
1215 1616
1216 1435
1216 1490
1216 2011
1217 2361
1217 2390
1217 2060
1218 2113
1218 2117
1218 2210
1219 1430
1219 1792
1220 2241
1220 1328
1220 1708
1221 1660
1222 1862
1223 2082
1224 2267
1225 2025
1226 1476
1227 2168
1227 2227
1227 2317
1228 1622
1229 2375
1230 2098
1230 1659
1230 1467
1231 1354
1231 1527
1231 2224
1232 1382
1233 2291
1234 1417
1234 1854
1235 1878
1236 2453
1236 2046
1237 1612
1237 2146
1238 2457
1238 1378
1239 1688
1239 2376
1241 2023
1241 2149
1242 1260
1242 1515
1243 1890
1243 2297
1244 2472
1244 1308
1245 1597
1246 1761
1246 1376
1246 2023
1247 2050
1249 2108
1249 1660
1250 1551
1250 1982
1251 1921
1251 1692
1251 1892
1252 1525
1252 1577
1252 1980
1253 1523
1254 1656
1254 2130
1254 1325
1256 2289
1256 1863
1257 1843
1257 1712
1257 1956
1258 2171
1258 1411
1258 1632
1259 2028
1259 1471
1259 1953
1260 1568
1261 1440
1261 2062
1261 2304
1261 2353
1262 1602
1262 1864
1262 2100
1265 2483
1265 2020
1265 1705
1266 2475
1266 1916
1266 1344
1266 2025
1267 2450
1267 2104
1268 1288
1268 2283
1269 1389
1269 1284
1269 2154
1269 1399
1270 1344
1270 2490
1270 1840
1272 1307
1272 1568
1273 1792
1273 1475
1274 1641
1275 2021
1276 1391
1276 1925
1276 1419
1277 2355
1277 2163
1277 1554
1278 2019
1278 1553
1280 1963
1281 2100
1281 2092
1282 1984
1282 1351
1283 1901
1283 1562
1283 1733
1284 1984
1285 2261
1286 2017
1287 2079
1287 1891
1287 1690
1287 1860
1288 2205
1289 1296
1289 1497
1289 1669
1290 2418
1291 1515
1291 2438
1291 2045
1291 1413
1292 1448
1292 1769
1293 2220
1293 1701
1294 1879
1294 1753
1294 1538
1295 1393
1296 2496
1296 1865
1298 1921
1298 1926
1298 2210
1299 2198
1299 1716
1299 1529
1300 1994
1300 2340
1301 1469
1301 1784
1302 2416
1302 1409
1303 1304
1304 1575
1304 1940
1305 2097
1305 1517
1305 1330
1305 1329
1306 1978
1306 1948
1307 1401
1309 1816
1310 1419
1310 2087
1310 2219
1311 1620
1311 2311
1312 1532
1312 2402
1313 1691
1313 1563
1314 1368
1314 1391
1314 1753
1315 1871
1315 1681
1316 2177
1316 2190
1316 2436
1317 2215
1317 1764
1317 1854
1318 1564
1319 2440
1319 2367
1319 2061
1320 1663
1320 1520
1321 1570
1321 2434
1321 1400
1322 1689
1323 2097
1323 2270
1324 2151
1324 1634
1325 2363
1326 1974
1326 2058
1326 1565
1327 2103
1327 1687
1327 1555
1328 2198
1328 1703
1330 2085
1330 1443
1331 2068
1332 1583
1332 2047
1333 1447
1333 1382
1333 1868
1334 2491
1334 1801
1335 1559
1336 2470
1336 2419
1336 2466
1337 2460
1338 2072
1338 2312
1339 1909
1339 1651
1340 1606
1340 1737
1340 2394
1341 1702
1341 2004
1342 1683
1342 1726
1342 1857
1343 2496
1343 2327
1345 1628
1347 1876
1348 1924
1348 2100
1348 1649
1349 1462
1349 1622
1350 2104
1350 2108
1350 1857
1351 2089
1352 1627
1352 2214
1353 2217
1354 1746
1354 2245
1355 1625
1355 1576
1356 2260
1356 1956
1358 1633
1358 2367
1359 2182
1359 1844
1360 2347
1360 2267
1361 2454
1362 2493
1363 1993
1363 2042
1364 1370
1364 2056
1365 2431
1365 1912
1366 2433
1366 1906
1367 2428
1367 2203
1368 2416
1369 2004
1370 2253
1370 2218
1371 2080
1371 1941
1372 1961
1373 2442
1373 1923
1374 2306
1374 2296
1375 2314
1376 1982
1377 1650
1378 1869
1378 1521
1380 1658
1380 2419
1381 1832
1381 2458
1381 2043
1382 1734
1382 1943
1383 1999
1383 1543
1385 1728
1386 2104
1387 1608
1387 1550
1388 1788
1388 1460
1388 1434
1389 1451
1390 2039
1391 1827
1392 2164
1394 2170
1394 1849
1396 1773
1396 1631
1397 2309
1397 1780
1397 1875
1398 2287
1398 2452
1400 2199
1400 1639
1400 1751
1401 2180
1401 1989
1401 1668
1403 2165
1403 1839
1403 2488
1404 2270
1404 1904
1405 1524
1406 2444
1406 2342
1406 1633
1407 1460
1407 1837
1408 2087
1410 2402
1410 1489
1411 1456
1411 1434
1412 2188
1412 1866
1412 1650
1412 2194
1413 2360
1413 1460
1414 1827
1414 1719
1414 1688
1415 1679
1415 2008
1415 1869
1416 2260
1416 2063
1416 2489
1418 1436
1418 1622
1419 2495
1420 1592
1420 2390
1420 1671
1421 1899
1422 2392
1422 2196
1423 2317
1423 1810
1423 2354
1424 1522
1425 1909
1426 1723
1426 1907
1427 2420
1427 1495
1428 2005
1428 1947
1428 2303
1428 1790
1429 2498
1429 1914
1431 1504
1431 2167
1432 1923
1432 1818
1432 1482
1433 2166
1433 2148
1433 1692
1434 2451
1436 2468
1436 1943
1437 2466
1438 1601
1440 1568
1440 1933
1440 1647
1441 2356
1442 1693
1442 2053
1443 1652
1443 1938
1444 2323
1444 2001
1445 2094
1445 1635
1445 1757
1445 2421
1446 2124
1446 1820
1446 1747
1447 2499
1447 1978
1448 2320
1448 1867
1449 2166
1449 2400
1449 1631
1450 2298
1450 2216
1451 1803
1451 1752
1451 2223
1452 1547
1452 1483
1452 2076
1452 1630
1453 1491
1453 1526
1454 1684
1456 1880
1457 1629
1458 1930
1459 1571
1459 2448
1459 1591
1461 2341
1461 2459
1462 1828
1463 1465
1463 1672
1464 1835
1464 1635
1465 2253
1466 2189
1467 1526
1467 1638
1467 1935
1468 2187
1468 1590
1470 1974
1470 1907
1470 1779
1471 2102
1471 2216
1472 1573
1472 1608
1473 2225
1474 1855
1474 1722
1474 2264
1476 2137
1477 2339
1477 1722
1478 1660
1478 1712
1478 2145
1479 2337
1479 1702
1479 1544
1480 2047
1480 2157
1481 1720
1482 1669
1483 1940
1484 1850
1485 1821
1486 1689
1487 1955
1488 2455
1489 1869
1489 1664
1491 1834
1491 1693
1492 2040
1492 1588
1492 2197
1493 2138
1493 2443
1493 2260
1494 1875
1495 2305
1497 1874
1498 2368
1499 2183
1499 2055
1500 2499
1500 1735
1501 1755
1501 2191
1502 1542
1503 2406
1504 1845
1504 1600
1505 1663
1506 2176
1507 1619
1508 2380
1508 1700
1509 1541
1509 2051
1509 1749
1510 1769
1510 2062
1510 1809
1511 2083
1512 2205
1513 2180
1514 2411
1514 2217
1515 1736
1515 2282
1516 1953
1516 2218
1517 1743
1518 1849
1518 1684
1519 2148
1519 1828
1520 1528
1521 1691
1524 1533
1525 2497
1525 1802
1526 2467
1527 2306
1528 1803
1529 2022
1529 2312
1530 1555
1530 1920
1531 1710
1531 2323
1531 1579
1532 1808
1532 1724
1533 2460
1533 2113
1534 2114
1534 2133
1535 2095
1536 1867
1537 1993
1537 2068
1538 2034
1538 1972
1538 1878
1539 2088
1539 1679
1539 1872
1540 1923
1540 2159
1541 2188
1542 1566
1544 2231
1545 2216
1545 2067
1545 2247
1546 2089
1546 1578
1546 2440
1548 2081
1549 2444
1550 2462
1551 2344
1552 1902
1552 1946
1553 2493
1553 1861
1554 2267
1556 2278
1556 1611
1557 2088
1557 2202
1557 2482
1558 2327
1558 1944
1559 2342
1559 2370
1560 1723
1560 2160
1561 1907
1561 2030
1561 2287
1562 2229
1563 1901
1564 1958
1565 2167
1566 2214
1568 2232
1569 1900
1569 2489
1569 1913
1569 1833
1570 2160
1570 1959
1571 1580
1571 1931
1572 2172
1574 1812
1575 2141
1575 2023
1576 2263
1576 1932
1576 2481
1577 1896
1577 2430
1578 1883
1578 1664
1579 2131
1582 2465
1582 1976
1582 2005
1583 1723
1584 2316
1584 2103
1584 2395
1585 2173
1585 2093
1586 1745
1586 2301
1586 2039
1587 2398
1587 1691
1588 2271
1589 1749
1589 2401
1591 2063
1592 1847
1592 2250
1593 2004
1594 1939
1595 2431
1596 2366
1597 1638
1597 1725
1600 1721
1602 1976
1604 2163
1605 1839
1606 1986
1606 1842
1607 1835
1607 1905
1607 1952
1608 2429
1609 2146
1609 1794
1609 2207
1610 1979
1611 2246
1613 2032
1614 2201
1614 2269
1615 2015
1615 1709
1615 1918
1616 1998
1616 2242
1617 1948
1618 1945
1619 1716
1620 1916
1621 1990
1623 2123
1623 2285
1624 2147
1624 2256
1624 2117
1625 2451
1625 2080
1626 2396
1626 2024
1627 1984
1627 2226
1628 1800
1628 1891
1630 2217
1633 2161
1635 1762
1636 2457
1637 1654
1639 2356
1640 2373
1642 1758
1642 1854
1643 1711
1643 2185
1643 2114
1644 1997
1645 1815
1646 1915
1646 2017
1646 2448
1646 1658
1647 1715
1647 1764
1650 2077
1651 2327
1654 1953
1655 2078
1655 2320
1656 2095
1657 2263
1661 2198
1661 2403
1662 2394
1663 2192
1664 1741
1665 1675
1665 2153
1665 2365
1665 1698
1666 2266
1666 2025
1667 1932
1668 2325
1669 1748
1670 2204
1670 2208
1671 2473
1671 2185
1672 2090
1673 2139
1673 2087
1674 2376
1675 2132
1676 1695
1677 2066
1678 2375
1678 2269
1679 2209
1680 2136
1680 1876
1680 1805
1680 1725
1681 2061
1681 2413
1682 2164
1682 2220
1684 1961
1685 2128
1685 1944
1685 1759
1686 1713
1689 2378
1690 2121
1691 1799
1692 1888
1694 2322
1694 1965
1694 2483
1695 2289
1696 2280
1696 1787
1696 1964
1698 1847
1698 2378
1699 2434
1699 2471
1699 2251
1700 2092
1700 1882
1701 2203
1702 2210
1703 2368
1704 2042
1704 2496
1705 2136
1705 1753
1707 2278
1707 1833
1709 1910
1711 2396
1711 2177
1713 1816
1714 1794
1715 1802
1715 2165
1717 2031
1717 1841
1717 2384
1718 2293
1718 2361
1718 2165
1719 2463
1719 1947
1720 2311
1720 2351
1720 1842
1721 1776
1722 2008
1723 2176
1724 1903
1724 2395
1725 2379
1727 2238
1728 2464
1729 2109
1729 2193
1730 2343
1730 2166
1731 2209
1732 1845
1734 2178
1736 1740
1737 1926
1737 1791
1737 2391
1738 2054
1741 2175
1741 2122
1742 2183
1743 2044
1743 2354
1744 2215
1745 2350
1745 2288
1746 1822
1747 2466
1747 1865
1749 2411
1751 2210
1752 1906
1752 2337
1753 1885
1754 2475
1754 1773
1755 1800
1755 2153
1756 2447
1756 2147
1758 2038
1760 1930
1760 2389
1761 2070
1761 1790
1761 1787
1762 1915
1764 2181
1765 2212
1765 1848
1765 2360
1767 1906
1768 2234
1769 1791
1770 1970
1770 2262
1771 2101
1772 2326
1772 2371
1774 2031
1775 2169
1775 2221
1776 2174
1776 1972
1777 1998
1780 2053
1780 1865
1781 2102
1781 1782
1782 2408
1782 2268
1783 2435
1785 2221
1786 2469
1786 2384
1787 2215
1788 2387
1789 1988
1789 2155
1789 2410
1791 2236
1791 1966
1792 2449
1794 2229
1794 2068
1795 2444
1796 2406
1796 2143
1797 1862
1797 2139
1798 2019
1798 2252
1800 1939
1801 1823
1801 1957
1801 2380
1802 2456
1803 2409
1804 2222
1805 1825
1805 1929
1806 2418
1806 2234
1807 2105
1810 2264
1811 1996
1811 1917
1811 2405
1812 2276
1813 1894
1813 2245
1814 1831
1815 2048
1815 2377
1817 1917
1817 2403
1818 2382
1819 2477
1819 1850
1820 1831
1821 2046
1821 2016
1823 1884
1824 2204
1825 2364
1828 2302
1829 2349
1833 1990
1834 2459
1834 1964
1834 2140
1835 2019
1838 2035
1839 1981
1839 1925
1840 2258
1840 1973
1841 2199
1842 2225
1843 2248
1846 2046
1847 2236
1847 1856
1850 2461
1851 2417
1851 1977
1852 2375
1852 2079
1853 2202
1853 2107
1854 2150
1856 2045
1857 1967
1859 2049
1860 2436
1861 2196
1861 2151
1862 2036
1864 1961
1864 1899
1865 2412
1866 2279
1867 2310
1868 2236
1870 2306
1870 2389
1871 2010
1872 2131
1874 2337
1875 1987
1877 2490
1878 2482
1881 1946
1882 1889
1882 2172
1883 2313
1883 2303
1885 1969
1887 2410
1887 2376
1887 2055
1888 2114
1888 2446
1888 2208
1889 2037
1889 2457
1890 2015
1891 1928
1891 2282
1892 2328
1892 2393
1893 2370
1894 2164
1894 2471
1894 2309
1896 2313
1897 2026
1897 2011
1899 2060
1900 2036
1900 2213
1902 2364
1903 2395
1904 2021
1906 2089
1908 2370
1908 2000
1909 1947
1910 2115
1911 2079
1911 2178
1911 1991
1913 2272
1916 2105
1917 2076
1918 2344
1918 2001
1920 2392
1920 2274
1922 2432
1924 2295
1927 2404
1929 2067
1931 2032
1933 2275
1934 2176
1936 2105
1937 2159
1937 1985
1938 2158
1939 1950
1940 2109
1941 1995
1941 2396
1945 2228
1949 2462
1950 2084
1951 2104
1954 2124
1954 2075
1955 2193
1955 2145
1956 2269
1956 2297
1957 2086
1958 1992
1958 2252
1960 2094
1961 2354
1965 2438
1966 2101
1966 2326
1966 2118
1967 2350
1968 2357
1968 2033
1969 2014
1971 2305
1973 1992
1974 2366
1975 2126
1976 2235
1976 2197
1978 2072
1979 2456
1979 2168
1983 2453
1983 2219
1985 2319
1986 2362
1986 2333
1987 2194
1991 2307
1991 2488
1993 2106
1994 2273
1995 2128
1996 2011
2003 2343
2003 2098
2005 2241
2006 2440
2009 2324
2013 2063
2013 2279
2016 2455
2018 2317
2018 2343
2019 2286
2022 2338
2023 2241
2024 2424
2025 2261
2027 2450
2027 2280
2027 2134
2029 2284
2030 2390
2030 2038
2032 2417
2033 2485
2034 2182
2035 2423
2035 2383
2039 2450
2040 2489
2041 2388
2044 2113
2044 2352
2045 2191
2047 2051
2048 2266
2049 2455
2050 2442
2051 2428
2051 2441
2052 2414
2053 2157
2056 2407
2057 2207
2058 2270
2059 2234
2059 2471
2060 2487
2060 2078
2061 2446
2062 2117
2065 2279
2066 2382
2069 2325
2070 2227
2071 2239
2073 2254
2073 2112
2074 2299
2075 2301
2076 2091
2080 2155
2081 2421
2082 2362
2082 2434
2083 2476
2085 2252
2090 2422
2090 2102
2093 2474
2094 2192
2095 2273
2096 2110
2096 2221
2098 2370
2100 2328
2101 2239
2105 2419
2106 2401
2107 2244
2107 2309
2109 2413
2111 2330
2111 2378
2115 2116
2116 2222
2117 2274
2120 2244
2120 2492
2121 2437
2126 2235
2127 2342
2128 2162
2128 2421
2129 2435
2130 2372
2130 2349
2131 2484
2132 2255
2134 2463
2134 2328
2135 2208
2135 2415
2140 2313
2141 2230
2142 2436
2146 2480
2146 2363
2149 2186
2149 2353
2154 2251
2154 2255
2158 2159
2158 2379
2159 2399
2168 2235
2168 2378
2173 2476
2173 2394
2177 2281
2178 2417
2179 2229
2184 2415
2188 2394
2188 2295
2190 2491
2192 2347
2192 2300
2194 2263
2195 2441
2200 2403
2201 2478
2201 2276
2203 2300
2205 2414
2206 2299
2206 2388
2217 2223
2219 2344
2220 2495
2221 2422
2226 2430
2230 2427
2231 2478
2232 2423
2233 2331
2237 2275
2243 2346
2244 2290
2245 2432
2248 2349
2250 2269
2251 2277
2253 2462
2254 2425
2260 2318
2265 2487
2266 2308
2271 2374
2274 2470
2275 2431
2280 2486
2281 2381
2282 2355
2283 2439
2290 2451
2291 2499
2292 2472
2292 2361
2293 2452
2293 2374
2294 2381
2297 2319
2305 2426
2306 2348
2311 2387
2315 2447
2322 2423
2322 2484
2322 2468
2326 2432
2329 2387
2330 2333
2332 2358
2334 2420
2335 2414
2336 2497
2338 2416
2339 2485
2340 2409
2340 2467
2346 2426
2346 2481
2359 2445
2360 2376
2364 2476
2369 2486
2377 2403
2382 2431
2383 2454
2384 2475
2385 2424
2406 2420
2412 2492
2429 2456
2453 2455
2474 2499
2477 2480
2479 2492
