0 1050
0 1416
0 1147
0 949
0 843
0 1386
0 1951
0 75
1 253
1 550
1 442
1 611
1 1662
1 1532
1 275
1 719
2 2445
2 1525
2 2378
2 1757
2 436
2 1716
2 682
2 1658
3 493
3 618
3 1462
3 283
3 155
3 281
3 404
3 513
4 1076
4 2004
4 1612
4 923
4 1367
4 135
4 671
4 310
5 1871
5 153
5 454
5 2229
5 2466
5 602
5 1462
5 1466
6 668
6 1842
6 1022
6 749
6 2161
6 201
6 577
6 2468
7 765
7 2051
7 1797
7 992
7 851
7 2344
7 1081
7 2077
8 2438
8 1020
8 375
8 1736
8 1536
8 2151
8 917
8 1977
9 1018
9 1607
9 1426
9 2220
9 1604
9 1651
9 210
9 1764
10 2480
10 816
10 1233
10 2084
10 2209
10 777
10 638
10 2439
11 367
11 840
11 171
11 1391
11 452
11 2347
11 497
11 2272
12 1371
12 814
12 1245
12 1904
12 2057
12 1144
12 2074
12 1515
13 1566
13 2419
13 2095
13 1171
13 1804
13 2214
13 1516
13 524
14 2275
14 1016
14 94
14 2423
14 181
14 2030
14 2076
14 1202
15 807
15 485
15 1521
15 2256
15 567
15 197
15 2154
15 1738
16 2497
16 653
16 2120
16 1791
16 1912
16 848
16 421
16 170
17 2331
17 1946
17 533
17 838
17 1700
17 508
17 817
17 178
18 2472
18 2285
18 930
18 1768
18 793
18 1452
18 2311
18 252
19 1440
19 2183
19 2097
19 1720
19 45
19 1589
19 38
19 1388
20 1584
20 1638
20 1121
20 1061
20 2486
20 972
20 912
20 531
21 1807
21 564
21 1169
21 553
21 284
21 759
21 1432
21 1986
22 2349
22 362
22 2161
22 1290
22 963
22 888
22 393
22 2473
23 1690
23 1628
23 882
23 1499
23 269
23 1789
23 1357
23 2204
24 1591
24 1085
24 761
24 1372
24 2247
24 826
24 320
24 500
25 1945
25 1313
25 897
25 1735
25 1121
25 1123
25 1796
25 1785
26 331
26 1925
26 616
26 980
26 1765
26 168
26 465
26 2325
27 1708
27 350
27 1695
27 562
27 267
27 1190
27 1040
27 1781
28 2120
28 2355
28 799
28 1898
28 604
28 1160
28 2007
28 788
29 32
29 960
29 1941
29 1586
29 1501
29 1857
29 723
29 958
30 413
30 1165
30 2339
30 647
30 279
30 2190
30 744
30 2336
31 134
31 499
31 1152
31 471
31 143
31 1990
31 956
31 89
32 329
32 1986
32 376
32 928
32 2031
32 786
32 2013
33 1236
33 2221
33 1963
33 1642
33 1657
33 36
33 2127
33 1620
34 147
34 940
34 984
34 1718
34 851
34 594
34 1751
34 409
35 1183
35 2106
35 256
35 1991
35 1362
35 1432
35 1831
35 1578
36 1110
36 163
36 1337
36 883
36 997
36 1683
36 748
37 829
37 2487
37 1292
37 1406
37 1709
37 162
37 1259
37 2004
38 1208
38 70
38 1508
38 1787
38 1349
38 2461
38 732
39 2457
39 1251
39 1131
39 1740
39 1304
39 2276
39 2280
39 1712
40 1980
40 128
40 2477
40 908
40 1033
40 2273
40 47
40 1810
41 1645
41 468
41 2364
41 630
41 2297
41 1848
41 1718
41 1852
42 1303
42 1228
42 548
42 2402
42 1478
42 782
42 1268
42 1571
43 1047
43 1599
43 2102
43 2440
43 1005
43 1693
43 2113
43 1685
44 293
44 823
44 651
44 96
44 1794
44 297
44 123
44 1605
45 70
45 501
45 2379
45 2071
45 1219
45 200
45 2293
46 78
46 2420
46 2343
46 132
46 1843
46 1950
46 278
46 1529
47 1506
47 628
47 377
47 1498
47 1115
47 731
47 528
48 2017
48 160
48 2244
48 365
48 488
48 604
48 2082
48 1092
49 1807
49 196
49 2037
49 235
49 1332
49 665
49 1826
49 1263
50 2455
50 482
50 1234
50 787
50 2401
50 2135
50 56
50 1778
51 1140
51 69
51 759
51 2105
51 182
51 1418
51 1530
51 229
52 735
52 990
52 2149
52 2447
52 1334
52 2138
52 1816
52 2168
53 1545
53 1008
53 634
53 55
53 659
53 1213
53 1650
53 1962
54 1647
54 2023
54 778
54 357
54 1017
54 2312
54 758
54 1861
55 95
55 1269
55 1955
55 1618
55 1012
55 451
55 314
56 475
56 1683
56 1287
56 2452
56 600
56 2095
56 97
57 2152
57 597
57 1948
57 2167
57 2279
57 2400
57 1667
57 1119
58 304
58 1897
58 1635
58 642
58 213
58 140
58 953
58 1725
59 1703
59 961
59 688
59 2368
59 1996
59 1178
59 1059
59 369
60 1586
60 1896
60 581
60 431
60 444
60 1304
60 1842
60 2273
61 2163
61 181
61 233
61 1721
61 542
61 1636
61 525
61 828
62 1079
62 2417
62 123
62 543
62 349
62 1094
62 1760
62 2270
63 1186
63 1918
63 1775
63 474
63 335
63 583
63 1445
63 1558
64 934
64 1165
64 1609
64 1381
64 1130
64 1455
64 1257
64 192
65 273
65 1685
65 1540
65 1680
65 1660
65 1301
65 1454
65 340
66 1101
66 531
66 2145
66 1066
66 500
66 205
66 2341
66 1669
67 935
67 2470
67 921
67 1141
67 2377
67 2298
67 1941
67 696
68 2181
68 2293
68 1424
68 2468
68 672
68 1879
68 1524
68 158
69 1709
69 2487
69 465
69 865
69 435
69 969
69 1580
70 2035
70 467
70 1034
70 288
70 1933
70 892
71 906
71 765
71 886
71 591
71 811
71 1728
71 542
71 1765
72 761
72 380
72 1348
72 1406
72 1575
72 2142
72 1095
72 602
73 307
73 1642
73 966
73 2437
73 1271
73 334
73 1436
73 215
74 1802
74 1927
74 1795
74 1425
74 1286
74 1518
74 1894
74 1386
75 2272
75 312
75 1640
75 1593
75 1319
75 1567
75 1419
76 2343
76 1351
76 172
76 2380
76 514
76 326
76 2474
76 556
77 1414
77 1142
77 1707
77 2366
77 1576
77 872
77 564
77 449
78 1634
78 763
78 2113
78 1431
78 734
78 373
78 1906
79 554
79 2219
79 1219
79 777
79 844
79 268
79 2361
79 1802
80 1245
80 1650
80 792
80 2002
80 768
80 1940
80 840
80 509
81 2188
81 1859
81 1247
81 134
81 2476
81 2465
81 603
81 1155
82 2038
82 975
82 1087
82 1883
82 653
82 1137
82 1447
82 769
83 1141
83 837
83 1631
83 1912
83 508
83 497
83 686
83 2252
84 2077
84 352
84 475
84 209
84 2487
84 877
84 2166
84 2328
85 545
85 1156
85 113
85 1583
85 1884
85 1312
85 2429
85 543
86 198
86 1867
86 501
86 188
86 117
86 2430
86 2436
86 1083
87 2203
87 159
87 1839
87 1686
87 1180
87 753
87 684
87 1223
88 183
88 1541
88 1588
88 2437
88 527
88 1497
88 993
88 2097
89 1362
89 974
89 921
89 298
89 1404
89 339
89 2426
90 224
90 2181
90 326
90 139
90 376
90 1907
90 1917
90 1160
91 131
91 483
91 2216
91 1050
91 2078
91 1999
91 652
91 1802
92 1387
92 1554
92 1056
92 1530
92 2403
92 351
92 2016
92 726
93 2189
93 565
93 204
93 1528
93 1488
93 1961
93 1636
93 217
94 1282
94 2155
94 2392
94 1340
94 361
94 537
94 1385
95 2427
95 1560
95 141
95 1190
95 1474
95 1566
95 1702
96 1647
96 1886
96 386
96 2295
96 618
96 2090
96 1210
97 1030
97 656
97 664
97 648
97 210
97 1072
97 810
98 1306
98 555
98 295
98 2437
98 1082
98 1396
98 1670
98 198
99 1030
99 824
99 1983
99 2414
99 572
99 2230
99 675
99 610
100 1592
100 729
100 2499
100 283
100 1739
100 1488
100 1795
100 2105
101 370
101 2410
101 804
101 1415
101 986
101 678
101 2382
101 1007
102 402
102 940
102 1076
102 186
102 2093
102 359
102 656
102 1654
103 836
103 846
103 1814
103 824
103 1256
103 563
103 136
103 1281
104 255
104 2272
104 471
104 902
104 2446
104 1260
104 470
104 593
105 1031
105 1638
105 151
105 1802
105 1870
105 1045
105 1416
105 610
106 1776
106 2407
106 1216
106 1455
106 1886
106 249
106 189
106 1185
107 1788
107 866
107 2478
107 784
107 1648
107 2229
107 753
107 383
108 282
108 2450
108 1552
108 196
108 1852
108 560
108 2014
108 430
109 1183
109 316
109 487
109 1657
109 1034
109 1696
109 951
109 1685
110 241
110 1719
110 2455
110 1223
110 1585
110 746
110 387
110 992
111 156
111 1218
111 1374
111 2163
111 1791
111 682
111 1429
111 1452
112 2163
112 2060
112 2229
112 803
112 1548
112 934
112 492
112 2467
113 267
113 1063
113 499
113 1801
113 1167
113 2017
113 1702
114 2000
114 697
114 1101
114 663
114 1712
114 1846
114 1944
114 831
115 1607
115 1156
115 423
115 170
115 1461
115 1520
115 1982
115 994
116 1867
116 930
116 248
116 1637
116 902
116 1454
116 406
116 441
117 1663
117 1425
117 1295
117 425
117 161
117 1639
117 2008
118 2400
118 2442
118 717
118 1887
118 386
118 938
118 686
118 2338
119 2269
119 2341
119 1727
119 477
119 1139
119 2187
119 1258
119 2111
120 1144
120 2426
120 835
120 1750
120 1793
120 1913
120 1829
120 2068
121 2337
121 1445
121 1031
121 1374
121 1360
121 752
121 380
121 1794
122 2446
122 1227
122 230
122 166
122 773
122 1195
122 1856
122 740
123 386
123 2479
123 1502
123 1599
123 1667
123 171
124 2255
124 1522
124 1656
124 453
124 1539
124 307
124 1653
124 621
125 2244
125 878
125 330
125 1060
125 1181
125 1535
125 2412
125 582
126 1497
126 1969
126 1645
126 945
126 1873
126 518
126 2431
126 1305
127 2391
127 2320
127 327
127 2115
127 1006
127 2116
127 1542
127 2403
128 488
128 294
128 1883
128 2309
128 1198
128 1374
128 440
129 747
129 546
129 2444
129 1333
129 1080
129 2019
129 1374
129 2126
130 1592
130 1899
130 1573
130 2320
130 1305
130 383
130 427
130 1355
131 799
131 1945
131 2488
131 259
131 624
131 1913
131 1618
132 1209
132 573
132 1316
132 2035
132 312
132 1906
132 1400
133 416
133 660
133 1335
133 477
133 479
133 1931
133 308
133 2234
134 2244
134 1670
134 1788
134 1359
134 2405
134 2377
135 1065
135 2356
135 1724
135 1917
135 2145
135 1784
135 666
136 1893
136 2005
136 775
136 2433
136 695
136 1368
136 483
137 2104
137 2405
137 1092
137 717
137 1876
137 829
137 472
137 1921
138 217
138 2060
138 2365
138 1226
138 1230
138 1771
138 1753
138 1324
139 1684
139 636
139 449
139 1256
139 2360
139 690
139 1781
140 2191
140 783
140 1816
140 212
140 1307
140 262
140 560
141 396
141 1493
141 377
141 663
141 1727
141 1166
141 400
142 831
142 452
142 896
142 951
142 1808
142 1977
142 877
142 1097
143 2459
143 2384
143 173
143 1582
143 619
143 865
143 1540
144 367
144 426
144 375
144 2095
144 2022
144 2071
144 1376
144 718
145 2331
145 158
145 1823
145 285
145 803
145 268
145 1658
145 2198
146 1371
146 260
146 442
146 2215
146 2355
146 2262
146 1456
146 516
147 551
147 1411
147 2281
147 167
147 2190
147 1127
147 627
148 999
148 1861
148 2415
148 2380
148 840
148 655
148 2078
148 1319
149 1301
149 1533
149 420
149 1159
149 2329
149 1772
149 1200
149 2098
150 691
150 738
150 2088
150 2264
150 1217
150 361
150 1953
150 2131
151 714
151 221
151 260
151 1428
151 1735
151 1293
151 1057
152 2266
152 165
152 180
152 714
152 1072
152 1352
152 859
152 2216
153 1508
153 1081
153 1786
153 2351
153 605
153 1150
153 600
154 1095
154 1339
154 2249
154 1507
154 930
154 248
154 1481
154 2099
155 1123
155 2350
155 526
155 2139
155 1820
155 944
155 2037
156 1922
156 2032
156 1862
156 507
156 708
156 945
156 1928
157 1738
157 1300
157 2287
157 811
157 2027
157 2494
157 1207
157 1275
158 670
158 1400
158 1344
158 486
158 1337
158 1134
159 1081
159 1370
159 743
159 2478
159 841
159 409
159 1953
160 1202
160 962
160 2004
160 497
160 2161
160 2020
160 1472
161 1776
161 2220
161 1102
161 701
161 287
161 1314
161 1424
162 1555
162 1297
162 2207
162 607
162 1387
162 2302
162 1366
163 603
163 280
163 1611
163 269
163 2420
163 631
163 1286
164 1277
164 1380
164 1731
164 2238
164 1987
164 368
164 2266
164 1905
165 394
165 1374
165 1616
165 279
165 2311
165 701
165 764
166 1387
166 1444
166 990
166 1051
166 184
166 553
166 1342
167 178
167 593
167 454
167 1329
167 321
167 1854
167 1310
168 2423
168 2108
168 1094
168 172
168 2325
168 1197
168 2426
169 1817
169 1430
169 2164
169 305
169 1736
169 1903
169 2404
169 1932
170 176
170 673
170 1348
170 2087
170 1627
170 193
171 1789
171 480
171 1597
171 2193
171 1501
171 2497
172 198
172 1625
172 544
172 1841
172 1330
172 580
173 1342
173 1157
173 541
173 287
173 1190
173 2276
173 1484
174 318
174 1468
174 293
174 1707
174 2447
174 1897
174 937
174 1676
175 279
175 901
175 524
175 2461
175 1361
175 2476
175 2378
175 1586
176 1782
176 2085
176 593
176 2003
176 531
176 1613
176 1113
177 671
177 233
177 1449
177 2388
177 1343
177 1813
177 942
177 702
178 819
178 2180
178 620
178 306
178 1471
178 963
179 1790
179 1418
179 913
179 231
179 2259
179 1271
179 2254
179 593
180 1491
180 1372
180 314
180 815
180 428
180 1262
180 228
181 2428
181 314
181 1325
181 1745
181 893
181 2292
182 2145
182 2144
182 1455
182 964
182 933
182 2364
182 936
183 1251
183 2259
183 1161
183 1403
183 1592
183 702
183 640
184 717
184 1814
184 2431
184 2488
184 1845
184 1794
184 1224
185 1704
185 1761
185 1318
185 1003
185 1678
185 265
185 2469
185 366
186 2015
186 843
186 273
186 1757
186 1812
186 1625
186 567
187 1763
187 1738
187 1041
187 900
187 1278
187 233
187 1326
187 2256
188 843
188 2441
188 899
188 324
188 1600
188 1646
188 370
189 615
189 1059
189 2211
189 1971
189 477
189 2018
189 1559
190 1682
190 2344
190 694
190 365
190 1409
190 839
190 2429
190 2110
191 854
191 1433
191 575
191 1824
191 834
191 1311
191 1985
191 243
192 1797
192 1931
192 259
192 539
192 1896
192 2237
192 264
193 2350
193 502
193 847
193 1223
193 397
193 2319
193 1683
194 1148
194 2377
194 771
194 841
194 1872
194 2182
194 1500
194 991
195 1285
195 2259
195 343
195 468
195 1717
195 1681
195 836
195 2159
196 2001
196 1622
196 857
196 2335
196 1785
196 1347
197 707
197 1639
197 827
197 558
197 1604
197 438
197 2265
198 2289
198 2247
198 1021
198 2362
198 497
199 1692
199 325
199 1977
199 687
199 313
199 1717
199 958
199 1567
200 1448
200 1874
200 246
200 1431
200 1475
200 1296
200 1645
201 2103
201 1119
201 1904
201 496
201 1585
201 1827
201 272
202 879
202 443
202 2275
202 1580
202 2488
202 1577
202 563
202 631
203 1937
203 885
203 768
203 798
203 1224
203 801
203 1527
203 414
204 2271
204 2407
204 1463
204 2202
204 1526
204 585
204 1229
205 602
205 595
205 1309
205 1430
205 1040
205 2141
205 2336
206 1259
206 469
206 590
206 2288
206 733
206 1047
206 547
206 2014
207 908
207 978
207 1327
207 469
207 275
207 261
207 615
207 2398
208 590
208 2120
208 1858
208 2464
208 1289
208 352
208 2324
208 1255
209 2499
209 1936
209 1762
209 1137
209 621
209 1239
209 1100
210 1716
210 771
210 1215
210 1378
210 339
210 1372
211 2041
211 336
211 1506
211 1319
211 1295
211 1421
211 1462
211 471
212 641
212 1501
212 2310
212 2191
212 816
212 952
212 1600
213 1534
213 291
213 968
213 956
213 1279
213 2383
213 1744
214 2325
214 728
214 1280
214 1515
214 538
214 1146
214 2305
214 2351
215 279
215 1876
215 268
215 813
215 1246
215 1956
215 726
216 1349
216 416
216 2382
216 974
216 703
216 1183
216 1906
216 859
217 461
217 2255
217 638
217 245
217 1294
217 2263
218 1192
218 939
218 795
218 660
218 849
218 1212
218 2009
218 1459
219 547
219 2139
219 1952
219 350
219 1694
219 1297
219 872
219 1485
220 574
220 881
220 1741
220 924
220 2160
220 1586
220 1601
220 1868
221 349
221 1202
221 762
221 1822
221 387
221 1219
221 2158
222 671
222 976
222 2431
222 405
222 2433
222 629
222 1315
222 859
223 692
223 1967
223 229
223 2143
223 768
223 581
223 2048
223 1942
224 1407
224 2434
224 834
224 878
224 2301
224 1324
224 690
225 430
225 2229
225 2188
225 2009
225 654
225 755
225 763
225 556
226 376
226 1310
226 804
226 1679
226 2354
226 308
226 1337
226 2388
227 1136
227 2253
227 1055
227 2291
227 1930
227 1347
227 1463
227 1280
228 1833
228 832
228 1322
228 330
228 761
228 1972
228 731
229 451
229 1737
229 2473
229 1956
229 1643
229 2276
230 1957
230 907
230 2070
230 1804
230 1175
230 926
230 1894
231 1901
231 1933
231 1937
231 1105
231 1294
231 1920
231 1893
232 756
232 696
232 1384
232 1003
232 1744
232 1865
232 323
232 2309
233 1309
233 2296
233 1985
233 2095
233 1731
234 318
234 936
234 1600
234 990
234 983
234 1033
234 454
234 999
235 1982
235 899
235 1213
235 1272
235 1075
235 2498
235 1668
236 529
236 892
236 1373
236 1441
236 1434
236 307
236 372
236 495
237 1172
237 1702
237 2025
237 1334
237 1446
237 1259
237 621
237 489
238 806
238 2273
238 933
238 2035
238 904
238 2395
238 369
238 279
239 565
239 1077
239 867
239 304
239 1953
239 1526
239 2069
239 2451
240 392
240 890
240 1565
240 1915
240 2161
240 1041
240 2463
240 842
241 1611
241 1096
241 601
241 739
241 2393
241 1013
241 2020
242 492
242 1044
242 2104
242 2348
242 1422
242 1351
242 1601
242 1275
243 1345
243 414
243 277
243 1669
243 1442
243 883
243 1665
244 2282
244 1120
244 1480
244 367
244 1770
244 2082
244 2200
244 1367
245 1306
245 2457
245 376
245 1108
245 1149
245 1019
245 825
246 790
246 1278
246 1951
246 472
246 399
246 2495
246 1685
247 1550
247 2117
247 2295
247 672
247 1155
247 1893
247 1895
247 1629
248 2358
248 1789
248 1399
248 666
248 347
248 2436
249 411
249 1411
249 1466
249 2369
249 398
249 2088
249 862
250 430
250 1916
250 1146
250 1341
250 1143
250 540
250 1442
250 2011
251 586
251 2308
251 779
251 2221
251 375
251 432
251 1118
251 293
252 522
252 1826
252 1002
252 496
252 937
252 482
252 1459
253 812
253 1102
253 2447
253 1015
253 1516
253 757
253 765
254 501
254 2480
254 320
254 859
254 1171
254 1351
254 596
254 2363
255 2339
255 2352
255 1833
255 2158
255 965
255 1190
255 457
256 1724
256 1396
256 1226
256 767
256 2487
256 1807
256 2411
257 937
257 1421
257 2272
257 1966
257 1046
257 1840
257 2198
257 2043
258 789
258 1035
258 529
258 2002
258 702
258 1602
258 986
258 601
259 1045
259 2272
259 1827
259 784
259 1509
259 2432
260 1484
260 1736
260 2091
260 1701
260 1069
260 895
261 1888
261 1756
261 446
261 1682
261 2216
261 2280
261 296
262 2043
262 2478
262 730
262 2016
262 1198
262 1085
262 658
263 1074
263 1390
263 1799
263 1492
263 1041
263 1472
263 1665
263 648
264 1394
264 281
264 1426
264 2301
264 1647
264 2214
264 2324
265 1098
265 468
265 2055
265 713
265 759
265 451
265 2357
266 310
266 1464
266 2445
266 1818
266 2249
266 973
266 959
266 334
267 1973
267 897
267 901
267 2004
267 1390
267 678
268 841
268 2187
268 945
268 2486
268 1914
269 1260
269 336
269 626
269 2411
269 967
269 348
270 1574
270 399
270 2013
270 1764
270 1612
270 1465
270 1909
270 844
271 1351
271 1485
271 2212
271 1906
271 661
271 1268
271 332
271 995
272 1261
272 1384
272 642
272 1051
272 1673
272 753
272 1975
273 284
273 563
273 418
273 1975
273 1032
273 1758
274 1793
274 2201
274 1338
274 1824
274 1058
274 1997
274 941
274 633
275 2110
275 1184
275 2281
275 1084
275 1207
275 328
276 1062
276 998
276 1066
276 1732
276 1105
276 1113
276 794
276 912
277 2034
277 1831
277 288
277 2113
277 1310
277 320
277 2347
278 2306
278 1239
278 1476
278 2336
278 1658
278 1651
278 2311
279 1015
279 1221
279 1223
280 1362
280 525
280 1747
280 2250
280 1742
280 457
280 2053
281 986
281 847
281 2089
281 2009
281 2308
281 1746
282 2499
282 891
282 2314
282 893
282 2097
282 1911
282 2463
283 2335
283 1453
283 1509
283 1064
283 1420
283 1863
284 765
284 1856
284 1004
284 1354
284 1175
284 1142
285 507
285 687
285 1419
285 1598
285 1224
285 2187
285 770
286 1920
286 1051
286 2342
286 2452
286 2267
286 2444
286 423
286 2343
287 1543
287 1782
287 743
287 2278
287 650
287 1160
288 543
288 2258
288 1831
288 825
288 1814
288 997
289 861
289 2266
289 524
289 1383
289 1981
289 2427
289 2350
289 2288
290 506
290 2158
290 739
290 1021
290 1872
290 1256
290 2188
290 450
291 898
291 2410
291 2359
291 1538
291 625
291 1839
291 1163
292 2390
292 659
292 1124
292 1810
292 1251
292 1609
292 999
292 867
293 434
293 1295
293 978
293 2086
293 2119
294 398
294 1127
294 1976
294 1152
294 2075
294 2495
294 352
295 1773
295 1703
295 1142
295 2310
295 1064
295 938
295 1534
296 1429
296 790
296 2197
296 1473
296 1637
296 2002
296 334
297 519
297 1821
297 512
297 2231
297 1681
297 1430
297 2388
298 832
298 954
298 404
298 1864
298 1301
298 1723
298 691
299 2220
299 867
299 725
299 1820
299 1769
299 1755
299 584
299 1554
300 2321
300 647
300 1924
300 1913
300 1684
300 1784
300 2270
300 899
301 354
301 1715
301 1827
301 2301
301 1751
301 501
301 1785
301 1721
302 1596
302 740
302 1760
302 947
302 2240
302 1448
302 1934
302 1111
303 407
303 710
303 944
303 2204
303 378
303 435
303 2034
303 1398
304 2212
304 1318
304 1910
304 862
304 1471
304 2465
305 2305
305 1251
305 1682
305 723
305 837
305 403
305 944
306 2350
306 1964
306 1110
306 1903
306 832
306 645
306 596
307 2086
307 2007
307 1747
307 2380
307 461
308 470
308 843
308 2241
308 1557
308 1563
308 2117
309 1306
309 1855
309 1439
309 801
309 858
309 794
309 1596
309 1569
310 1765
310 938
310 1921
310 1492
310 2413
310 1524
311 1544
311 597
311 962
311 2323
311 2384
311 2106
311 1318
311 2277
312 649
312 2061
312 624
312 1537
312 1900
312 1229
313 906
313 914
313 707
313 2380
313 1634
313 2300
313 1364
314 1337
314 481
314 531
314 934
314 1292
315 1992
315 2491
315 2038
315 984
315 1176
315 1664
315 658
315 1333
316 2140
316 2318
316 2012
316 1867
316 1494
316 2035
316 2408
317 1843
317 732
317 672
317 2381
317 1039
317 1199
317 583
317 2311
318 1936
318 2345
318 1531
318 2207
318 2493
318 2145
319 925
319 1719
319 2029
319 891
319 332
319 2111
319 924
319 1460
320 418
320 375
320 324
320 689
320 1925
321 446
321 934
321 681
321 2152
321 1527
321 2442
321 453
322 2021
322 978
322 2029
322 1901
322 724
322 1759
322 1251
322 801
323 1422
323 1707
323 377
323 2059
323 1784
323 677
323 679
324 2375
324 1572
324 2482
324 1182
324 1232
324 1304
325 335
325 1828
325 781
325 1687
325 1449
325 1209
325 1477
326 2047
326 1551
326 1036
326 1409
326 2086
326 2123
327 2119
327 1677
327 855
327 1607
327 2396
327 1287
327 2248
328 395
328 867
328 2109
328 1484
328 676
328 2073
328 841
329 935
329 917
329 1856
329 2263
329 674
329 1020
329 1363
330 1000
330 2233
330 1595
330 2014
330 526
330 466
331 1221
331 1062
331 374
331 1718
331 1785
331 353
331 2339
332 1267
332 622
332 589
332 760
332 2108
332 1934
333 1192
333 1191
333 1624
333 431
333 985
333 2465
333 1233
333 2027
334 850
334 1756
334 953
334 2312
334 1282
335 2464
335 1659
335 1940
335 1483
335 805
335 439
336 1129
336 1052
336 1166
336 2469
336 338
336 1561
337 2444
337 406
337 1679
337 746
337 1104
337 2210
337 1957
337 1945
338 1292
338 379
338 2089
338 2201
338 2017
338 2254
338 2432
339 1271
339 1447
339 1141
339 2064
339 1252
339 2059
340 1155
340 1214
340 409
340 446
340 1629
340 1116
340 2171
341 1907
341 996
341 675
341 549
341 1995
341 1933
341 778
341 2026
342 2106
342 2119
342 1364
342 1790
342 494
342 2260
342 1130
342 1627
343 1724
343 424
343 1833
343 1096
343 1947
343 944
343 993
344 2391
344 704
344 1271
344 1814
344 1618
344 458
344 1489
344 1603
345 523
345 1555
345 494
345 1838
345 353
345 2020
345 724
345 347
346 968
346 1022
346 1006
346 1382
346 887
346 2230
346 2043
346 718
347 567
347 1227
347 1343
347 2258
347 1276
347 1250
348 942
348 1905
348 2349
348 1794
348 2182
348 1524
348 1569
349 1636
349 2485
349 1068
349 2064
349 1966
349 1783
350 1898
350 1272
350 581
350 1695
350 1796
350 2167
351 1068
351 1437
351 2284
351 1845
351 1158
351 410
351 411
352 2140
352 399
352 1065
352 371
352 1151
353 670
353 1035
353 1391
353 1185
353 440
353 2294
354 2222
354 1606
354 1915
354 1457
354 576
354 997
354 2178
355 1874
355 1761
355 575
355 1248
355 447
355 799
355 2292
355 435
356 1330
356 448
356 1613
356 566
356 1423
356 2454
356 1046
356 412
357 1688
357 614
357 1489
357 1588
357 1564
357 2131
357 459
358 1433
358 561
358 2105
358 1988
358 1801
358 2200
358 2334
358 1947
359 1362
359 1111
359 2342
359 369
359 2330
359 2253
359 1705
360 486
360 1092
360 902
360 2369
360 651
360 1770
360 1371
360 627
361 638
361 1168
361 1049
361 2464
361 730
361 703
362 1288
362 2367
362 823
362 623
362 1791
362 365
362 554
363 874
363 1841
363 2341
363 1034
363 2307
363 890
363 1134
363 2049
364 2311
364 995
364 1610
364 2215
364 1409
364 1895
364 491
364 411
365 962
365 1638
365 1813
365 2044
365 1229
366 991
366 966
366 2323
366 2475
366 1916
366 1544
366 1612
367 1458
367 1877
367 613
367 1715
367 2038
368 2392
368 537
368 1080
368 2384
368 886
368 1743
368 1729
369 2137
369 2275
369 603
369 1152
369 2295
370 1189
370 2059
370 1986
370 2153
370 813
370 1260
371 2388
371 470
371 2273
371 1199
371 1025
371 1066
371 2105
372 2493
372 2103
372 1419
372 1469
372 723
372 948
372 690
373 385
373 1051
373 1416
373 1967
373 667
373 1259
373 1743
374 2073
374 820
374 1936
374 981
374 620
374 1473
374 1840
375 1801
375 1761
375 1442
375 2185
376 525
376 1187
376 1806
376 1220
377 2386
377 582
377 628
377 1263
377 693
378 1982
378 2468
378 1527
378 1214
378 1390
378 1002
378 2108
379 1134
379 500
379 1850
379 1288
379 619
379 2462
379 517
380 1846
380 464
380 2117
380 1549
380 1120
380 2415
381 435
381 1895
381 658
381 1123
381 1996
381 1305
381 1373
381 2167
382 690
382 2139
382 1835
382 1285
382 2270
382 2380
382 967
382 2245
383 2469
383 406
383 881
383 2284
383 1375
383 1419
384 1984
384 1238
384 1293
384 2454
384 1967
384 1078
384 1401
384 2126
385 1979
385 1719
385 916
385 1524
385 2129
385 2318
385 1695
386 721
386 1796
386 1488
386 2451
386 1582
387 683
387 1837
387 2108
387 1010
387 2222
387 1377
388 893
388 708
388 635
388 1563
388 1560
388 1538
388 1555
388 1845
389 553
389 799
389 1087
389 393
389 2420
389 2103
389 1674
389 1232
390 1033
390 729
390 1523
390 1593
390 827
390 1139
390 1751
390 988
391 2484
391 1547
391 1615
391 1473
391 1400
391 421
391 480
391 780
392 521
392 1200
392 884
392 633
392 1607
392 672
392 2068
393 1801
393 1174
393 615
393 1112
393 1895
393 1510
394 2113
394 806
394 1954
394 2438
394 2132
394 2429
394 2426
395 2451
395 2398
395 1769
395 405
395 873
395 910
395 2269
396 1224
396 474
396 1713
396 1515
396 1827
396 1432
396 990
397 1976
397 488
397 1774
397 1479
397 2328
397 489
397 465
398 1882
398 883
398 819
398 989
398 1164
398 587
399 854
399 2321
399 2021
399 1329
399 2161
400 1809
400 2454
400 2341
400 1846
400 2440
400 1575
400 1203
401 1034
401 1643
401 1203
401 1264
401 641
401 429
401 2395
401 1037
402 2081
402 1157
402 712
402 1198
402 1571
402 1663
402 1055
403 1315
403 2217
403 1438
403 2234
403 857
403 519
403 1690
404 1146
404 1084
404 877
404 1649
404 2335
404 1530
405 1304
405 408
405 1824
405 473
405 1011
405 1552
406 978
406 1167
406 722
406 1340
406 1807
407 2314
407 778
407 1816
407 958
407 828
407 2216
407 658
408 1538
408 1540
408 1463
408 2122
408 1677
408 445
408 2411
409 1752
409 440
409 2402
409 2349
409 1954
410 1692
410 1051
410 1845
410 736
410 1105
410 1075
410 1886
411 2139
411 1442
411 2499
411 823
411 1046
412 1989
412 1726
412 2266
412 647
412 1876
412 2372
412 454
413 950
413 776
413 2236
413 1567
413 870
413 1774
413 1093
414 2303
414 486
414 787
414 676
414 1522
414 1004
415 1035
415 1290
415 2207
415 664
415 1959
415 1574
415 456
415 438
416 1150
416 712
416 1188
416 923
416 978
416 608
417 1097
417 2159
417 562
417 1824
417 2257
417 2083
417 2480
417 816
418 442
418 2040
418 667
418 1824
418 846
418 1800
419 1011
419 2174
419 1192
419 1482
419 1000
419 680
419 1340
419 1632
420 1412
420 1511
420 532
420 466
420 1880
420 1945
420 571
421 1800
421 812
421 2415
421 1598
421 782
421 1655
422 2491
422 2497
422 1371
422 1049
422 619
422 850
422 2264
422 1531
423 2077
423 1073
423 2185
423 1864
423 1914
423 983
424 816
424 1689
424 1098
424 1390
424 1266
424 1327
424 2431
425 718
425 1740
425 619
425 607
425 1348
425 1766
425 1328
426 674
426 1589
426 1648
426 2364
426 2434
426 641
426 2308
427 2031
427 612
427 792
427 1773
427 2376
427 2049
427 2225
428 1693
428 1371
428 513
428 559
428 855
428 2029
428 2453
429 1080
429 1341
429 1464
429 2071
429 2409
429 2096
429 1187
430 1143
430 442
430 1165
430 2497
430 1212
431 2354
431 1530
431 477
431 1213
431 575
431 1932
432 780
432 459
432 1644
432 597
432 1672
432 950
432 845
433 860
433 1603
433 1220
433 1609
433 1173
433 1094
433 1020
433 1505
434 835
434 830
434 1058
434 2241
434 1488
434 530
434 1711
435 2448
435 1027
435 767
435 942
436 918
436 1857
436 2137
436 1024
436 1302
436 1128
436 2472
437 689
437 2235
437 923
437 443
437 685
437 2150
437 1966
437 819
438 1538
438 1956
438 1334
438 2229
438 1674
438 1966
439 2481
439 665
439 1835
439 1943
439 1261
439 1439
439 1507
440 823
440 1795
440 2054
440 2353
440 2265
441 2131
441 655
441 604
441 1092
441 1258
441 2394
441 803
442 2171
442 1404
442 844
442 2368
443 2133
443 1193
443 2401
443 674
443 1149
443 777
444 2196
444 1813
444 485
444 1164
444 1892
444 2276
444 1583
445 957
445 917
445 1632
445 1389
445 1512
445 2107
445 2054
446 830
446 2059
446 781
446 1291
446 1511
447 1277
447 1090
447 1039
447 2380
447 529
447 1184
447 996
448 904
448 710
448 2134
448 2413
448 1605
448 2170
448 1356
449 1506
449 2238
449 951
449 1135
449 1286
449 1890
450 535
450 1467
450 2395
450 1204
450 1475
450 1037
450 1723
451 2267
451 2436
451 2118
451 499
451 1106
452 1751
452 2239
452 1735
452 852
452 848
452 1329
453 1441
453 506
453 845
453 1036
453 2316
453 1341
454 1967
454 1474
454 1841
454 2327
455 2117
455 1567
455 1804
455 2490
455 1291
455 2408
455 471
455 1398
456 1553
456 1867
456 1615
456 1791
456 2103
456 1998
456 711
457 1278
457 598
457 1458
457 1149
457 1916
457 1064
458 519
458 2109
458 1352
458 617
458 1711
458 479
458 2255
459 920
459 664
459 1196
459 884
459 2234
459 2093
460 512
460 1121
460 1781
460 1848
460 1253
460 2434
460 746
460 2039
461 1557
461 546
461 656
461 1718
461 2397
461 1592
462 725
462 2203
462 1553
462 2289
462 1363
462 971
462 2086
462 1905
463 808
463 2207
463 2215
463 1447
463 957
463 635
463 624
463 2029
464 2105
464 873
464 909
464 1397
464 1388
464 910
464 1528
465 698
465 1007
465 2238
465 1034
465 783
466 1842
466 1043
466 1077
466 2125
466 699
466 569
467 1144
467 1292
467 1595
467 1210
467 967
467 1035
467 1376
468 1708
468 1164
468 1958
468 526
468 1810
469 1656
469 1335
469 666
469 2067
469 1680
469 2273
470 1059
470 1923
470 703
470 695
470 697
471 963
471 1063
471 1876
471 806
472 605
472 1763
472 1943
472 1736
472 1320
472 994
473 1539
473 2160
473 2195
473 2331
473 577
473 876
473 1874
474 597
474 898
474 889
474 2327
474 477
474 1453
475 1470
475 546
475 1514
475 1635
475 2180
475 1496
476 635
476 729
476 1351
476 2259
476 2382
476 651
476 2124
476 2183
477 1356
477 1674
477 913
478 1234
478 779
478 1839
478 2015
478 1694
478 1619
478 1677
478 1305
479 1244
479 1837
479 1341
479 899
479 1827
479 766
480 534
480 2194
480 1985
480 2253
480 1833
480 799
481 1229
481 1092
481 2072
481 1192
481 2036
481 1477
481 491
482 2470
482 1975
482 1029
482 1284
482 2355
482 1057
483 1710
483 1742
483 1060
483 859
483 861
483 1032
484 915
484 1140
484 1918
484 1244
484 2148
484 810
484 2020
484 2288
485 2490
485 2096
485 2485
485 720
485 523
485 1812
486 2481
486 2086
486 1288
486 1398
486 1699
487 1426
487 981
487 1273
487 1077
487 1263
487 990
487 1854
488 937
488 1623
488 1946
488 791
488 2198
489 2438
489 1738
489 1056
489 1610
489 1990
489 1905
490 908
490 670
490 905
490 2048
490 1849
490 857
490 925
490 1960
491 687
491 608
491 731
491 2461
491 1348
491 2449
492 650
492 1336
492 1633
492 1377
492 1610
492 1852
493 1600
493 907
493 854
493 2147
493 1953
493 1506
493 998
494 1596
494 551
494 731
494 1892
494 926
494 734
495 2319
495 535
495 1494
495 519
495 503
495 1595
495 1091
496 1941
496 2011
496 1755
496 1301
496 1846
496 1542
497 1928
497 1456
497 2135
497 2311
498 1734
498 731
498 678
498 1478
498 776
498 1884
498 729
498 1193
499 1643
499 2320
499 957
499 1712
499 2264
500 2222
500 1608
500 1455
500 504
500 873
501 2341
501 1485
501 1026
501 1081
502 2317
502 1333
502 2472
502 2232
502 870
502 2330
502 2382
503 1638
503 2123
503 704
503 505
503 1422
503 1853
503 1859
504 2251
504 1272
504 2278
504 1727
504 1102
504 653
504 1099
505 1843
505 1804
505 943
505 2337
505 1182
505 1230
505 911
506 2183
506 2198
506 588
506 768
506 2472
506 883
507 2368
507 1110
507 2403
507 1537
507 1706
507 1195
508 1815
508 1680
508 1620
508 1541
508 1246
508 795
509 1064
509 945
509 1110
509 1248
509 1358
509 2215
509 1710
510 1934
510 613
510 1664
510 544
510 1583
510 2080
510 1079
510 718
511 971
511 1131
511 1360
511 610
511 1661
511 618
511 1344
511 2450
512 1081
512 2427
512 1397
512 1573
512 1926
512 1662
513 1874
513 1489
513 1235
513 1094
513 1095
513 1447
514 2387
514 1962
514 1270
514 1575
514 877
514 2051
514 2416
515 713
515 838
515 2303
515 2230
515 2168
515 619
515 2099
515 930
516 952
516 1871
516 613
516 2204
516 1091
516 1642
516 1257
517 1653
517 2112
517 2182
517 1130
517 1427
517 2352
517 557
518 971
518 1468
518 2327
518 2019
518 523
518 824
518 1952
519 2332
519 1275
519 570
519 950
520 1512
520 707
520 1087
520 1307
520 1320
520 2280
520 683
520 1987
521 927
521 1283
521 2411
521 969
521 1332
521 663
521 829
522 1443
522 2171
522 941
522 2230
522 1011
522 926
522 1590
523 1876
523 859
523 2088
523 2283
523 844
524 1897
524 2381
524 1089
524 2235
524 1435
525 1395
525 1179
525 642
525 684
525 862
526 838
526 1590
526 1003
526 1627
526 2344
527 2488
527 1012
527 1919
527 2418
527 1058
527 983
527 1528
528 2421
528 1915
528 1177
528 1546
528 1843
528 1528
528 1829
529 1404
529 2360
529 710
529 2348
529 1528
530 2465
530 1475
530 927
530 918
530 1332
530 1582
530 1069
531 1203
531 684
531 1425
531 727
532 2068
532 1142
532 700
532 2063
532 1931
532 1048
532 1175
533 1674
533 1225
533 1393
533 634
533 2298
533 1486
533 738
534 2366
534 1119
534 1930
534 1230
534 1665
534 2276
534 1224
535 1640
535 661
535 1865
535 1999
535 1660
535 682
536 2335
536 2069
536 1074
536 583
536 1437
536 1353
536 2160
536 798
537 1191
537 1426
537 855
537 1653
537 942
537 955
538 2313
538 2251
538 1204
538 2176
538 900
538 2052
538 1545
539 1440
539 2209
539 722
539 1542
539 1210
539 1720
539 585
540 630
540 1921
540 2402
540 2076
540 967
540 1392
540 631
541 1082
541 1137
541 1908
541 2475
541 916
541 2266
541 1329
542 783
542 1900
542 787
542 1020
542 1767
542 649
543 1285
543 682
543 662
543 1832
543 1961
544 1014
544 2430
544 1727
544 1529
544 721
544 2199
545 2344
545 2330
545 781
545 1135
545 2237
545 1796
545 1186
546 1859
546 1813
546 1626
546 961
546 2003
547 2443
547 955
547 2041
547 2040
547 564
547 1280
548 2180
548 1214
548 1056
548 2410
548 681
548 2082
548 1519
549 1041
549 1015
549 1320
549 1500
549 2173
549 1572
549 996
550 1627
550 1000
550 1246
550 1477
550 2455
550 1717
550 1765
551 1706
551 1882
551 1215
551 1459
551 964
551 1365
552 1467
552 1414
552 1341
552 1664
552 2324
552 2054
552 2124
552 1802
553 814
553 1024
553 2372
553 2442
553 2455
554 1022
554 837
554 2018
554 1023
554 2433
554 2022
555 1743
555 2024
555 1836
555 1649
555 1885
555 1322
555 875
556 1809
556 2061
556 1435
556 612
556 2279
556 737
557 2081
557 1509
557 1981
557 2147
557 794
557 1770
557 778
558 1335
558 1077
558 2491
558 1327
558 1947
558 2371
558 1326
559 1258
559 1504
559 977
559 2105
559 2457
559 1091
559 910
560 1510
560 777
560 1133
560 829
560 2052
560 2462
561 1547
561 2099
561 1804
561 1542
561 2397
561 1881
561 565
562 1616
562 879
562 2462
562 1783
562 2250
562 2050
563 1279
563 1380
563 764
563 1069
563 2288
564 879
564 881
564 1843
564 1998
564 2494
565 1434
565 2274
565 719
565 1697
565 973
566 846
566 1406
566 1274
566 2474
566 1112
566 2352
566 866
567 852
567 1754
567 1272
567 1014
567 2001
568 2020
568 1215
568 1217
568 977
568 1049
568 1399
568 1099
568 2269
569 1135
569 1237
569 2409
569 675
569 1163
569 1033
569 672
570 1173
570 2212
570 1035
570 2497
570 647
570 1212
570 2252
571 888
571 874
571 2080
571 973
571 1206
571 1450
571 766
572 2192
572 1268
572 2389
572 708
572 2361
572 1832
572 1524
573 2146
573 2007
573 588
573 1260
573 1073
573 1740
573 2160
574 1543
574 1626
574 2215
574 1799
574 728
574 989
574 713
575 659
575 1842
575 1125
575 1531
575 2028
576 1734
576 1168
576 1953
576 1461
576 838
576 1887
576 2063
577 1221
577 1330
577 1712
577 1382
577 1872
577 1443
578 1780
578 1701
578 706
578 2427
578 1998
578 2046
578 1900
578 1959
579 668
579 1600
579 656
579 2111
579 1937
579 945
579 1611
579 2158
580 2015
580 1683
580 1375
580 939
580 1675
580 1243
580 2441
581 2369
581 708
581 2474
581 1543
581 2098
582 2342
582 2017
582 1388
582 2309
582 888
582 1241
583 1618
583 1868
583 1460
583 2401
583 2374
584 2078
584 1638
584 1375
584 2356
584 1069
584 1869
584 854
585 2283
585 1896
585 1709
585 736
585 957
585 701
586 1496
586 2437
586 640
586 1821
586 1262
586 1323
586 2185
587 1370
587 1796
587 687
587 1672
587 1854
587 2217
587 1152
588 2026
588 1293
588 2148
588 722
588 1085
588 988
589 2365
589 1749
589 2356
589 2426
589 2104
589 1710
589 773
590 1878
590 633
590 762
590 869
590 669
590 1641
591 2258
591 1953
591 1942
591 1631
591 1877
591 2336
591 1667
592 1308
592 1602
592 1991
592 1533
592 2399
592 1409
592 2424
592 2116
593 1255
593 2284
593 2223
593 1519
594 1074
594 902
594 1148
594 2430
594 1867
594 2242
594 1109
595 809
595 1347
595 2444
595 2004
595 2072
595 1324
595 2480
596 1136
596 1767
596 697
596 1055
596 1652
596 1036
597 1287
597 1519
597 2209
597 1878
598 2127
598 827
598 1339
598 697
598 965
598 1264
598 1608
599 1960
599 2116
599 2173
599 941
599 1818
599 1841
599 2085
599 2066
600 910
600 606
600 1270
600 1938
600 1310
600 872
601 1130
601 2407
601 1969
601 981
601 1896
601 1466
602 714
602 2018
602 1512
602 1188
602 867
603 1497
603 1248
603 1987
603 1439
603 1109
604 2048
604 1275
604 1708
604 1940
604 1269
605 1390
605 1252
605 1175
605 2400
605 1849
605 843
606 2046
606 1900
606 2184
606 1561
606 2287
606 639
606 1554
607 620
607 1772
607 1226
607 2134
607 773
607 1303
608 840
608 640
608 1513
608 1018
608 1350
608 615
609 1546
609 2454
609 2309
609 1438
609 1629
609 2293
609 1228
609 2028
610 2019
610 919
610 2322
610 1631
610 1582
611 835
611 1431
611 1289
611 2028
611 1228
611 2129
611 1579
612 905
612 652
612 706
612 2058
612 2308
612 1858
613 1983
613 2440
613 1393
613 1131
613 2237
614 1025
614 1995
614 1994
614 1193
614 1400
614 1402
614 1899
615 2419
615 2234
615 2289
615 1979
616 2349
616 2201
616 1156
616 1787
616 2326
616 1589
616 1257
617 1919
617 1359
617 2087
617 2216
617 2218
617 1467
617 1887
618 1174
618 980
618 1895
618 1211
618 1860
619 1048
619 1395
619 630
620 642
620 1988
620 643
620 2219
620 702
621 1864
621 2033
621 2226
621 2274
621 1539
622 2247
622 920
622 2092
622 1261
622 781
622 2312
622 1806
623 1756
623 1569
623 1422
623 775
623 788
623 1342
623 761
624 1568
624 1866
624 1471
624 1888
624 1652
625 2474
625 2253
625 1771
625 2136
625 2316
625 778
625 1198
626 2199
626 1123
626 887
626 1407
626 980
626 2328
626 1206
627 908
627 1347
627 1623
627 749
627 2159
627 1800
628 1231
628 1044
628 2104
628 778
628 1066
628 1620
629 2138
629 1003
629 1064
629 681
629 1290
629 1145
629 2339
630 1587
630 1349
630 1212
630 1086
630 1072
631 863
631 1118
631 1969
631 1117
631 1739
632 1264
632 2115
632 1626
632 1001
632 1792
632 2150
632 2371
632 2256
633 711
633 1314
633 2114
633 1366
633 860
634 2348
634 1425
634 2130
634 1197
634 1628
634 1086
635 1896
635 1321
635 826
635 880
635 1368
636 650
636 1631
636 1875
636 2409
636 1311
636 1792
636 2065
637 1533
637 2080
637 1945
637 2334
637 953
637 1379
637 1622
637 1074
638 1843
638 930
638 789
638 1388
638 1750
639 2335
639 1637
639 2492
639 1860
639 813
639 1688
639 750
640 2033
640 721
640 1229
640 2036
640 725
641 650
641 1673
641 1367
641 2228
641 1454
642 2387
642 1738
642 2338
642 2157
643 1304
643 1970
643 791
643 2457
643 1773
643 1191
643 1925
644 2285
644 1981
644 1781
644 725
644 2004
644 2054
644 1517
644 696
645 2176
645 1855
645 1931
645 1979
645 1598
645 2061
645 1753
646 1603
646 1281
646 2314
646 1621
646 2175
646 2432
646 2047
646 2471
647 2238
647 2431
647 1241
647 2262
648 1832
648 1200
648 2114
648 2208
648 1543
648 2024
649 1263
649 1029
649 2421
649 869
649 1599
649 2045
650 1617
650 1831
650 2453
650 662
651 1648
651 1872
651 2182
651 1683
651 1786
652 2461
652 732
652 1578
652 2263
652 707
652 1806
653 744
653 1058
653 2458
653 1698
653 1563
654 2072
654 1391
654 1367
654 1622
654 1341
654 2264
654 1518
655 2204
655 1955
655 1137
655 2402
655 2208
655 734
656 2044
656 1978
656 728
656 1895
657 2440
657 1613
657 2483
657 1974
657 1725
657 1164
657 2092
657 2375
658 2166
658 2394
658 1308
658 1355
659 1906
659 1589
659 2070
659 1515
659 2357
660 1781
660 1283
660 1000
660 1114
660 1723
660 2208
661 792
661 2323
661 1137
661 1379
661 2483
661 745
662 1659
662 2012
662 2201
662 1266
662 1809
662 2061
663 1203
663 1446
663 742
663 1469
663 1358
664 1655
664 713
664 890
664 885
664 742
665 2141
665 858
665 767
665 894
665 2240
665 2176
666 943
666 2073
666 2130
666 977
666 1647
667 1975
667 1712
667 1263
667 1257
667 2414
667 1241
668 1809
668 1242
668 976
668 1392
668 2256
668 835
669 770
669 2164
669 2291
669 2449
669 1080
669 2384
669 1763
670 1037
670 2275
670 2121
670 1419
670 1737
671 2234
671 1101
671 1709
671 1205
671 1008
672 1823
672 2406
672 2032
673 817
673 2052
673 1238
673 1869
673 1845
673 845
673 2391
674 795
674 1030
674 708
674 1691
674 1255
675 1834
675 1755
675 1138
675 1914
675 2226
676 2213
676 2129
676 2439
676 1124
676 2274
676 1053
677 826
677 2304
677 1382
677 1903
677 1643
677 1201
677 772
678 1800
678 926
678 1539
678 1276
678 2058
679 2390
679 2325
679 1878
679 1574
679 1688
679 1476
679 2098
680 1296
680 2358
680 1289
680 2248
680 1014
680 1462
680 1202
681 822
681 1248
681 1963
681 1281
681 2455
682 2445
682 1253
682 1008
682 1422
683 1476
683 1515
683 1573
683 1606
683 1680
683 1480
684 806
684 1870
684 2237
684 1311
684 818
685 1222
685 903
685 1515
685 2304
685 1798
685 1127
685 1038
686 1352
686 1466
686 1208
686 1344
686 1431
686 2044
687 1646
687 2006
687 1579
687 2373
688 1465
688 1762
688 2305
688 2392
688 1116
688 1527
688 1087
689 1061
689 1254
689 1082
689 1931
689 1517
689 954
690 749
690 727
690 2484
690 1241
691 2077
691 2056
691 2058
691 1376
691 1875
691 729
692 2164
692 1790
692 1470
692 847
692 1807
692 2180
692 948
693 2301
693 1852
693 985
693 1275
693 2014
693 1602
693 720
694 1873
694 1259
694 1679
694 752
694 1361
694 1406
694 2382
695 1087
695 1465
695 1691
695 1706
695 2100
695 925
696 1909
696 1836
696 749
696 2401
696 1851
697 1939
697 1567
697 1233
697 2209
698 2348
698 1590
698 1664
698 980
698 1822
698 1388
698 1748
699 2047
699 1477
699 2218
699 1604
699 893
699 1464
699 1987
700 841
700 2221
700 1239
700 2088
700 801
700 961
700 708
701 2186
701 2001
701 2368
701 2425
701 1261
702 2379
702 1309
702 1606
702 2088
703 1403
703 1131
703 1495
703 2405
703 1032
704 1831
704 1725
704 1891
704 1022
704 817
704 1238
705 901
705 1189
705 862
705 2219
705 1464
705 2403
705 733
705 1945
706 1158
706 1527
706 849
706 1316
706 1133
706 1902
707 2269
707 2360
707 1486
707 803
708 1722
708 1851
709 2197
709 1750
709 1002
709 1863
709 800
709 2082
709 909
709 2202
710 1993
710 818
710 831
710 1803
710 751
711 1301
711 1789
711 2286
711 1151
711 1274
711 1942
712 1755
712 2073
712 1928
712 2045
712 2170
712 1473
713 1653
713 775
713 1938
713 1227
714 759
714 1099
714 1041
714 1139
714 1072
715 1694
715 1628
715 2226
715 2239
715 1060
715 859
715 733
715 1038
716 1542
716 2323
716 1282
716 1692
716 1639
716 1324
716 2170
716 2093
717 1510
717 1609
717 2312
717 1381
717 1746
718 1262
718 1556
718 1366
718 2451
719 1649
719 1191
719 750
719 1544
719 2217
719 2159
720 1294
720 2264
720 1100
720 1339
720 1505
720 880
721 1697
721 1439
721 2173
721 1368
721 2207
722 2353
722 905
722 2388
722 2302
722 2115
723 1135
723 2291
723 2038
723 1214
723 1821
724 1063
724 1628
724 1117
724 2392
724 929
724 851
725 2439
725 1313
725 2353
725 1847
726 1224
726 2084
726 1830
726 1713
726 2431
726 1980
727 2156
727 1654
727 1368
727 1478
727 982
727 2326
728 1214
728 2483
728 852
728 2035
728 1905
729 1412
729 2307
729 949
730 1088
730 2489
730 992
730 1438
730 2337
730 1643
731 1498
731 2296
731 1831
732 778
732 2315
732 1635
732 2292
732 1625
733 2241
733 1238
733 2281
733 2025
733 819
734 940
734 2176
734 2369
734 2155
734 800
735 2160
735 2040
735 1048
735 2030
735 2201
735 1578
735 828
736 1927
736 1423
736 1788
736 2289
736 1776
736 1040
737 1083
737 2175
737 798
737 1308
737 1596
737 1224
737 1463
738 1177
738 1128
738 2035
738 2202
738 1760
738 2190
739 908
739 2486
739 1753
739 1174
739 2027
739 1895
740 1816
740 1815
740 1280
740 1764
740 2320
740 1198
741 1315
741 745
741 1178
741 1793
741 1640
741 1637
741 2354
741 880
742 1074
742 1799
742 1363
742 2399
742 1271
742 2498
743 866
743 1530
743 2387
743 780
743 1478
743 1612
744 1769
744 1747
744 1667
744 857
744 1125
744 2403
745 2282
745 1350
745 1884
745 2385
745 1989
745 1137
746 1218
746 1630
746 1071
746 1618
746 747
747 2280
747 1235
747 1948
747 2317
747 2064
747 1935
748 1331
748 2191
748 2259
748 1456
748 2218
748 1228
748 1338
749 1676
749 2286
749 788
749 1650
750 1612
750 2293
750 1052
750 1540
750 826
750 1131
751 1937
751 1378
751 2047
751 2154
751 977
751 1522
751 2001
752 2281
752 2457
752 2198
752 768
752 1265
752 2241
753 2028
753 1828
753 983
753 882
753 1062
754 1808
754 1623
754 1411
754 1276
754 2448
754 962
754 1822
754 2427
755 1402
755 2345
755 963
755 896
755 1069
755 1108
755 2410
756 2467
756 1668
756 1456
756 2491
756 1054
756 1430
756 2103
757 2102
757 2156
757 2277
757 2400
757 2323
757 1836
757 2267
758 1386
758 1057
758 1103
758 1842
758 2460
758 1965
758 909
759 1043
759 1885
759 2474
759 1044
760 951
760 2112
760 1243
760 1982
760 1502
760 985
760 815
761 1181
761 1159
761 1783
761 1088
762 1805
762 991
762 1777
762 1015
762 1954
762 2117
763 1371
763 2125
763 1872
763 1313
763 779
763 2302
764 850
764 840
764 2250
764 1389
764 1623
764 798
765 1161
765 1462
765 2067
765 1030
766 1365
766 1732
766 1360
766 1729
766 1751
766 2175
767 1398
767 1829
767 947
767 1876
767 1192
768 1494
768 948
768 1975
769 2386
769 1864
769 1987
769 944
769 803
769 1336
769 2145
770 2007
770 1323
770 1495
770 1843
770 2331
770 1343
771 2318
771 1086
771 2434
771 949
771 1518
771 1240
772 933
772 2169
772 871
772 1055
772 1411
772 915
772 974
773 2188
773 1451
773 1925
773 1723
773 2090
774 1914
774 2345
774 2270
774 2208
774 1350
774 1695
774 1875
774 964
775 1125
775 1046
775 1399
775 2439
775 1941
776 1388
776 1700
776 2199
776 1323
776 2159
776 791
777 1219
777 2013
777 1343
777 1498
778 2073
779 1551
779 1300
779 1440
779 2339
779 1534
780 1217
780 1817
780 1247
780 1667
780 1117
781 1132
781 2176
781 1426
781 1394
782 1924
782 2357
782 2227
782 1283
782 1353
782 2268
783 982
783 1173
783 858
783 1010
783 875
784 1059
784 1285
784 924
784 2402
784 1893
784 1437
785 1525
785 887
785 1940
785 1139
785 1306
785 1924
785 934
785 1225
786 1099
786 1156
786 1532
786 2126
786 1253
786 1866
786 1802
787 1499
787 2042
787 1773
787 1160
787 2248
788 2329
788 2007
788 2178
788 1118
788 1355
789 2080
789 1948
789 2493
789 1993
789 1986
789 886
790 1724
790 1475
790 791
790 2075
790 1810
790 1860
791 1424
791 2407
791 1837
791 1172
792 1575
792 875
792 1662
792 1791
792 847
793 1245
793 877
793 923
793 1976
793 2288
793 1392
793 960
794 1211
794 1560
794 1366
794 1719
794 1707
795 1573
795 1375
795 1383
795 1805
795 1732
796 1930
796 1237
796 853
796 1840
796 1532
796 2427
796 1998
796 1448
797 1274
797 1326
797 1139
797 1561
797 2368
797 1369
797 1642
797 2141
798 1768
798 1704
798 1628
798 1064
799 1344
799 2133
799 1188
800 2491
800 2180
800 2307
800 1645
800 2008
800 1350
801 2268
801 1430
801 2056
801 2396
802 1421
802 2173
802 2483
802 1484
802 1728
802 2042
802 2259
802 2197
803 1973
803 832
803 2499
804 2064
804 968
804 2305
804 911
804 2213
804 1902
805 2232
805 2423
805 1239
805 911
805 2087
805 1834
805 1439
806 2225
806 2222
806 1795
806 1544
807 2335
807 2002
807 2305
807 1365
807 1732
807 1048
807 1492
808 1957
808 2258
808 1466
808 1204
808 2253
808 1242
808 881
809 2082
809 2392
809 1013
809 2297
809 1413
809 1782
809 959
810 862
810 1811
810 1555
810 2415
810 1869
810 1477
811 1095
811 1079
811 1878
811 1812
811 2211
811 1841
812 1142
812 1675
812 2218
812 2085
812 956
812 1754
813 966
813 1565
813 1006
813 1100
813 1722
814 1055
814 2282
814 1349
814 2340
814 2087
814 1640
815 1649
815 2196
815 2444
815 1441
815 2481
815 1944
816 1558
816 1222
816 1822
816 2077
817 1170
817 2023
817 1345
817 2205
817 1213
818 1078
818 1617
818 934
818 1544
818 1147
818 2000
819 1277
819 1384
819 2112
819 1440
820 2204
820 2465
820 1453
820 2308
820 1562
820 1084
820 1572
821 1484
821 2108
821 2218
821 1905
821 1909
821 1225
821 2140
821 914
822 1460
822 2422
822 1375
822 1757
822 2157
822 1173
822 1034
823 2285
823 1589
823 896
823 2001
824 888
824 2400
824 1847
824 1153
824 2123
825 1402
825 2143
825 1991
825 1570
825 1372
825 971
826 1852
826 2257
826 827
826 2175
827 1627
827 1794
827 1724
827 963
828 2304
828 2038
828 2051
828 2482
828 1958
829 1610
829 1566
829 1801
829 2177
830 1308
830 1839
830 915
830 2265
830 1519
830 975
831 1774
831 2368
831 2171
831 1482
831 2348
832 1525
832 1497
832 1428
832 906
833 1803
833 1297
833 1652
833 1896
833 2089
833 1891
833 1446
833 2385
834 2255
834 2259
834 1392
834 2425
834 1602
834 2391
835 1756
835 1879
835 2419
835 2460
836 1413
836 2199
836 1046
836 1576
836 2490
836 2428
837 881
837 1960
837 2219
837 1845
837 1633
838 1893
838 2367
838 2435
838 2298
839 1112
839 2029
839 1599
839 2272
839 1699
839 2075
839 1267
840 2316
840 1603
840 1490
841 1110
841 2394
841 1577
842 2096
842 1460
842 1950
842 1498
842 1203
842 1742
842 1741
843 1571
843 1361
843 1668
844 1228
844 1587
844 1566
844 1545
845 854
845 2334
845 2206
845 2445
845 2070
846 1388
846 1426
846 2329
846 1226
846 1820
847 2172
847 2216
847 1391
847 2303
848 1742
848 2362
848 2337
848 920
848 1645
848 949
849 1801
849 1301
849 1001
849 2279
849 921
849 1526
850 2091
850 969
850 1149
850 1937
850 1296
851 1063
851 1360
851 1090
851 897
851 1933
852 1530
852 2014
852 1389
852 1562
852 2286
853 2260
853 1204
853 1507
853 1581
853 934
853 2327
853 987
854 1297
854 1594
854 1083
855 1340
855 1741
855 1918
855 2162
855 1585
856 1790
856 2445
856 1153
856 900
856 1682
856 1862
856 1367
856 2147
857 2475
857 1172
857 1315
857 2056
858 1865
858 1442
858 2128
858 1633
858 2325
859 1493
860 2425
860 2053
860 1551
860 2221
860 1459
860 1863
861 1617
861 1190
861 2470
861 2462
861 1643
861 2115
862 1169
862 2211
862 1654
863 1546
863 2202
863 1082
863 2067
863 1330
863 1187
863 2104
864 2011
864 964
864 1516
864 1016
864 1812
864 1856
864 2218
864 1152
865 1357
865 1029
865 1031
865 1623
865 1372
865 1185
866 2339
866 1279
866 1742
866 2239
866 2120
867 2055
867 1033
867 1785
868 1396
868 1586
868 1502
868 2113
868 2049
868 1485
868 1795
868 1229
869 1192
869 1992
869 2081
869 1013
869 1138
869 1527
870 1376
870 1111
870 1336
870 2319
870 1960
870 1443
871 1282
871 1088
871 1334
871 1952
871 1084
871 1752
871 2055
872 1501
872 1116
872 1407
872 1265
872 1508
873 1486
873 1923
873 1780
873 1179
873 2336
874 2319
874 891
874 2195
874 2129
874 1808
874 1437
875 1904
875 1219
875 1508
875 2049
875 1368
876 2052
876 2241
876 1257
876 1480
876 1510
876 1591
876 1941
877 1834
877 1004
877 1784
878 1122
878 1722
878 2275
878 1278
878 1260
878 2350
879 2359
879 1658
879 2011
879 1513
879 1865
880 2323
880 1390
880 1884
880 1556
880 1644
881 2293
881 1100
881 1470
882 1481
882 1749
882 1091
882 2428
882 1451
882 1127
883 1103
883 1105
883 1014
883 1102
884 987
884 2157
884 1459
884 2321
884 963
884 1438
885 1270
885 1701
885 1936
885 1908
885 1859
885 913
886 1200
886 1197
886 2459
886 918
886 1408
887 1958
887 1386
887 2423
887 949
887 1384
888 943
888 1733
888 1453
888 2448
889 2068
889 1749
889 1846
889 1487
889 1359
889 2274
889 1598
890 1543
890 1901
890 2169
890 1364
890 2006
891 1481
891 1861
891 974
891 1579
891 941
892 2388
892 1831
892 2209
892 1439
892 1429
892 1214
893 1842
893 1954
893 1445
893 1385
894 1547
894 2099
894 2398
894 2151
894 2328
894 2251
894 1256
895 1253
895 947
895 1010
895 1223
895 2452
895 2016
895 1763
896 1834
896 1024
896 2291
896 1567
896 1113
897 1566
897 1000
897 1631
897 1661
897 1576
898 2152
898 2448
898 1693
898 1002
898 2240
898 977
899 2338
899 1526
899 2016
899 1037
900 2222
900 1078
900 1698
900 1007
900 1884
901 2485
901 1166
901 2160
901 1293
901 1163
902 1751
902 2127
902 1766
902 1687
903 1478
903 1548
903 2271
903 2394
903 907
903 2321
903 1136
904 1837
904 2455
904 1070
904 1483
904 1669
904 1218
905 2450
905 1705
905 2476
905 2471
905 2343
906 2420
906 1914
906 1779
906 2337
906 1708
907 1877
907 1562
907 1240
907 1083
907 2376
908 1207
908 2488
908 1289
909 2459
909 2031
909 1591
909 2004
909 2316
910 1690
910 1679
910 1971
910 2460
911 1552
911 1444
911 1717
911 1331
911 1304
912 1234
912 1720
912 2452
912 2049
912 1446
912 1622
913 1132
913 1361
913 1956
913 2066
913 1949
914 1918
914 2215
914 1042
914 2148
914 2163
914 1549
915 2342
915 2326
915 1270
915 1703
915 1434
916 1697
916 1864
916 1786
916 2404
916 2386
916 1021
917 1714
917 2202
917 1438
917 1495
917 1052
918 1472
918 1548
918 2139
918 966
918 1331
919 2476
919 1930
919 1303
919 1232
919 1357
919 2338
919 2164
920 1366
920 1557
920 1115
920 1612
920 1774
921 1294
921 1238
921 1632
921 2076
921 1623
922 2307
922 1796
922 939
922 1370
922 1292
922 2328
922 2154
922 1716
923 2287
923 1283
923 1327
923 2494
924 2223
924 1787
924 1237
924 1589
924 1008
925 1788
925 1772
925 1155
925 1467
925 2069
926 1341
926 1288
926 1974
926 2365
927 1129
927 2156
927 1596
927 1025
927 2366
927 1809
928 2370
928 1384
928 2093
928 1343
928 1642
928 1098
928 1581
929 1593
929 2450
929 1766
929 1330
929 1926
929 2349
929 1293
930 2279
930 1042
930 1837
931 1381
931 1305
931 1661
931 989
931 2275
931 1646
931 1338
931 1635
932 1642
932 2046
932 1064
932 2089
932 1912
932 1470
932 1168
932 1036
933 1619
933 1229
933 1486
933 1785
933 2245
934 1322
935 1104
935 2032
935 1133
935 1931
935 1739
935 1245
936 1170
936 1416
936 1154
936 962
936 1824
936 957
937 1200
937 1565
937 2414
937 1864
938 1397
938 939
938 2340
938 1838
938 2271
939 1277
939 1573
939 1216
939 1572
940 1981
940 1554
940 1435
940 1950
940 2084
941 2241
941 2359
941 1197
941 1961
942 2392
942 1943
942 1983
942 1866
943 1946
943 2306
943 1932
943 2121
943 1909
944 1610
944 954
944 2240
945 1888
945 2439
945 1073
946 1195
946 1186
946 1744
946 2412
946 1105
946 1296
946 2270
946 1893
947 1285
947 2145
947 1089
947 1868
947 1230
948 996
948 1607
948 2318
948 950
948 2012
949 2290
949 1614
949 1703
950 1939
950 1736
950 2116
950 1284
951 2084
951 1137
951 1490
951 2299
952 2248
952 972
952 1337
952 2243
952 1613
952 1829
953 2484
953 1252
953 1377
953 1408
953 1834
954 1889
954 1823
954 1583
954 1451
954 2130
955 1017
955 2043
955 1108
955 2210
955 2261
955 2450
956 1965
956 966
956 1761
956 1929
956 1045
957 1887
957 1636
957 2212
958 2227
958 2075
958 2081
958 2324
958 1870
959 2003
959 1939
959 1872
959 1425
959 1550
959 1107
960 1876
960 1638
960 1706
960 2172
960 2037
960 2459
961 1135
961 2421
961 1308
961 1549
961 2153
962 1507
962 1473
962 1828
963 1170
963 1100
964 994
964 2276
964 2467
964 1645
965 1007
965 1132
965 1686
965 2362
965 1352
965 1165
966 1417
966 1328
966 1003
967 1644
967 2267
967 1325
967 1494
968 1755
968 2473
968 1298
968 1535
968 1288
969 1852
969 1174
969 1167
969 2051
969 2119
970 2278
970 1301
970 1457
970 1701
970 2477
970 1489
970 1733
970 1856
971 1941
971 1861
971 1409
971 1217
972 1481
972 1023
972 1392
972 1640
972 1437
972 2055
973 2484
973 2219
973 1893
973 2381
973 2138
974 1746
974 2467
974 2442
974 1196
975 1838
975 1648
975 1462
975 1145
975 2424
975 2395
976 1993
976 1608
976 1799
976 1959
976 2341
976 1019
977 2441
977 1986
977 2371
978 979
978 2372
978 1194
979 2152
979 2015
979 1465
979 1565
979 1336
979 1391
979 1056
980 2206
980 2124
980 1615
980 2410
981 2465
981 2334
981 2122
981 1323
981 2417
982 2450
982 2030
982 1658
982 1286
982 1024
982 2198
983 1606
983 1863
983 1902
983 1910
984 1707
984 1016
984 2011
984 2187
984 1539
984 1541
985 1929
985 1660
985 2031
985 1819
985 1194
986 1750
986 2249
986 1864
986 1601
986 1356
987 1767
987 2373
987 1693
987 1140
987 1001
987 1795
988 1489
988 1909
988 2170
988 1698
988 1403
988 2249
989 1325
989 2289
989 2036
989 1959
989 2383
990 2333
990 1151
990 1143
991 1296
991 1782
991 1331
991 2385
991 1936
992 2122
992 2376
992 1364
992 1621
992 1357
993 1232
993 1157
993 2138
993 2069
993 2047
993 1651
994 1820
994 1998
994 999
994 1036
994 1577
995 1201
995 1500
995 2107
995 1725
995 1098
995 1206
996 1209
996 1509
996 1819
996 1721
997 1343
997 2257
997 1506
997 2434
997 1670
998 1385
998 1857
998 1906
998 2021
998 1592
998 2144
999 1080
999 2331
999 1170
999 2399
1000 1677
1000 1864
1000 2301
1001 1753
1001 1182
1001 1815
1001 1938
1001 1420
1002 1045
1002 2037
1002 1621
1002 1284
1003 1996
1003 1186
1003 2295
1004 1206
1004 2415
1004 2337
1004 1468
1004 1727
1005 1691
1005 2135
1005 1642
1005 1637
1005 2280
1005 1798
1005 1890
1006 1120
1006 2034
1006 1093
1006 1207
1006 1572
1007 1857
1007 2356
1007 2456
1007 1399
1008 2008
1008 1380
1008 2132
1008 1314
1009 2227
1009 2022
1009 2083
1009 1097
1009 1580
1009 1556
1009 1751
1009 2358
1010 2446
1010 1154
1010 2377
1010 1200
1010 2304
1011 1851
1011 2018
1011 2430
1011 1727
1011 2102
1012 2396
1012 1289
1012 1896
1012 2370
1012 1249
1012 1904
1013 1441
1013 2037
1013 1406
1013 1641
1013 1711
1014 1636
1014 2184
1014 1665
1014 2332
1015 1974
1015 1828
1015 2189
1015 1681
1016 1322
1016 1311
1016 1922
1016 2079
1016 1061
1017 1614
1017 2346
1017 1167
1017 1103
1017 2074
1017 1284
1018 2091
1018 2212
1018 1228
1018 1196
1018 1994
1018 1615
1019 1312
1019 1870
1019 2303
1019 1425
1019 2138
1019 2443
1020 1590
1020 1592
1020 2059
1020 1678
1021 2458
1021 1163
1021 1215
1021 1929
1021 1970
1022 1805
1022 2102
1022 1332
1022 1321
1023 1720
1023 2021
1023 2073
1023 1904
1023 2469
1023 2205
1024 2253
1024 1447
1024 2054
1024 1164
1025 2297
1025 2098
1025 1162
1025 1521
1025 1871
1026 1627
1026 1140
1026 2488
1026 2048
1026 2177
1026 1169
1026 2473
1027 2406
1027 2419
1027 2464
1027 2193
1027 2327
1027 2190
1027 1679
1028 1482
1028 1611
1028 1154
1028 1523
1028 1336
1028 2374
1028 2169
1028 1984
1029 1747
1029 1989
1029 1487
1029 2346
1029 1898
1030 1903
1030 1652
1030 1194
1030 1792
1031 1496
1031 1911
1031 1542
1031 2386
1031 1745
1032 1085
1032 1208
1032 1040
1032 2397
1032 1418
1033 1444
1033 2355
1033 2471
1034 2157
1034 1634
1035 1337
1035 2055
1035 2141
1036 2456
1036 1778
1036 1212
1037 2261
1037 1328
1037 1880
1037 1186
1038 2130
1038 1263
1038 1817
1038 2492
1038 1287
1038 1713
1039 2100
1039 1902
1039 1355
1039 1741
1039 1745
1039 1491
1040 1215
1040 1591
1040 2329
1040 1822
1041 1926
1041 1463
1041 1399
1042 1574
1042 1248
1042 1208
1042 1142
1042 2300
1042 1046
1043 2359
1043 2343
1043 1793
1043 1234
1043 1590
1043 1999
1044 2430
1044 2000
1044 1671
1044 2091
1044 1092
1045 1647
1045 1698
1045 2195
1045 1700
1046 2267
1046 2135
1047 1379
1047 2173
1047 1232
1047 2334
1047 1973
1047 1885
1048 1400
1048 1886
1048 1108
1048 1347
1049 1356
1049 2039
1049 1407
1049 1325
1049 1628
1050 2494
1050 1669
1050 1187
1050 2224
1050 1581
1050 1448
1051 1821
1051 1205
1051 1570
1052 2120
1052 1493
1052 1299
1052 1834
1052 2369
1053 1109
1053 2366
1053 1758
1053 1938
1053 1362
1053 1746
1053 1226
1054 2019
1054 2463
1054 2055
1054 2248
1054 2228
1054 2115
1054 1089
1055 2456
1055 1678
1055 1506
1056 1368
1056 1803
1056 1844
1056 2389
1057 1547
1057 2156
1057 2126
1057 1631
1057 2499
1058 1451
1058 2003
1058 2244
1058 1452
1059 1314
1059 1758
1059 2314
1059 1635
1060 2144
1060 2440
1060 1174
1060 1970
1060 1850
1061 1188
1061 1500
1061 1826
1061 1346
1061 2194
1062 2298
1062 1977
1062 1983
1062 1093
1062 1583
1063 1640
1063 1423
1063 2296
1063 1419
1064 1105
1065 1195
1065 1384
1065 2037
1065 1249
1065 2399
1065 1778
1066 2003
1066 2070
1066 1360
1066 1344
1067 2162
1067 1790
1067 1955
1067 2214
1067 2301
1067 2417
1067 1867
1067 1189
1068 1626
1068 1557
1068 1702
1068 1528
1068 2432
1068 1818
1069 1270
1069 2109
1069 2418
1070 1113
1070 2254
1070 1449
1070 2180
1070 1920
1070 1691
1070 2485
1071 1629
1071 1219
1071 1339
1071 2322
1071 1719
1071 1963
1071 2299
1072 1830
1072 2140
1072 1312
1072 1237
1073 2195
1073 1084
1073 1503
1073 1329
1073 1267
1074 2444
1074 1792
1074 1686
1075 1352
1075 1873
1075 2062
1075 1501
1075 1635
1075 2149
1076 1166
1076 1106
1076 1943
1076 1393
1076 1892
1076 1210
1077 2256
1077 1935
1077 1243
1077 1306
1078 1410
1078 1520
1078 1607
1078 1475
1078 1114
1079 1231
1079 1433
1079 2361
1079 1373
1079 2413
1080 1728
1080 2153
1080 2131
1081 2323
1081 1374
1081 1558
1082 2478
1082 1406
1082 1277
1082 1443
1083 2174
1083 1661
1083 1167
1083 1215
1084 1273
1084 1209
1084 1386
1085 1107
1085 2143
1085 1199
1085 1860
1086 2177
1086 2398
1086 1291
1086 2010
1086 1087
1087 1201
1087 1244
1088 2338
1088 1806
1088 1477
1088 1481
1088 1472
1089 1290
1089 2460
1089 1417
1089 2389
1089 1104
1090 2119
1090 1432
1090 1187
1090 2095
1090 1529
1090 1348
1091 1483
1091 1581
1091 1703
1091 1499
1092 1983
1092 1855
1093 1758
1093 1176
1093 1774
1093 2020
1093 1646
1094 2022
1094 1588
1094 1621
1094 1238
1095 2019
1095 2493
1095 2134
1095 2293
1096 1631
1096 1274
1096 1550
1096 2293
1096 1714
1096 1722
1097 1467
1097 1469
1097 1574
1097 1247
1097 1183
1098 2233
1098 1993
1098 1128
1098 1976
1099 1931
1099 1239
1099 1884
1099 1633
1100 2194
1100 2049
1100 2285
1101 2394
1101 2343
1101 1269
1101 1163
1101 2235
1102 2002
1102 1128
1102 2384
1102 2458
1103 1746
1103 1572
1103 1961
1103 1883
1103 1302
1104 2222
1104 1485
1104 1597
1104 1825
1104 2135
1105 2227
1105 1668
1106 1340
1106 1964
1106 2140
1106 1336
1106 2369
1106 2300
1107 1680
1107 1666
1107 1276
1107 2393
1107 1820
1107 2363
1108 1758
1108 1210
1108 1752
1108 1851
1109 1231
1109 2062
1109 1136
1109 1175
1109 1898
1110 1545
1110 1921
1110 2281
1111 2137
1111 1553
1111 1181
1111 1679
1111 1234
1112 1703
1112 1397
1112 2119
1112 2363
1112 1710
1113 2181
1113 2086
1113 2435
1113 2118
1114 1441
1114 1918
1114 1168
1114 1286
1114 1512
1114 2130
1115 1404
1115 2202
1115 1704
1115 1314
1115 1454
1115 2171
1116 2028
1116 2276
1116 1865
1116 2042
1116 2473
1117 2116
1117 2053
1117 1417
1117 1538
1117 1295
1118 1894
1118 1457
1118 2310
1118 1311
1118 2115
1119 2161
1119 1127
1119 1595
1119 1319
1119 2045
1120 1408
1120 2271
1120 2499
1120 2433
1120 2316
1121 1890
1121 1684
1121 2348
1121 2464
1121 2327
1122 2188
1122 2279
1122 2349
1122 1278
1122 2331
1122 2498
1122 2189
1123 2159
1123 1296
1123 2147
1123 1510
1124 2284
1124 2451
1124 1599
1124 2252
1124 1808
1124 2483
1125 1846
1125 1647
1125 2191
1125 2312
1125 1673
1126 2296
1126 1172
1126 2329
1126 2276
1126 1972
1126 1266
1126 2374
1126 2015
1127 2203
1127 1997
1127 2220
1128 1350
1128 2235
1128 2008
1128 1553
1129 2127
1129 1799
1129 1667
1129 1330
1129 2202
1129 1452
1130 1266
1130 1523
1130 1136
1130 1788
1131 2129
1131 1746
1131 2062
1132 1445
1132 2287
1132 1162
1132 1656
1132 1277
1133 2432
1133 2168
1133 1917
1133 2024
1133 2079
1134 2048
1134 1714
1134 1840
1134 1340
1134 1331
1135 1526
1135 2194
1135 1826
1136 2382
1136 2486
1136 2059
1137 2220
1138 2158
1138 1526
1138 1586
1138 1379
1138 2054
1138 2177
1139 1766
1139 1254
1139 1432
1140 1481
1140 1275
1140 2239
1140 1434
1141 1868
1141 1159
1141 2032
1141 1199
1141 2426
1142 2489
1142 2263
1143 1179
1143 2285
1143 2342
1143 1706
1143 1511
1144 2100
1144 2051
1144 2209
1144 2148
1144 1400
1145 2421
1145 1665
1145 1678
1145 1858
1145 1769
1145 2079
1146 2089
1146 1460
1146 2394
1146 2319
1146 1520
1147 1786
1147 2201
1147 1518
1147 1434
1147 1196
1147 1251
1148 2444
1148 1322
1148 1568
1148 1552
1148 2280
1148 2209
1149 2097
1149 1720
1149 2397
1149 1690
1150 1854
1150 1521
1150 2009
1150 2266
1150 1716
1150 1602
1151 1822
1151 2246
1151 2006
1151 2340
1151 1152
1152 1652
1152 1705
1153 1452
1153 1743
1153 1784
1153 1823
1153 1213
1153 2128
1154 1570
1154 1730
1154 1250
1154 2343
1154 2093
1155 1848
1155 2442
1155 1205
1155 1479
1156 2441
1156 1977
1156 1277
1156 1883
1157 1892
1157 2255
1157 1887
1157 2484
1157 2176
1158 2390
1158 1279
1158 1825
1158 2311
1158 1793
1158 2224
1159 2231
1159 1482
1159 1960
1159 2498
1159 1378
1160 1325
1160 1890
1160 2134
1160 2479
1161 1846
1161 1417
1161 1287
1161 2057
1161 1563
1161 1624
1162 1688
1162 2227
1162 1239
1162 1844
1162 1402
1162 1571
1163 1575
1163 1501
1163 2416
1164 1693
1164 1860
1164 1666
1165 1324
1165 2290
1165 2092
1165 2458
1166 1503
1166 2055
1166 2340
1166 1775
1167 1282
1167 2344
1167 2150
1168 1677
1168 1227
1168 1949
1168 1247
1169 2278
1169 1581
1169 1890
1169 1630
1169 1362
1170 2332
1170 1620
1170 1358
1170 1375
1171 2459
1171 1345
1171 1643
1171 2441
1171 1266
1171 2414
1172 1684
1172 1188
1172 1236
1172 1418
1173 1537
1173 1703
1173 1189
1173 2211
1174 1247
1174 1932
1174 2350
1175 1917
1175 1783
1175 1956
1176 1699
1176 1198
1176 1370
1176 1957
1176 1728
1176 1347
1177 1924
1177 1939
1177 1548
1177 1526
1177 2271
1177 2260
1178 2127
1178 1249
1178 1614
1178 1252
1178 1421
1178 2223
1179 1458
1179 1801
1179 1686
1179 2174
1179 1421
1180 1974
1180 1226
1180 1710
1180 1699
1180 2199
1180 2362
1180 1670
1181 2376
1181 1814
1181 2346
1181 2470
1181 1535
1182 2210
1182 2265
1182 1396
1182 2067
1182 1880
1183 1290
1183 1600
1183 2234
1183 1989
1184 2113
1184 1365
1184 2117
1184 1316
1184 1516
1184 1883
1185 1197
1185 1807
1185 2425
1185 1798
1185 2345
1186 2177
1186 1732
1186 2149
1187 1919
1187 2411
1187 2268
1188 1525
1188 1937
1188 2408
1189 2231
1189 2080
1189 2214
1189 2189
1190 2487
1190 1910
1190 2292
1191 1221
1191 1754
1191 2102
1191 1530
1192 1305
1192 2472
1193 1313
1193 1264
1193 2183
1193 1741
1193 2472
1194 2078
1194 1529
1194 1739
1194 2407
1194 1786
1195 1264
1195 2295
1195 2424
1195 1606
1196 2167
1196 1347
1196 1460
1196 1317
1197 1698
1197 2170
1197 1600
1198 1567
1198 1536
1199 2237
1199 1994
1199 1367
1199 1648
1200 1285
1200 2235
1201 2068
1201 1830
1201 1933
1201 1383
1201 1869
1202 2357
1202 2185
1202 1435
1202 2173
1203 1280
1203 1278
1203 1312
1204 1523
1204 2336
1204 1561
1204 2164
1205 2485
1205 2498
1205 1253
1205 1877
1205 1676
1206 1873
1206 1243
1206 1834
1206 2456
1207 1704
1207 1217
1207 1461
1207 2065
1208 2057
1208 1370
1208 2395
1208 1511
1209 1955
1209 1871
1209 1424
1209 1988
1210 1962
1210 2435
1210 2111
1211 2178
1211 1797
1211 1354
1211 2462
1211 1470
1211 1835
1212 1249
1212 1225
1212 2080
1213 1853
1213 1536
1213 1318
1214 1759
1214 1410
1215 2391
1215 2093
1216 1691
1216 1933
1216 1772
1216 1779
1216 1651
1216 2284
1217 1927
1217 1649
1217 1837
1218 2072
1218 1244
1218 2424
1218 1346
1218 1650
1219 2028
1219 1599
1220 1428
1220 1368
1220 1774
1220 1773
1220 2008
1220 2371
1221 1421
1221 2006
1221 2016
1221 1937
1222 1723
1222 2026
1222 1584
1222 2246
1222 2371
1222 1691
1223 1773
1223 1317
1223 1332
1224 1241
1225 1264
1225 1763
1225 2226
1225 1468
1226 1823
1226 1559
1227 1938
1227 1871
1227 2060
1227 1541
1228 2026
1228 2012
1229 1381
1230 1996
1230 1727
1230 2339
1230 2261
1231 1355
1231 1972
1231 1988
1231 1930
1231 1435
1232 1261
1232 2033
1232 1725
1233 1761
1233 2192
1233 2183
1233 2451
1233 1514
1234 2405
1234 1376
1234 1535
1235 1726
1235 1479
1235 1946
1235 2258
1235 1321
1235 1549
1236 2312
1236 2246
1236 2254
1236 2436
1236 2397
1236 2460
1237 1772
1237 1453
1237 1455
1237 1853
1238 2223
1238 1684
1239 1480
1239 2333
1240 1536
1240 2436
1240 1741
1240 2413
1240 2217
1240 2344
1241 1735
1241 1673
1241 1386
1242 2111
1242 1295
1242 2223
1242 2025
1242 1784
1242 1950
1243 2088
1243 1716
1243 1652
1243 2345
1244 2226
1244 1291
1244 2438
1244 1811
1245 2216
1245 1577
1245 1698
1245 1611
1246 1410
1246 1777
1246 2133
1246 1934
1246 1307
1247 2051
1247 2114
1247 1621
1248 1601
1248 1486
1248 2460
1249 1529
1249 1947
1249 1576
1249 1798
1250 2230
1250 1539
1250 1585
1250 2364
1250 1861
1250 1729
1251 2319
1251 1511
1252 1659
1252 2118
1252 2119
1252 2477
1253 1615
1253 2142
1253 1816
1254 2184
1254 1803
1254 1429
1254 1412
1254 2377
1254 2433
1255 2492
1255 1752
1255 1485
1255 1313
1255 1418
1256 1696
1256 1392
1256 1989
1256 1850
1257 1775
1257 1935
1257 2288
1258 1879
1258 2157
1258 2414
1258 1853
1258 1353
1259 1731
1259 1424
1259 1802
1260 2117
1260 2079
1260 2188
1261 1498
1261 1920
1261 1534
1262 2337
1262 1940
1262 1704
1262 1321
1262 2306
1263 2180
1263 1771
1264 1387
1264 1633
1265 1363
1265 2325
1265 2071
1265 1756
1265 2367
1265 1685
1266 1417
1266 1845
1266 1870
1267 1510
1267 1558
1267 1553
1267 1370
1267 1415
1268 1960
1268 1497
1268 1943
1268 1979
1268 2170
1269 1689
1269 2243
1269 1387
1269 1508
1269 2102
1270 1630
1270 2076
1270 1373
1271 2065
1271 1811
1271 2479
1272 2365
1272 1978
1272 1890
1272 2179
1273 1819
1273 1625
1273 2243
1273 1809
1273 1859
1273 2232
1274 2299
1274 1911
1274 1881
1274 2307
1275 1968
1275 1849
1276 1682
1276 1750
1276 2283
1276 2090
1277 1509
1278 2174
1278 1858
1279 1373
1279 1687
1279 1849
1279 1530
1280 2250
1280 1554
1280 1413
1281 1378
1281 2338
1281 1904
1281 1584
1281 1531
1282 1405
1282 1756
1282 1974
1283 2099
1283 1957
1283 2110
1283 1689
1284 1916
1284 1805
1284 2332
1284 2063
1285 1316
1285 2307
1286 1667
1286 1847
1286 1298
1287 1474
1287 2039
1287 1554
1288 1504
1288 2358
1288 1592
1289 1531
1289 1522
1289 1824
1290 1438
1290 1494
1290 2154
1291 1985
1291 1498
1291 1416
1291 1792
1292 1455
1292 1614
1292 2346
1293 2406
1293 1347
1293 1999
1294 1760
1294 1728
1294 1717
1294 2090
1295 1778
1295 2113
1295 2234
1296 1945
1296 1927
1297 1334
1297 2114
1297 2040
1297 2136
1298 1657
1298 1447
1298 2181
1298 1754
1298 1327
1298 1938
1299 1302
1299 2462
1299 1459
1299 1779
1299 1521
1299 2310
1299 2178
1300 1549
1300 1559
1300 2337
1300 2108
1300 1907
1300 2179
1301 2464
1302 2244
1302 1929
1302 1610
1302 1475
1302 2069
1303 1385
1303 1866
1303 1558
1303 2285
1303 2333
1304 2252
1304 1436
1305 2300
1305 2249
1306 1684
1306 1910
1306 1665
1307 2134
1307 1458
1307 2436
1307 2042
1307 2419
1308 1708
1308 1637
1308 2000
1309 1803
1309 1902
1309 1523
1309 2213
1309 1397
1310 1597
1310 1331
1310 1446
1310 1428
1311 1722
1311 2496
1311 1378
1312 2424
1312 1999
1312 1602
1312 1523
1313 1811
1313 2277
1313 1960
1314 2459
1314 1641
1314 2256
1315 1743
1315 2231
1315 1655
1315 2021
1316 1951
1316 2199
1316 2183
1316 2479
1317 2405
1317 1412
1317 2370
1317 2491
1317 1393
1317 2428
1318 2357
1318 1345
1318 1567
1318 1758
1319 1613
1319 2231
1319 1995
1319 2036
1320 1733
1320 1594
1320 1776
1320 2379
1320 1587
1321 1760
1321 1913
1321 1908
1321 1878
1322 2287
1322 1613
1322 1602
1323 2411
1323 2456
1323 2011
1323 1519
1324 2245
1324 1848
1324 1766
1325 1808
1325 2015
1325 2463
1326 1860
1326 2086
1326 2441
1326 1774
1326 1560
1327 1938
1327 2006
1327 1990
1328 1762
1328 2427
1328 1421
1328 1482
1328 2478
1329 2313
1329 2242
1329 1364
1330 2320
1330 1562
1331 2201
1331 1805
1332 1657
1332 2247
1332 1724
1333 1748
1333 1354
1333 2095
1333 2352
1333 1514
1334 2185
1334 1641
1334 2085
1335 2143
1335 2024
1335 1634
1335 1514
1335 2495
1336 2359
1336 1461
1337 1589
1337 2235
1338 2453
1338 1900
1338 2124
1338 1724
1338 1915
1339 2056
1339 2286
1339 1729
1339 1522
1340 1995
1340 1844
1341 1360
1342 1861
1342 1487
1342 2283
1342 2211
1342 1353
1343 2293
1343 1358
1344 1959
1344 1409
1344 2183
1345 1552
1345 2464
1345 1456
1345 1394
1346 2378
1346 1520
1346 1568
1346 1731
1346 1704
1346 1835
1348 1911
1348 2398
1348 1964
1349 1668
1349 2432
1349 1369
1349 1810
1350 1907
1350 2146
1350 2137
1351 1918
1351 2217
1351 2463
1352 1996
1352 2482
1352 1775
1353 2019
1353 1560
1353 1616
1353 2478
1354 2036
1354 1908
1354 2266
1354 1463
1354 2010
1355 2064
1355 2040
1355 2322
1356 1768
1356 2490
1356 2129
1356 2462
1357 2061
1357 1504
1357 1418
1357 1794
1358 2409
1358 1419
1358 2217
1358 2085
1359 1461
1359 1706
1359 2308
1359 1491
1359 1748
1360 2035
1360 1898
1361 1588
1361 1813
1361 1969
1361 1705
1362 1482
1362 2221
1363 2404
1363 1783
1363 1963
1363 2496
1364 2198
1364 1766
1364 2069
1365 1897
1365 1444
1365 2358
1365 1634
1366 1678
1366 1812
1366 2315
1367 1879
1367 1450
1368 1958
1369 2284
1369 1958
1369 2074
1369 1517
1369 1391
1369 1377
1370 1441
1370 1630
1371 2193
1371 1673
1372 1375
1372 2294
1372 2417
1373 1563
1373 2006
1373 1740
1374 1540
1374 1674
1375 2225
1376 2102
1376 1418
1376 2418
1377 1819
1377 2408
1377 1980
1377 1405
1378 2150
1378 2026
1378 2297
1379 1690
1379 1566
1379 2050
1379 1680
1380 2386
1380 2128
1380 2129
1380 2174
1380 1923
1381 1551
1381 2453
1381 1699
1381 1619
1382 2496
1382 2353
1382 1787
1382 2099
1382 1752
1383 1634
1383 2309
1383 1670
1383 1724
1383 2212
1384 1580
1384 1861
1385 2479
1385 2110
1385 2283
1385 1882
1386 2306
1386 1797
1387 2487
1387 2265
1387 2304
1388 1989
1389 2371
1389 1930
1389 2427
1389 2228
1389 2025
1390 1696
1390 1797
1391 2242
1391 2406
1392 2020
1392 1436
1393 1443
1393 2371
1393 1821
1393 2097
1394 1521
1394 2128
1394 1664
1394 1483
1394 2149
1395 2402
1395 2074
1395 2197
1395 1596
1395 1752
1395 2007
1396 1965
1396 1627
1396 1679
1396 1982
1397 2291
1397 1659
1397 1911
1398 2126
1398 1672
1398 2153
1398 1579
1399 2142
1399 2322
1399 1880
1400 2206
1400 1626
1401 2182
1401 2455
1401 2026
1401 1839
1401 2153
1401 1464
1401 2066
1402 1424
1402 2486
1402 2045
1402 2038
1403 1878
1403 1780
1403 2213
1403 2387
1403 1874
1404 2051
1404 1664
1404 1775
1404 2126
1405 1645
1405 1657
1405 2389
1405 1630
1405 1487
1405 2268
1406 2328
1406 1875
1407 2192
1407 2499
1407 2404
1407 1478
1408 1434
1408 2175
1408 2190
1408 1978
1408 1952
1409 1550
1409 1533
1410 1552
1410 1624
1410 2363
1410 1633
1410 2251
1411 1479
1411 2062
1411 1617
1411 1625
1412 2490
1412 2362
1412 1618
1412 1470
1413 2330
1413 1503
1413 1520
1413 1804
1413 2375
1414 2406
1414 2010
1414 1521
1414 1644
1414 1796
1414 1855
1415 1917
1415 1595
1415 2327
1415 1715
1415 1648
1415 2114
1416 2207
1416 2114
1416 1428
1417 1444
1417 1734
1417 1991
1418 1888
1419 1558
1420 2210
1420 1525
1420 2193
1420 1863
1420 2216
1420 2349
1421 2221
1422 1437
1422 2219
1422 1881
1423 2458
1423 2205
1423 1749
1423 1922
1423 2029
1424 2140
1424 1591
1425 1504
1425 2404
1426 1480
1426 1656
1427 2147
1427 1578
1427 1762
1427 1634
1427 2359
1427 1998
1427 2295
1428 1457
1428 1744
1428 2115
1429 1878
1429 1691
1429 2395
1429 1968
1430 1549
1430 1825
1430 1949
1431 2004
1431 2050
1431 2416
1431 1950
1432 2338
1432 1656
1432 1808
1433 1700
1433 1596
1433 1761
1433 2002
1433 1804
1434 2094
1434 2179
1435 2257
1435 1501
1435 1668
1436 2229
1436 2471
1436 2220
1436 2479
1436 1994
1437 2370
1437 2357
1438 2298
1438 2208
1439 1516
1439 2244
1440 2070
1440 1980
1440 1968
1440 1569
1441 2080
1441 2258
1442 1672
1442 1949
1442 1454
1443 1796
1443 2277
1443 1705
1444 1456
1444 2302
1444 2046
1445 1766
1445 1714
1445 2306
1445 2309
1446 1725
1446 2400
1446 1901
1447 1776
1447 2468
1448 2021
1448 2025
1448 1666
1448 2176
1449 2383
1449 1699
1449 2063
1449 2001
1449 1589
1450 1561
1450 2358
1450 1480
1450 1479
1450 1780
1450 2374
1451 1709
1451 2087
1451 2175
1451 1490
1452 2275
1452 1832
1452 1829
1453 2449
1453 2109
1453 2225
1454 2143
1454 2369
1454 2298
1455 2164
1455 1972
1456 2421
1456 1839
1457 1903
1457 1487
1457 1608
1457 1961
1458 1952
1458 1639
1458 1832
1458 1537
1459 1669
1459 1952
1460 2305
1460 1535
1461 1803
1461 1563
1461 2024
1462 1699
1462 2283
1463 2426
1463 2366
1464 2149
1464 1592
1464 1757
1465 2062
1465 2425
1465 1711
1465 2401
1466 1765
1466 1754
1466 1828
1467 2032
1467 1479
1467 1629
1468 1557
1468 1695
1468 1488
1468 1602
1469 2083
1469 2129
1469 1941
1469 2306
1469 1604
1470 2432
1470 2130
1471 1933
1471 2313
1471 1806
1471 2166
1471 2262
1472 2031
1472 2310
1472 2227
1472 2267
1473 2094
1473 1544
1473 2018
1474 1757
1474 1816
1474 1551
1474 2280
1474 2205
1475 1770
1475 1514
1476 2465
1476 2376
1476 1502
1476 1853
1476 2165
1477 2387
1477 2083
1478 1800
1478 2420
1479 2251
1479 2103
1480 2044
1480 2023
1481 2005
1481 1735
1482 2190
1482 1659
1483 1771
1483 2074
1483 1889
1483 2106
1484 2388
1484 2211
1484 1641
1485 2336
1485 1499
1486 1579
1486 1982
1486 2094
1487 1569
1487 1944
1487 2242
1488 2037
1488 1542
1488 2481
1489 2187
1489 1983
1489 2379
1490 2210
1490 1763
1490 1899
1490 2303
1490 2060
1491 2347
1491 1585
1491 1710
1491 1992
1491 2247
1492 2058
1492 1615
1492 1808
1492 1956
1492 1823
1493 1994
1493 2297
1493 1859
1493 2041
1493 2296
1494 2289
1494 1604
1494 1585
1495 1981
1495 1624
1495 2228
1495 1612
1495 2194
1496 2072
1496 2124
1496 1754
1496 2107
1496 2452
1497 1674
1497 2389
1497 2290
1498 2420
1498 2321
1499 1885
1499 1944
1499 2241
1499 1718
1500 2083
1500 1561
1500 2370
1500 1815
1501 2063
1502 1684
1502 1936
1502 1973
1502 1964
1503 1921
1503 1911
1503 2087
1503 2146
1503 1587
1504 1573
1504 2246
1504 2316
1504 2224
1505 1579
1505 2117
1505 1557
1505 2463
1505 2271
1505 1595
1506 2453
1506 2024
1507 1574
1507 2360
1507 2469
1507 1701
1508 1888
1508 2441
1508 2108
1509 2333
1509 1639
1509 2496
1510 2075
1510 2008
1511 1908
1511 1682
1511 1741
1512 2442
1512 2005
1512 2170
1512 1912
1513 1811
1513 2429
1513 2466
1513 2040
1513 2246
1513 1889
1514 2438
1514 1744
1514 2334
1515 1918
1515 2367
1516 1995
1516 2412
1516 1701
1517 2315
1517 1551
1517 2271
1517 2006
1517 2324
1518 2494
1518 2368
1518 2422
1518 2107
1519 2165
1519 1753
1519 1875
1520 2324
1520 2154
1520 2168
1521 1873
1521 2109
1522 1529
1522 2433
1522 2441
1523 1825
1523 2324
1524 2003
1524 1546
1524 2151
1525 2210
1525 1963
1525 2144
1526 1752
1527 1902
1527 1651
1528 1862
1528 2351
1529 1775
1529 2378
1531 2468
1531 1951
1531 2367
1532 1870
1532 1550
1532 1726
1532 1662
1532 1853
1533 1598
1533 2033
1533 2355
1533 1991
1534 2367
1534 1759
1534 1693
1534 2177
1535 2477
1535 1863
1535 2269
1536 2138
1536 2122
1536 2377
1536 1829
1537 2251
1537 1556
1537 2464
1537 1962
1538 2167
1538 1972
1538 1897
1539 1832
1539 1676
1540 2030
1540 2476
1540 1885
1541 1812
1541 2419
1541 1734
1541 2223
1542 1830
1543 1605
1543 1718
1543 1877
1544 2215
1544 2277
1545 2204
1545 2388
1545 1948
1545 2119
1546 1655
1546 2256
1546 2245
1546 2042
1547 1781
1547 2042
1547 1835
1547 2494
1548 2036
1548 1889
1548 2355
1548 2044
1549 1616
1549 1847
1550 1564
1550 2330
1550 1914
1551 2126
1551 2411
1552 1851
1552 1663
1553 2136
1553 1870
1553 2009
1554 1713
1554 1984
1555 2396
1555 2112
1555 2237
1555 2093
1556 2243
1556 2447
1556 2339
1556 1698
1557 2466
1557 1858
1558 2030
1558 1838
1559 1881
1559 1986
1559 1713
1559 2379
1559 1884
1560 1659
1560 2422
1560 2043
1561 2221
1561 1683
1562 1666
1562 1646
1562 2081
1562 2263
1563 2001
1563 1800
1564 2172
1564 1666
1564 1710
1564 1595
1564 2481
1564 1737
1565 2375
1565 1992
1565 2408
1565 1963
1566 1925
1566 2103
1568 1745
1568 1617
1568 2091
1568 1641
1568 2371
1569 2046
1569 1685
1569 2380
1570 2466
1570 2470
1570 2019
1570 1939
1570 1692
1571 2417
1571 1680
1571 2015
1571 2141
1572 2105
1572 1722
1573 2255
1573 1880
1574 2292
1574 1893
1575 2496
1575 2121
1575 1726
1576 1663
1576 1944
1576 2171
1576 2184
1577 1992
1577 2132
1577 1859
1577 1732
1578 2010
1578 1807
1578 2196
1578 2292
1579 1671
1579 1694
1580 1847
1580 2215
1580 1587
1580 2240
1581 2326
1581 1899
1581 2334
1582 2344
1582 2460
1582 1778
1582 2112
1583 2088
1583 2452
1583 2375
1584 2144
1584 2433
1584 2285
1584 1910
1584 1773
1585 1901
1585 2121
1586 1779
1586 2320
1587 2453
1587 1934
1587 2231
1588 2448
1588 1647
1588 2351
1588 2273
1590 1950
1590 2493
1590 2072
1591 2462
1591 2208
1591 2067
1593 2203
1593 1868
1593 2303
1593 2084
1593 2385
1594 2333
1594 1774
1594 1777
1594 2381
1594 2231
1594 2290
1595 1914
1596 2142
1597 2149
1597 2096
1597 2071
1597 2121
1597 2437
1598 2022
1598 2398
1598 2208
1599 1656
1599 2489
1600 1989
1601 2212
1601 2336
1601 2333
1601 1871
1603 2219
1603 1769
1603 2489
1603 2475
1604 2066
1604 2474
1604 1794
1605 2135
1605 2313
1605 1987
1605 2214
1605 1613
1606 2017
1606 2322
1606 2470
1607 1729
1607 2268
1608 2191
1608 1624
1608 1838
1608 2022
1609 1991
1609 1921
1609 2207
1609 2090
1610 2151
1610 1688
1611 1755
1611 2230
1611 1885
1612 2092
1613 1746
1614 2186
1614 1668
1614 2315
1614 2495
1615 2092
1615 1650
1616 1653
1616 2261
1616 2144
1616 2367
1617 1992
1617 2302
1617 1880
1618 2299
1618 1671
1619 2113
1619 1853
1619 1910
1619 1828
1619 2174
1620 2125
1620 2290
1620 1689
1620 1900
1621 1672
1621 2087
1621 2192
1622 1670
1622 1848
1622 2322
1622 2381
1623 2068
1623 2097
1624 2041
1624 1735
1624 1966
1625 2061
1625 1764
1625 2066
1626 1787
1626 2239
1626 1867
1627 2402
1628 2450
1628 1817
1629 2447
1629 2356
1629 1972
1630 2249
1630 1922
1630 1844
1631 1873
1632 1923
1632 2179
1632 2197
1632 2318
1632 2018
1633 2346
1633 2405
1634 2290
1635 1651
1635 2313
1636 1704
1636 1915
1636 2359
1637 2090
1637 2268
1638 1654
1638 2255
1639 2431
1639 2480
1639 1658
1640 1968
1640 2146
1641 1987
1641 1915
1642 2362
1643 2005
1644 2193
1644 1923
1644 1852
1644 2206
1645 2024
1646 2184
1646 2232
1646 2261
1647 1879
1648 2142
1648 1897
1649 1789
1649 1901
1649 2480
1650 2007
1650 2306
1650 2204
1651 2297
1651 2274
1652 1744
1652 2286
1653 2257
1653 1978
1653 1946
1654 1889
1654 2245
1654 2158
1654 1971
1655 1715
1655 2445
1655 1697
1655 1811
1656 1809
1656 2130
1657 1820
1657 1875
1657 2483
1658 1887
1658 1854
1659 2292
1659 2049
1660 2385
1660 1794
1660 1978
1660 2021
1660 2089
1661 2454
1661 1993
1661 1819
1661 1862
1662 2418
1662 1975
1662 2318
1662 1946
1663 1922
1663 2124
1663 1684
1663 2010
1664 2187
1664 2162
1665 2043
1665 1681
1666 1813
1666 2425
1666 2375
1667 1996
1668 2150
1669 1738
1669 2052
1669 2473
1670 2144
1670 2128
1671 1962
1671 2406
1671 2449
1671 2495
1671 1747
1672 2218
1672 1960
1672 2025
1673 1770
1673 1950
1673 2340
1674 2356
1674 1810
1675 2492
1675 2401
1675 2414
1675 2046
1675 1777
1675 2131
1676 2155
1676 1922
1676 2487
1676 2045
1677 1800
1677 1770
1677 2048
1678 1949
1678 1750
1678 2181
1679 2422
1680 1721
1681 2249
1681 2171
1681 1730
1681 2194
1682 1720
1682 2347
1683 2410
1683 2197
1685 1754
1685 2278
1686 2174
1686 2152
1686 2184
1686 1733
1687 2494
1687 2345
1687 1900
1687 2027
1687 2196
1688 1829
1688 1744
1688 2149
1689 2407
1689 2278
1689 2013
1689 1910
1690 2032
1690 2440
1690 2453
1691 2106
1692 1947
1692 2384
1692 2005
1692 2425
1693 1819
1693 2282
1694 1998
1694 1830
1694 1730
1694 1786
1695 1999
1695 2111
1695 1957
1696 2005
1696 2054
1696 2467
1696 1921
1696 1759
1697 2299
1697 2438
1697 2130
1697 1877
1698 2245
1699 1856
1700 2394
1700 1951
1700 1832
1700 1855
1701 2145
1701 2300
1702 1915
1702 2044
1702 2148
1702 1952
1703 2233
1704 2373
1705 1776
1705 2449
1705 1817
1706 1839
1706 2146
1707 2229
1707 2461
1707 1831
1708 2127
1708 2032
1708 1902
1709 2067
1709 2155
1709 2078
1710 2169
1711 2206
1711 1849
1711 1961
1711 1999
1712 1889
1712 1899
1712 2243
1713 2435
1713 1737
1713 1798
1714 1926
1714 1787
1714 1768
1714 2091
1715 2196
1715 2251
1715 2131
1715 1781
1716 2076
1716 1938
1716 2366
1717 2022
1717 1830
1717 2076
1718 1965
1718 2317
1719 1850
1719 2440
1719 1935
1720 1841
1720 2009
1721 1888
1721 2364
1721 2166
1721 2287
1722 1949
1722 1761
1723 1729
1723 1742
1723 2378
1725 2147
1725 1733
1726 2225
1726 2135
1726 2018
1726 1828
1727 1970
1728 2381
1728 2375
1728 2036
1729 2118
1729 2260
1730 2057
1730 1733
1730 1970
1730 2483
1730 2364
1731 2125
1731 1743
1731 2053
1731 2288
1732 2023
1732 2311
1733 2073
1733 2053
1734 1833
1734 1947
1734 2033
1734 1788
1735 2495
1735 2160
1736 2175
1736 2354
1736 1920
1737 2428
1737 2296
1737 1748
1737 2172
1738 1780
1738 2391
1739 2470
1739 2454
1739 2322
1739 2266
1740 2279
1740 2199
1740 2443
1740 2290
1741 1942
1742 1882
1742 1836
1743 2289
1743 1811
1744 1923
1745 2050
1745 2483
1745 2298
1745 2313
1746 2456
1747 2471
1747 2155
1747 1939
1748 2408
1748 1959
1748 2180
1748 2435
1749 2009
1749 1757
1749 2233
1749 2091
1750 2124
1750 2100
1751 1931
1752 2413
1753 1789
1753 2205
1753 2396
1754 2030
1755 2246
1755 2233
1756 2438
1756 1909
1757 2478
1757 2162
1758 2360
1758 1818
1759 1863
1759 2155
1759 2245
1759 2471
1760 2482
1760 1952
1760 2232
1761 2247
1762 2220
1762 2265
1762 2128
1762 2372
1763 2195
1763 2493
1764 1896
1764 2186
1764 2133
1764 2057
1765 1908
1765 1879
1765 2352
1766 2321
1767 2274
1767 2446
1767 1930
1767 2106
1767 2224
1768 2262
1768 1951
1768 1941
1768 2112
1769 2302
1769 1919
1769 2407
1770 2000
1770 2468
1771 2238
1771 2361
1771 2012
1771 2244
1772 2446
1772 1932
1772 2229
1773 2086
1775 2346
1775 2445
1776 1995
1776 2225
1777 1849
1777 1935
1777 2062
1777 2168
1778 2078
1778 2335
1778 2125
1779 2139
1779 2209
1779 2316
1779 1849
1780 1882
1780 1798
1780 1917
1781 2365
1782 2358
1782 1852
1782 2332
1782 1890
1783 2294
1783 2267
1783 1821
1784 2089
1784 2138
1785 2125
1785 2178
1786 2072
1786 2443
1787 2294
1787 2232
1788 2309
1788 2378
1789 2178
1789 2419
1790 2306
1790 1929
1790 2074
1791 2428
1791 1985
1791 1943
1792 2206
1792 2436
1792 1886
1793 1801
1793 2299
1793 2246
1795 1823
1795 2012
1797 1856
1797 2390
1797 1886
1798 2413
1798 1970
1799 2362
1799 1863
1799 1810
1800 2262
1802 2430
1803 1861
1803 2282
1804 1996
1805 2446
1805 2452
1805 2064
1806 2193
1806 2261
1806 1884
1807 2107
1808 2208
1809 2490
1810 2235
1811 1853
1812 1818
1812 2013
1813 1826
1813 2230
1814 1838
1814 2054
1814 2050
1815 2249
1815 1928
1815 2079
1815 2247
1816 2214
1816 2057
1817 2101
1817 2389
1817 2482
1818 2372
1818 1912
1818 2437
1819 2265
1819 2313
1820 2146
1820 2400
1821 2083
1821 1872
1822 2010
1822 1920
1823 1873
1824 1954
1825 1936
1825 2490
1825 2169
1825 2045
1826 2273
1826 1889
1826 2210
1827 2344
1827 2392
1827 2122
1828 2002
1829 2166
1830 2172
1830 1873
1832 2089
1833 2366
1833 1989
1833 1975
1834 1858
1835 2469
1835 2330
1835 2107
1836 1857
1836 2026
1836 2058
1836 2185
1837 2467
1837 2140
1838 2211
1838 2302
1839 2485
1840 2133
1840 2418
1840 2168
1840 2282
1841 2187
1841 2087
1842 2355
1842 1979
1843 2155
1844 1973
1844 2325
1844 2126
1844 2422
1845 1997
1846 1891
1847 2017
1847 2475
1847 1850
1848 2409
1848 2200
1848 2063
1849 2422
1850 2403
1850 2328
1850 2083
1851 2263
1851 2447
1851 2477
1854 2473
1854 2332
1854 2202
1855 1980
1855 1955
1855 2260
1856 1969
1857 2224
1857 2481
1857 1949
1858 2408
1858 1947
1859 2027
1860 2101
1860 2244
1862 1962
1862 2424
1862 1997
1862 1913
1865 2327
1865 2485
1865 2148
1866 1984
1866 2360
1866 2373
1866 2315
1867 1932
1868 2445
1868 2226
1868 2326
1869 2166
1869 2132
1869 2116
1869 2096
1870 2188
1871 2418
1871 1973
1872 2040
1874 2431
1874 2472
1874 1961
1875 1907
1875 1981
1876 2139
1877 2467
1877 2345
1878 2012
1879 2296
1879 2258
1880 2194
1880 2098
1881 2203
1881 2137
1881 1988
1881 2164
1882 2416
1882 2347
1882 2291
1883 2286
1883 2381
1883 2110
1885 2152
1885 2141
1886 2372
1886 2259
1887 2466
1887 1958
1888 2304
1888 2161
1889 2123
1890 2018
1891 2234
1891 2097
1891 2165
1891 2088
1891 2272
1892 2260
1892 2165
1892 2167
1892 2109
1894 2128
1894 1926
1894 1919
1894 2458
1894 2252
1895 2123
1897 2168
1897 1943
1898 2317
1898 2104
1898 2095
1899 2200
1899 2240
1899 2356
1900 2099
1901 2399
1901 2338
1902 2246
1903 2419
1903 2096
1903 1948
1904 1925
1904 1985
1905 2452
1905 2079
1906 1988
1906 2264
1907 2390
1907 2262
1907 2197
1908 2143
1908 2199
1909 2104
1909 2498
1910 2360
1911 2062
1911 1940
1912 2470
1912 1994
1912 2321
1913 2136
1913 2184
1913 2307
1914 2454
1915 2400
1916 2112
1916 2171
1916 2298
1916 2468
1917 2080
1917 1972
1918 2439
1919 2122
1919 2179
1919 2469
1920 2213
1920 2287
1921 2323
1922 2361
1922 1944
1923 2491
1923 2248
1924 2152
1924 2402
1924 2069
1924 2228
1925 2192
1925 1991
1926 2121
1926 1935
1926 2157
1927 1970
1927 2404
1927 1948
1927 2178
1928 2066
1928 2346
1928 1985
1928 2192
1929 2294
1929 2414
1929 2165
1930 2486
1932 2037
1932 2370
1933 2093
1934 2253
1934 2471
1934 2133
1935 2443
1935 2376
1936 2147
1937 2459
1939 2071
1939 2050
1940 2439
1940 2379
1942 2039
1942 1965
1942 2142
1942 2082
1943 2349
1944 2489
1944 2099
1945 2353
1946 2044
1946 2393
1947 2118
1948 2186
1948 2097
1949 2347
1950 2308
1951 2156
1951 2342
1953 2066
1953 2034
1954 2389
1954 2328
1954 2493
1955 2446
1955 2333
1955 2187
1956 2383
1956 2417
1957 2421
1957 2418
1958 2131
1958 2375
1959 2385
1959 2239
1961 2026
1962 2021
1962 2027
1963 2159
1963 2318
1964 2220
1964 2271
1964 2422
1964 1986
1965 2435
1965 2006
1965 2094
1966 2457
1966 2075
1966 2114
1967 1974
1967 2101
1967 2411
1967 2200
1968 2476
1968 2412
1968 2035
1968 2448
1969 2301
1969 2297
1969 2048
1970 1993
1971 2137
1971 2496
1971 2158
1971 2404
1971 1975
1972 2451
1973 1978
1973 2409
1974 2197
1974 2265
1976 2024
1976 1995
1976 2242
1976 2163
1977 2123
1977 2178
1977 2281
1978 2052
1978 1992
1979 2416
1979 2042
1979 2195
1980 2340
1980 2365
1980 2034
1981 2414
1981 2409
1982 2213
1982 2085
1983 2138
1983 2410
1984 2374
1984 2310
1984 2065
1984 1990
1985 2023
1986 2151
1987 2058
1988 2384
1988 2250
1990 2136
1990 2065
1990 2235
1990 2279
1991 2283
1992 2047
1993 2497
1993 2082
1994 2169
1994 2084
1995 2314
1996 2105
1997 2023
1997 2453
1997 2412
1997 2348
1998 2482
1999 2226
2000 2277
2000 2148
2000 2052
2001 2100
2002 2463
2003 2467
2003 2248
2005 2325
2005 2236
2007 2231
2008 2268
2008 2109
2009 2353
2010 2373
2010 2460
2011 2475
2011 2033
2012 2205
2013 2421
2013 2040
2013 2090
2014 2498
2014 2114
2014 2310
2015 2210
2016 2150
2016 2145
2016 2081
2017 2189
2017 2367
2019 2492
2020 2454
2022 2373
2023 2444
2023 2430
2025 2106
2025 2077
2027 2155
2027 2118
2028 2498
2028 2436
2029 2132
2029 2060
2030 2386
2030 2257
2031 2415
2031 2084
2031 2263
2032 2284
2033 2390
2033 2442
2034 2314
2034 2179
2034 2350
2036 2347
2038 2053
2038 2397
2039 2369
2039 2064
2039 2363
2039 2050
2041 2134
2041 2497
2041 2314
2041 2280
2042 2186
2043 2134
2043 2181
2044 2281
2045 2118
2045 2101
2046 2245
2046 2066
2047 2148
2047 2494
2048 2489
2049 2193
2050 2332
2051 2360
2052 2393
2053 2170
2053 2340
2055 2457
2056 2226
2056 2132
2056 2334
2056 2142
2057 2413
2057 2203
2058 2223
2058 2188
2059 2200
2059 2376
2060 2261
2060 2236
2060 2358
2061 2162
2061 2154
2062 2285
2063 2335
2063 2282
2064 2250
2065 2179
2065 2172
2065 2269
2067 2423
2067 2101
2068 2101
2068 2228
2069 2236
2070 2283
2070 2406
2070 2269
2071 2227
2071 2286
2072 2218
2073 2478
2074 2295
2074 2385
2075 2392
2075 2179
2076 2413
2076 2437
2077 2490
2077 2481
2078 2169
2078 2227
2079 2484
2079 2224
2081 2435
2081 2094
2082 2189
2083 2107
2084 2213
2085 2191
2085 2415
2090 2342
2091 2398
2092 2251
2092 2333
2092 2120
2094 2442
2094 2486
2094 2481
2095 2294
2096 2284
2096 2340
2098 2429
2098 2154
2098 2382
2100 2424
2100 2186
2100 2429
2101 2163
2101 2456
2102 2458
2103 2177
2104 2420
2106 2241
2107 2391
2108 2292
2109 2132
2110 2461
2110 2236
2110 2372
2111 2315
2111 2469
2112 2203
2115 2297
2116 2127
2116 2256
2118 2439
2120 2487
2120 2182
2121 2374
2121 2477
2122 2363
2122 2312
2123 2480
2123 2186
2124 2475
2125 2387
2125 2324
2127 2434
2128 2294
2131 2236
2132 2198
2133 2403
2133 2305
2134 2353
2135 2136
2136 2236
2136 2167
2137 2329
2137 2354
2139 2254
2140 2412
2141 2169
2141 2224
2142 2347
2143 2264
2143 2391
2144 2151
2146 2458
2146 2373
2147 2162
2149 2372
2150 2242
2150 2196
2151 2330
2151 2355
2152 2173
2153 2342
2153 2225
2153 2200
2154 2305
2156 2217
2156 2237
2156 2366
2157 2189
2157 2166
2158 2364
2159 2434
2160 2317
2161 2472
2162 2217
2162 2254
2163 2399
2163 2401
2164 2362
2165 2223
2165 2253
2165 2303
2166 2258
2167 2193
2168 2474
2172 2479
2172 2428
2173 2497
2174 2492
2175 2378
2176 2315
2177 2363
2181 2363
2181 2416
2182 2205
2182 2416
2183 2351
2184 2214
2185 2423
2185 2254
2186 2484
2189 2278
2190 2233
2190 2206
2191 2262
2191 2332
2192 2282
2192 2459
2194 2368
2195 2484
2195 2233
2196 2417
2196 2377
2200 2393
2201 2394
2203 2397
2204 2270
2205 2269
2206 2331
2207 2239
2211 2291
2212 2273
2213 2463
2214 2489
2219 2313
2221 2354
2222 2399
2222 2406
2224 2456
2225 2433
2228 2361
2228 2237
2230 2272
2232 2242
2232 2423
2233 2326
2236 2480
2238 2403
2238 2387
2238 2399
2239 2377
2240 2243
2240 2396
2242 2310
2243 2381
2243 2255
2247 2309
2248 2493
2250 2474
2250 2495
2252 2320
2252 2489
2252 2418
2254 2496
2257 2423
2257 2383
2260 2477
2260 2351
2261 2286
2262 2296
2263 2354
2264 2277
2267 2429
2268 2398
2270 2300
2270 2348
2274 2393
2274 2275
2277 2443
2278 2279
2281 2350
2287 2302
2288 2449
2289 2295
2290 2495
2291 2417
2294 2449
2299 2404
2299 2401
2300 2307
2300 2329
2301 2329
2303 2376
2304 2330
2304 2477
2308 2405
2312 2457
2314 2455
2315 2370
2316 2450
2317 2420
2317 2341
2317 2383
2318 2421
2319 2397
2319 2383
2320 2446
2321 2374
2322 2476
2326 2410
2326 2370
2331 2471
2341 2352
2343 2385
2345 2354
2346 2448
2351 2468
2351 2393
2352 2396
2352 2389
2353 2438
2356 2488
2357 2476
2357 2465
2359 2361
2361 2466
2364 2393
2365 2443
2365 2426
2373 2408
2374 2473
2378 2443
2379 2384
2379 2430
2380 2412
2382 2422
2383 2386
2386 2485
2387 2488
2390 2432
2390 2415
2395 2437
2395 2479
2396 2496
2405 2416
2407 2466
2409 2451
2412 2440
2424 2447
2425 2475
2428 2486
2429 2466
2434 2447
2435 2482
2448 2492
2449 2461
2461 2492
2482 2491
