0 1
0 2
0 3
0 4
0 5
0 6
0 7
0 8
0 9
0 10
0 13
0 17
0 19
0 21
0 22
0 23
0 25
0 27
0 29
0 30
0 31
0 34
0 35
0 39
0 50
0 56
0 80
0 81
0 82
0 87
0 93
0 97
0 102
0 104
0 106
0 107
0 108
0 110
0 113
0 121
0 137
0 138
0 142
0 151
0 155
0 166
0 178
0 179
0 184
0 187
0 188
0 190
0 199
0 209
0 216
0 222
0 230
0 239
0 240
0 242
0 247
0 252
0 254
0 257
0 261
0 273
0 274
0 286
0 297
0 302
0 312
0 321
0 322
0 325
0 335
0 346
0 351
0 353
0 358
0 360
0 367
0 387
0 403
0 404
0 412
0 414
0 428
0 437
0 440
0 463
0 477
0 506
0 507
0 532
0 535
0 537
0 538
0 549
0 561
0 569
0 625
0 633
0 647
0 648
0 656
0 676
0 682
0 690
0 696
0 705
0 716
0 718
0 729
0 733
0 737
0 749
0 753
0 757
0 775
0 778
0 781
0 791
0 792
0 800
0 820
0 832
0 844
0 852
0 856
0 874
0 878
0 913
0 966
0 977
1 6
1 13
1 20
1 21
1 51
1 77
1 84
1 172
1 215
1 231
1 265
1 315
1 334
1 365
1 401
1 597
1 740
1 872
1 915
1 983
2 6
2 7
2 13
2 14
2 17
2 20
2 24
2 28
2 35
2 37
2 39
2 42
2 58
2 68
2 69
2 97
2 98
2 111
2 114
2 118
2 123
2 150
2 168
2 181
2 182
2 183
2 188
2 205
2 207
2 222
2 225
2 231
2 256
2 269
2 284
2 285
2 299
2 305
2 321
2 340
2 361
2 368
2 374
2 396
2 413
2 417
2 449
2 457
2 462
2 480
2 499
2 504
2 573
2 579
2 586
2 616
2 621
2 627
2 630
2 635
2 643
2 653
2 656
2 662
2 686
2 692
2 703
2 707
2 709
2 738
2 739
2 760
2 797
2 858
2 861
2 905
2 927
2 948
2 963
3 6
3 7
3 8
3 10
3 16
3 17
3 28
3 33
3 46
3 48
3 49
3 53
3 54
3 69
3 83
3 88
3 103
3 104
3 121
3 146
3 153
3 155
3 192
3 201
3 205
3 206
3 209
3 217
3 254
3 266
3 292
3 309
3 324
3 330
3 379
3 385
3 418
3 450
3 479
3 492
3 526
3 600
3 614
3 681
3 718
3 725
3 746
3 792
3 837
3 849
3 897
3 914
3 929
3 952
3 960
4 7
4 9
4 12
4 14
4 15
4 17
4 22
4 23
4 33
4 41
4 45
4 50
4 57
4 61
4 75
4 77
4 86
4 90
4 99
4 125
4 126
4 127
4 132
4 133
4 180
4 197
4 216
4 235
4 255
4 265
4 385
4 387
4 394
4 457
4 480
4 521
4 603
4 626
4 729
4 730
4 916
4 965
5 6
5 8
5 38
5 52
5 54
5 59
5 62
5 66
5 67
5 81
5 98
5 130
5 150
5 186
5 235
5 237
5 284
5 316
5 370
5 432
5 478
5 490
5 496
5 577
5 636
5 659
5 699
5 834
5 861
5 999
6 7
6 8
6 9
6 10
6 11
6 12
6 15
6 16
6 17
6 18
6 19
6 20
6 21
6 23
6 26
6 29
6 31
6 38
6 44
6 49
6 52
6 60
6 62
6 81
6 85
6 89
6 109
6 119
6 143
6 146
6 151
6 158
6 165
6 176
6 197
6 207
6 215
6 221
6 232
6 247
6 249
6 259
6 262
6 282
6 300
6 327
6 346
6 366
6 377
6 378
6 382
6 430
6 438
6 446
6 448
6 465
6 469
6 473
6 484
6 491
6 508
6 521
6 534
6 540
6 576
6 579
6 588
6 593
6 619
6 637
6 658
6 690
6 691
6 711
6 720
6 755
6 792
6 844
6 897
6 929
6 934
7 8
7 9
7 10
7 11
7 12
7 13
7 15
7 21
7 26
7 31
7 34
7 36
7 38
7 40
7 45
7 50
7 53
7 55
7 61
7 66
7 68
7 73
7 75
7 76
7 77
7 80
7 81
7 85
7 87
7 92
7 93
7 105
7 106
7 107
7 117
7 120
7 131
7 132
7 133
7 142
7 146
7 154
7 165
7 182
7 184
7 193
7 200
7 206
7 220
7 225
7 228
7 231
7 238
7 244
7 263
7 266
7 273
7 287
7 291
7 292
7 299
7 319
7 323
7 364
7 388
7 392
7 415
7 426
7 432
7 444
7 458
7 469
7 473
7 487
7 493
7 494
7 511
7 523
7 544
7 568
7 590
7 595
7 620
7 633
7 653
7 656
7 679
7 706
7 708
7 732
7 747
7 770
7 786
7 800
7 815
7 820
7 825
7 836
7 837
7 856
7 871
7 872
7 907
7 909
7 937
7 951
7 966
7 991
8 9
8 10
8 11
8 12
8 14
8 15
8 19
8 24
8 27
8 29
8 35
8 37
8 41
8 43
8 46
8 56
8 63
8 64
8 65
8 68
8 100
8 101
8 111
8 144
8 153
8 154
8 200
8 229
8 237
8 239
8 278
8 311
8 318
8 321
8 331
8 347
8 350
8 355
8 357
8 369
8 370
8 403
8 421
8 447
8 455
8 466
8 497
8 500
8 501
8 507
8 526
8 537
8 550
8 557
8 584
8 597
8 606
8 646
8 663
8 680
8 720
8 731
8 752
8 794
8 806
8 812
8 843
8 890
8 893
8 909
8 920
8 931
8 935
8 945
8 958
8 992
9 11
9 27
9 36
9 41
9 45
9 47
9 56
9 59
9 70
9 83
9 86
9 95
9 98
9 99
9 101
9 107
9 112
9 113
9 118
9 122
9 128
9 144
9 151
9 166
9 174
9 195
9 202
9 203
9 209
9 219
9 230
9 236
9 244
9 258
9 278
9 287
9 300
9 317
9 328
9 361
9 399
9 411
9 417
9 431
9 435
9 446
9 447
9 457
9 489
9 513
9 525
9 542
9 545
9 555
9 586
9 603
9 615
9 626
9 629
9 674
9 717
9 743
9 776
9 808
9 820
9 861
9 866
9 891
9 904
9 933
9 971
10 11
10 12
10 13
10 14
10 16
10 18
10 23
10 26
10 27
10 31
10 32
10 33
10 36
10 39
10 43
10 46
10 47
10 48
10 49
10 52
10 55
10 70
10 72
10 73
10 78
10 85
10 88
10 96
10 100
10 108
10 116
10 122
10 123
10 124
10 127
10 133
10 135
10 139
10 189
10 190
10 208
10 210
10 215
10 217
10 227
10 237
10 247
10 256
10 261
10 265
10 267
10 269
10 273
10 277
10 290
10 291
10 294
10 296
10 310
10 313
10 317
10 329
10 344
10 346
10 357
10 407
10 416
10 427
10 439
10 472
10 473
10 533
10 540
10 564
10 576
10 591
10 605
10 608
10 650
10 660
10 665
10 671
10 704
10 786
10 853
10 858
10 868
10 869
10 886
10 904
10 905
10 917
10 918
10 922
10 960
10 966
10 987
10 995
10 996
11 19
11 38
11 48
11 49
11 50
11 65
11 79
11 88
11 116
11 118
11 136
11 143
11 247
11 271
11 291
11 342
11 367
11 418
11 475
11 487
11 497
11 525
11 534
11 567
11 601
11 647
11 667
11 677
11 697
11 722
11 779
11 793
11 800
11 830
11 887
11 921
11 930
11 970
12 16
12 18
12 22
12 27
12 30
12 34
12 37
12 42
12 53
12 54
12 96
12 100
12 111
12 120
12 137
12 147
12 155
12 161
12 173
12 186
12 198
12 205
12 207
12 225
12 259
12 261
12 282
12 297
12 299
12 301
12 307
12 322
12 324
12 335
12 365
12 377
12 379
12 395
12 426
12 430
12 437
12 438
12 443
12 453
12 488
12 492
12 503
12 517
12 526
12 533
12 571
12 583
12 686
12 695
12 701
12 703
12 760
12 766
12 770
12 780
12 784
12 793
12 794
12 812
12 938
12 998
13 14
13 15
13 16
13 18
13 19
13 25
13 29
13 30
13 33
13 34
13 36
13 37
13 43
13 58
13 64
13 72
13 91
13 95
13 126
13 127
13 140
13 145
13 154
13 164
13 166
13 167
13 171
13 213
13 218
13 225
13 248
13 254
13 270
13 299
13 308
13 324
13 332
13 335
13 373
13 397
13 422
13 436
13 439
13 441
13 462
13 529
13 530
13 533
13 604
13 621
13 650
13 660
13 704
13 723
13 767
13 779
13 798
13 807
13 835
13 843
13 861
13 892
13 956
13 989
13 991
13 999
14 24
14 28
14 32
14 58
14 81
14 120
14 155
14 156
14 162
14 183
14 222
14 228
14 352
14 377
14 382
14 472
14 481
14 503
14 515
14 517
14 578
14 657
14 686
14 730
14 804
14 853
14 871
14 930
14 943
14 953
14 969
15 20
15 21
15 22
15 24
15 28
15 35
15 42
15 44
15 54
15 70
15 72
15 82
15 84
15 90
15 126
15 129
15 143
15 152
15 196
15 208
15 221
15 251
15 279
15 296
15 302
15 326
15 402
15 447
15 477
15 504
15 549
15 587
15 635
15 666
15 672
15 678
15 709
15 756
15 795
15 812
15 822
15 838
15 854
15 888
15 898
15 924
15 987
16 26
16 34
16 40
16 42
16 62
16 66
16 69
16 78
16 82
16 86
16 89
16 93
16 99
16 105
16 115
16 122
16 128
16 129
16 131
16 133
16 141
16 146
16 149
16 159
16 187
16 188
16 194
16 196
16 204
16 210
16 245
16 257
16 269
16 272
16 281
16 330
16 364
16 376
16 406
16 411
16 416
16 418
16 424
16 427
16 430
16 483
16 489
16 516
16 544
16 576
16 584
16 601
16 612
16 628
16 656
16 698
16 761
16 764
16 778
16 798
16 822
16 850
16 950
17 18
17 32
17 63
17 112
17 153
17 175
17 219
17 364
17 405
17 433
17 445
17 454
17 456
17 488
17 638
17 715
17 731
17 745
17 902
18 20
18 24
18 28
18 41
18 45
18 46
18 48
18 56
18 61
18 84
18 95
18 100
18 101
18 109
18 135
18 143
18 173
18 212
18 258
18 286
18 293
18 356
18 452
18 467
18 480
18 483
18 511
18 525
18 528
18 540
18 582
18 587
18 596
18 655
18 674
18 676
18 701
18 739
18 740
18 767
18 780
18 788
18 829
18 869
18 915
18 959
18 970
19 25
19 26
19 32
19 56
19 60
19 70
19 71
19 75
19 80
19 94
19 98
19 113
19 129
19 162
19 166
19 167
19 186
19 188
19 194
19 213
19 214
19 223
19 227
19 234
19 260
19 315
19 316
19 328
19 331
19 332
19 344
19 364
19 396
19 417
19 424
19 431
19 478
19 484
19 498
19 502
19 568
19 574
19 583
19 589
19 637
19 642
19 651
19 654
19 692
19 746
19 754
19 793
19 811
19 829
19 831
19 850
19 883
19 908
19 922
19 947
20 22
20 25
20 39
20 49
20 51
20 92
20 110
20 139
20 158
20 165
20 218
20 246
20 260
20 322
20 411
20 466
20 570
20 672
20 702
20 707
20 783
20 881
20 933
20 950
21 30
21 31
21 37
21 45
21 53
21 57
21 60
21 63
21 69
21 70
21 74
21 100
21 116
21 128
21 137
21 145
21 148
21 155
21 191
21 209
21 210
21 224
21 229
21 256
21 272
21 341
21 391
21 474
21 509
21 546
21 569
21 593
21 604
21 610
21 746
21 783
21 803
21 894
21 943
21 970
22 23
22 35
22 50
22 51
22 78
22 86
22 108
22 132
22 148
22 158
22 212
22 266
22 325
22 388
22 406
22 414
22 435
22 510
22 585
22 610
22 699
22 736
22 944
22 954
22 963
22 985
23 25
23 40
23 41
23 59
23 96
23 113
23 121
23 123
23 135
23 249
23 303
23 386
23 391
23 488
23 524
23 621
23 826
23 855
24 51
24 64
24 79
24 131
24 311
24 448
24 470
24 476
24 597
24 622
24 676
24 708
24 737
24 765
24 895
24 988
25 60
25 101
25 104
25 134
25 135
25 178
25 215
25 217
25 224
25 313
25 355
25 392
25 560
25 584
25 605
25 657
25 851
26 39
26 40
26 44
26 55
26 60
26 68
26 72
26 87
26 93
26 96
26 98
26 102
26 105
26 118
26 169
26 176
26 221
26 226
26 266
26 292
26 295
26 303
26 323
26 416
26 417
26 425
26 432
26 442
26 450
26 457
26 460
26 496
26 501
26 529
26 535
26 539
26 543
26 553
26 624
26 644
26 701
26 705
26 706
26 750
26 758
26 769
26 798
26 910
26 924
26 974
27 47
27 57
27 69
27 73
27 77
27 86
27 122
27 196
27 344
27 516
27 535
27 548
27 638
27 652
27 723
27 975
28 29
28 38
28 51
28 52
28 65
28 68
28 77
28 78
28 163
28 168
28 182
28 186
28 256
28 291
28 307
28 349
28 440
28 443
28 491
28 534
28 712
28 819
28 840
28 955
28 993
29 30
29 32
29 40
29 62
29 65
29 72
29 75
29 82
29 138
29 152
29 159
29 174
29 233
29 284
29 295
29 309
29 533
29 753
29 793
29 926
29 930
29 947
29 989
30 55
30 67
30 84
30 88
30 140
30 148
30 404
30 588
30 866
31 33
31 63
31 103
31 112
31 130
31 249
31 263
31 729
31 844
32 42
32 44
32 66
32 89
32 101
32 102
32 115
32 119
32 161
32 197
32 212
32 271
32 310
32 321
32 509
32 518
32 564
32 609
32 624
32 631
32 636
32 640
32 817
32 839
32 855
32 893
32 912
32 917
33 36
33 46
33 83
33 117
33 127
33 185
33 235
33 264
33 288
33 313
33 354
33 373
33 443
33 469
33 473
33 476
33 477
33 481
33 603
33 604
33 801
33 986
34 71
34 92
34 171
34 197
34 200
34 327
34 341
34 351
34 353
34 398
34 414
34 460
34 495
34 549
34 614
34 627
34 633
34 649
34 655
34 666
34 696
34 777
34 880
35 43
35 71
35 93
35 103
35 117
35 164
35 202
35 262
35 381
35 414
35 502
35 541
35 568
35 573
35 620
35 848
35 860
35 879
35 885
36 57
36 79
36 109
36 132
36 169
36 189
36 192
36 206
36 226
36 232
36 296
36 334
36 342
36 345
36 366
36 395
36 402
36 523
36 529
36 531
36 535
36 556
36 641
36 784
36 839
36 896
37 87
37 106
37 107
37 110
37 204
37 267
37 320
37 329
37 493
37 574
37 595
37 611
37 616
37 666
37 692
37 714
37 755
37 758
37 819
37 901
37 943
37 980
38 52
38 57
38 58
38 110
38 116
38 121
38 159
38 178
38 180
38 207
38 319
38 389
38 434
38 541
38 625
38 675
39 44
39 64
39 80
39 83
39 87
39 135
39 139
39 157
39 160
39 163
39 177
39 198
39 210
39 211
39 230
39 236
39 261
39 346
39 420
39 445
39 450
39 467
39 471
39 485
39 520
39 539
39 605
39 628
39 684
39 689
39 744
39 790
39 868
39 894
39 896
39 906
39 929
40 43
40 54
40 64
40 76
40 89
40 111
40 147
40 159
40 209
40 238
40 244
40 307
40 308
40 329
40 468
40 518
40 543
40 594
40 601
40 636
40 638
40 750
40 778
40 814
40 819
40 895
40 896
40 904
40 938
40 986
41 95
41 176
41 183
41 297
41 421
41 423
41 658
41 703
41 834
41 908
42 59
42 97
42 103
42 112
42 125
42 130
42 132
42 152
42 271
42 306
42 323
42 359
42 363
42 381
42 419
42 566
42 569
42 606
42 707
42 740
42 772
42 774
43 76
43 137
43 140
43 200
43 332
43 427
43 442
43 446
43 568
43 611
43 615
43 645
43 740
43 751
43 888
44 55
44 59
44 62
44 76
44 113
44 114
44 124
44 145
44 150
44 154
44 171
44 187
44 195
44 200
44 204
44 205
44 210
44 243
44 255
44 270
44 289
44 313
44 314
44 335
44 340
44 405
44 406
44 409
44 524
44 539
44 601
44 676
44 678
44 682
44 710
44 725
44 743
44 839
44 847
44 867
44 965
45 47
45 48
45 75
45 85
45 91
45 184
45 300
45 301
45 356
45 372
45 438
45 540
45 614
45 719
45 785
45 958
45 977
45 998
46 47
46 65
46 97
46 104
46 270
46 279
46 298
46 361
46 397
46 416
46 426
46 461
46 466
46 499
46 513
46 522
46 528
46 538
46 554
46 558
46 575
46 618
46 690
46 830
46 955
46 994
47 61
47 63
47 90
47 114
47 125
47 130
47 138
47 147
47 179
47 221
47 226
47 313
47 319
47 358
47 461
47 470
47 576
47 599
47 607
47 617
47 675
47 706
47 809
47 856
47 876
47 889
47 949
47 951
48 66
48 92
48 94
48 140
48 141
48 142
48 149
48 172
48 182
48 203
48 245
48 265
48 280
48 281
48 317
48 348
48 461
48 520
48 547
48 551
48 651
48 693
48 713
48 718
48 719
48 741
48 750
48 810
48 852
48 916
48 952
48 953
49 309
49 408
49 434
49 688
49 945
50 53
50 67
50 120
50 134
50 172
50 195
50 202
50 213
50 214
50 238
50 247
50 263
50 274
50 326
50 399
50 433
50 568
50 596
50 607
50 615
50 684
50 768
50 868
50 893
50 972
50 974
51 136
51 201
51 226
51 241
51 246
51 248
51 254
51 303
51 518
51 649
51 700
51 819
52 74
52 85
52 90
52 109
52 110
52 134
52 139
52 144
52 150
52 161
52 177
52 198
52 220
52 315
52 383
52 516
52 518
52 529
52 580
52 589
52 595
52 620
52 659
52 712
52 870
52 936
52 942
52 967
53 143
53 144
53 149
53 240
53 305
53 409
53 412
53 430
53 460
53 640
53 673
53 679
53 758
53 944
53 945
54 76
54 82
54 84
54 119
54 160
54 172
54 178
54 250
54 280
54 339
54 391
54 511
54 677
54 687
54 806
54 889
55 61
55 161
55 233
55 251
55 360
55 392
55 419
55 490
55 533
55 684
55 752
55 801
56 67
56 74
56 91
56 95
56 123
56 127
56 170
56 171
56 184
56 195
56 204
56 257
56 287
56 345
56 380
56 389
56 435
56 482
56 488
56 565
56 637
56 680
56 746
56 826
56 938
56 978
56 984
57 58
57 178
57 236
57 281
57 381
57 458
57 519
57 547
57 603
57 612
57 639
57 760
57 815
57 860
57 953
58 71
58 88
58 90
58 153
58 179
58 187
58 214
58 277
58 674
58 755
58 953
59 67
59 122
59 131
59 151
59 162
59 180
59 252
59 253
59 264
59 309
59 315
59 327
59 375
59 408
59 444
59 498
59 510
59 561
59 566
59 597
59 705
59 749
59 827
59 843
60 74
60 78
60 79
60 115
60 125
60 152
60 294
60 296
60 299
60 345
60 390
60 409
60 419
60 455
60 639
60 705
60 789
60 979
61 74
61 115
61 138
61 241
61 243
61 329
61 354
61 466
61 493
61 530
61 657
61 693
61 998
62 71
62 73
62 108
62 158
62 224
62 294
62 350
62 415
62 465
62 478
62 558
62 561
62 600
62 731
62 969
63 112
63 168
63 169
63 214
63 218
63 374
63 425
63 455
63 580
63 871
64 96
64 192
64 198
64 218
64 234
64 371
64 441
64 547
64 562
64 781
64 978
65 142
65 191
65 193
65 325
65 332
65 387
65 420
65 552
65 635
65 695
65 737
65 769
65 782
65 874
66 148
66 223
66 324
66 367
66 444
66 759
67 126
67 130
67 156
67 164
67 175
67 184
67 189
67 193
67 220
67 256
67 273
67 343
67 359
67 443
67 462
67 501
67 571
67 834
67 883
67 923
68 80
68 105
68 121
68 131
68 168
68 375
68 428
68 542
68 585
68 844
68 864
68 923
69 79
69 136
69 158
69 176
69 177
69 190
69 250
69 267
69 271
69 290
69 451
69 482
69 646
69 691
69 722
69 805
69 885
69 969
69 979
70 282
70 349
70 471
70 475
70 617
70 715
70 735
70 817
70 847
70 959
70 971
70 982
71 73
71 119
71 222
71 453
71 481
71 483
71 506
71 579
71 591
71 806
71 903
71 941
72 83
72 91
72 102
72 170
72 208
72 224
72 232
72 238
72 288
72 305
72 307
72 373
72 467
72 537
72 668
72 688
72 716
72 759
72 880
73 180
73 260
73 263
73 283
73 373
73 387
74 141
74 298
74 546
74 551
74 628
74 922
75 91
75 105
75 107
75 161
75 181
75 183
75 223
75 311
75 390
75 391
75 396
75 459
75 695
75 731
75 733
76 211
76 383
76 397
76 580
76 648
76 804
76 901
77 94
77 97
77 104
77 228
77 260
77 297
77 342
77 471
77 494
77 660
77 833
77 989
78 145
78 156
78 173
78 302
78 325
78 342
78 372
78 476
78 511
78 694
78 708
79 117
79 213
79 374
79 445
79 501
79 646
79 831
79 846
79 924
79 966
80 94
80 185
80 295
80 398
80 474
80 567
80 613
80 847
80 857
80 887
80 916
80 949
80 957
81 89
81 92
81 114
81 193
81 232
81 253
81 311
81 363
81 405
81 441
81 480
81 482
81 494
81 530
81 598
81 607
81 693
81 768
81 810
81 939
81 948
81 952
81 990
82 267
82 310
82 371
82 800
82 834
82 945
83 117
83 172
83 233
83 268
83 269
83 326
83 365
83 444
84 94
84 99
84 177
84 386
84 464
84 515
84 811
84 936
85 99
85 208
85 274
85 276
85 345
85 358
85 423
85 487
85 832
85 850
85 981
86 157
86 272
86 342
86 803
86 808
86 860
87 139
87 191
87 232
87 243
87 251
87 312
87 314
87 338
87 347
87 411
87 478
87 685
87 726
88 195
88 212
88 239
88 252
88 257
88 341
88 345
88 432
88 442
88 444
88 557
88 602
88 716
89 149
89 169
89 194
89 242
89 286
89 361
89 403
89 538
89 553
89 627
89 743
89 757
89 770
89 775
89 777
89 780
89 822
89 873
89 874
89 939
90 147
90 157
90 220
90 254
90 828
91 102
91 108
91 111
91 123
91 128
91 157
91 162
91 196
91 279
91 281
91 306
91 320
91 324
91 338
91 393
91 420
91 456
91 520
91 538
91 556
91 600
91 848
91 867
91 870
91 921
92 228
92 375
92 478
92 492
92 734
92 827
93 103
93 151
93 164
93 188
93 307
93 360
93 429
93 506
93 592
93 617
93 911
94 106
94 159
94 176
94 179
94 215
94 236
94 239
94 288
94 378
94 526
94 582
94 630
94 641
94 710
94 967
95 194
95 199
95 275
95 278
95 304
95 333
95 347
95 448
95 508
95 550
95 857
95 915
96 211
96 509
96 592
96 955
97 226
97 310
97 404
97 643
97 674
97 768
97 805
97 920
98 106
98 160
98 208
98 281
98 306
98 339
98 394
98 412
98 441
98 454
98 515
98 623
98 642
98 788
98 828
98 886
98 892
99 190
99 349
99 495
99 660
99 695
99 807
100 157
100 203
100 318
100 379
100 866
101 141
101 145
101 235
101 452
101 517
101 572
101 879
101 898
101 926
102 129
102 181
102 459
102 492
102 562
102 630
102 751
103 274
103 275
103 411
103 485
103 531
103 725
103 957
104 169
104 351
104 380
104 434
104 441
104 445
104 522
104 597
104 661
104 865
104 872
104 887
105 141
105 147
105 360
105 367
105 666
105 921
106 124
106 153
106 173
106 177
106 204
106 316
106 353
106 370
106 378
106 581
106 683
106 709
106 852
106 981
107 109
107 133
107 134
107 154
107 174
107 182
107 190
107 276
107 424
107 760
107 776
107 816
107 819
107 857
108 115
108 116
108 146
108 156
108 289
108 400
108 498
108 559
108 687
108 971
108 973
108 982
109 129
109 237
109 262
109 382
109 608
109 747
109 890
109 928
110 114
110 118
110 144
110 228
111 206
111 300
112 124
112 142
112 203
112 272
112 354
112 399
112 669
112 916
113 124
113 201
113 308
113 486
113 572
113 608
113 911
114 333
114 360
114 617
114 948
115 119
115 138
115 149
115 167
115 285
115 422
115 498
115 519
115 583
115 623
115 696
115 741
115 824
115 846
115 932
116 126
116 163
116 165
116 253
116 422
116 449
116 462
116 509
116 594
116 602
116 873
117 170
117 205
117 236
117 241
117 305
117 340
117 439
117 789
118 128
118 152
118 170
118 181
118 202
118 348
118 456
118 465
118 472
118 555
118 563
118 579
118 642
118 732
118 735
118 772
118 828
119 120
119 134
119 136
119 140
119 185
119 194
119 251
119 277
119 301
119 338
119 339
119 399
119 402
119 623
119 632
119 650
119 655
119 725
119 802
119 914
120 160
120 250
120 266
120 363
120 491
120 531
120 590
120 796
121 446
121 623
121 647
121 916
121 980
121 987
122 202
122 410
122 494
122 592
122 614
123 125
123 244
123 252
123 290
123 437
123 619
123 774
123 870
124 136
124 189
124 224
124 229
124 279
124 303
124 334
124 336
124 349
124 359
124 368
124 418
124 429
124 453
124 484
124 508
124 522
124 559
124 577
124 593
124 727
124 730
124 761
124 805
124 826
124 876
124 879
124 900
124 912
124 963
125 283
125 285
125 288
125 331
125 348
125 429
125 599
125 748
125 918
125 994
125 997
126 198
126 259
126 268
126 428
126 758
126 926
127 166
127 271
127 327
127 355
127 424
127 589
127 710
127 826
127 882
128 239
128 453
128 522
128 990
129 170
129 382
129 395
129 566
129 654
130 186
130 234
130 304
130 475
130 476
130 567
130 577
130 730
130 769
130 813
130 957
131 206
131 217
131 229
131 237
131 575
131 607
131 623
131 645
131 811
131 821
131 905
132 240
132 276
132 351
132 401
132 407
132 427
132 443
132 505
132 548
132 684
132 886
132 906
133 363
133 412
133 442
133 497
133 622
133 662
133 748
133 790
133 954
134 137
134 164
134 219
134 240
134 280
134 311
134 320
134 674
134 684
134 996
135 219
135 336
135 350
135 393
135 452
135 569
135 573
135 818
135 872
135 900
136 156
136 400
136 717
136 732
137 148
137 162
137 163
137 338
137 449
138 168
138 293
138 366
138 608
138 791
138 792
139 150
139 163
139 199
139 259
139 277
139 283
139 337
139 582
139 591
139 622
139 704
139 747
139 774
139 865
139 997
140 241
140 298
140 301
140 328
140 388
140 389
140 527
140 602
140 626
140 675
140 698
140 728
140 790
140 807
140 851
140 880
140 900
141 216
141 290
141 336
141 362
141 382
141 429
141 814
141 878
141 940
142 160
142 201
142 211
142 231
142 246
142 264
142 328
142 489
142 490
142 536
142 559
142 599
142 618
142 673
142 728
142 732
142 829
142 950
143 265
143 277
143 337
143 377
143 386
143 520
143 530
143 742
143 797
144 179
144 233
144 372
144 637
144 698
144 704
144 784
144 853
144 882
144 923
145 174
145 191
145 459
145 588
145 611
145 660
145 664
145 997
146 230
146 321
146 337
146 563
146 620
147 181
147 258
147 297
147 338
147 356
147 373
147 438
147 491
147 803
147 806
147 829
147 968
148 183
148 289
148 470
148 545
148 547
148 561
148 599
148 760
148 907
150 482
150 512
150 671
150 715
150 845
150 921
150 930
151 240
151 242
151 407
151 884
152 777
153 212
153 234
153 291
153 302
153 541
153 574
153 609
153 658
153 687
153 699
154 191
154 314
155 174
155 193
155 207
155 253
155 336
155 454
155 857
155 980
156 167
156 192
156 199
156 250
156 317
156 413
156 567
156 585
156 599
156 664
156 734
156 766
156 796
157 185
157 274
157 463
157 519
157 727
157 835
158 167
158 292
158 638
158 677
158 680
158 770
158 912
158 991
159 229
159 243
159 255
159 330
159 394
159 496
160 171
160 458
161 238
161 243
161 506
161 613
161 618
161 761
161 809
161 914
161 946
161 996
162 165
162 255
162 322
162 682
162 868
163 272
163 276
163 340
163 399
163 474
163 532
163 560
163 613
163 628
163 643
163 652
163 712
163 841
163 939
164 175
164 227
164 275
164 427
164 448
164 495
164 507
164 572
164 785
165 187
165 339
165 527
165 555
165 571
165 632
165 759
165 898
165 914
165 985
166 199
166 225
166 264
166 430
166 483
166 502
166 517
166 575
166 577
166 609
166 656
166 691
166 779
166 799
166 863
167 393
167 907
168 180
168 217
168 283
168 328
168 369
168 454
168 712
168 719
168 853
169 312
169 326
169 389
169 394
169 479
169 669
169 885
169 945
170 211
170 721
171 173
171 175
171 189
171 278
171 326
171 344
171 377
171 405
171 629
171 692
171 752
171 762
171 964
172 197
172 245
172 258
172 344
172 371
172 548
172 630
173 216
173 688
173 798
174 175
174 318
174 744
175 220
175 463
175 784
175 897
175 978
176 203
176 294
176 471
176 824
176 856
176 907
177 245
177 337
177 384
177 612
177 736
178 223
178 268
178 352
178 543
178 671
178 972
179 231
179 392
179 488
179 519
179 532
179 654
179 839
179 886
179 910
180 267
180 565
180 787
180 877
180 897
181 185
181 214
181 257
181 287
181 550
181 723
181 763
181 999
182 385
182 422
182 436
182 487
182 645
183 372
183 384
183 802
183 855
184 248
184 523
184 542
184 659
184 739
184 875
185 192
185 223
185 235
185 270
185 320
185 410
185 450
185 464
185 516
185 624
185 632
185 687
185 703
185 765
185 796
185 862
185 911
185 912
185 943
185 973
185 988
186 222
186 288
186 587
186 689
186 749
187 244
187 275
187 300
187 343
187 595
187 702
187 786
187 838
187 922
188 354
188 514
188 906
189 201
189 262
189 514
189 784
189 810
189 836
189 980
190 268
190 270
190 418
190 449
190 585
190 610
190 707
190 711
190 851
191 196
191 251
191 259
191 450
191 456
191 600
192 286
192 337
192 901
193 285
193 374
193 592
193 668
193 942
194 323
194 366
194 380
194 385
194 394
194 462
195 285
195 362
195 413
195 451
195 490
195 531
195 580
195 682
195 831
195 919
195 934
196 213
196 262
196 275
196 390
196 782
196 786
196 920
197 308
197 362
197 470
197 500
197 822
197 870
198 263
198 431
198 920
199 248
199 317
199 554
199 622
199 876
199 882
199 907
199 976
199 994
200 384
200 528
200 831
201 227
201 353
201 355
201 364
201 434
201 598
201 668
201 849
202 216
202 349
202 724
203 233
203 368
203 408
203 415
203 425
203 439
203 484
203 537
203 869
203 981
204 221
204 248
204 306
204 451
204 457
204 552
204 564
204 648
204 700
204 763
205 284
205 386
205 438
205 468
205 549
205 814
205 878
206 219
206 505
207 446
207 461
207 950
208 282
208 312
208 369
208 503
208 727
208 774
208 775
208 882
208 972
208 983
209 314
209 460
209 744
209 940
210 500
211 269
211 298
211 435
211 602
211 646
211 650
212 333
212 476
212 530
212 823
213 218
213 296
213 333
213 406
213 431
213 497
213 610
213 636
213 639
213 782
213 822
213 903
213 986
214 343
214 588
214 812
215 276
215 747
216 261
216 378
216 472
216 474
216 485
216 531
216 536
216 739
216 884
217 227
217 341
217 384
217 403
217 854
217 864
217 917
218 591
218 592
218 728
219 334
219 579
219 596
219 675
219 681
220 640
220 688
220 901
221 234
221 415
221 680
221 723
221 854
222 389
222 496
222 504
222 643
222 738
222 884
222 995
223 242
223 252
223 260
223 362
223 649
223 862
223 994
224 322
224 423
225 279
225 761
226 230
226 242
226 246
226 253
226 310
226 316
226 318
226 368
226 594
226 603
227 245
227 593
228 268
228 278
228 492
228 968
229 249
229 290
229 371
229 408
229 440
229 572
229 615
229 621
229 644
229 859
230 293
230 512
230 774
230 888
230 901
231 255
231 390
231 474
232 312
232 325
232 352
232 398
232 524
232 541
232 669
232 737
232 877
232 894
232 999
233 330
233 537
233 608
233 694
233 932
234 241
234 286
234 289
234 309
234 333
234 553
234 665
234 678
234 762
234 906
234 947
235 376
235 432
235 543
235 624
235 681
235 772
235 811
235 827
236 246
236 250
236 258
236 350
236 354
236 514
236 824
237 314
237 316
237 357
237 486
237 541
237 745
237 748
237 801
237 821
237 865
237 867
237 961
238 495
238 546
238 776
238 852
239 304
239 449
239 581
239 721
239 771
239 782
239 808
239 838
239 862
239 975
240 759
240 855
240 888
241 696
241 713
242 280
242 512
242 890
243 721
243 902
243 917
243 952
244 293
244 330
244 372
244 528
244 558
244 685
244 983
245 249
245 318
245 436
245 560
245 825
245 849
246 332
246 362
246 440
246 881
247 788
247 965
248 304
248 352
248 475
249 295
249 305
249 320
249 331
249 587
249 618
249 936
250 420
250 858
251 287
251 761
251 832
252 368
252 376
252 378
252 810
252 983
253 505
253 787
254 264
254 359
254 944
255 295
255 347
255 536
255 557
255 622
255 629
255 882
255 925
257 273
257 302
257 366
257 899
258 625
258 679
258 891
259 298
259 303
259 348
259 514
259 550
259 662
259 788
259 845
259 848
259 958
260 370
260 380
260 578
260 756
260 860
260 927
260 959
260 962
261 699
261 813
261 842
262 319
262 388
262 393
262 523
263 283
263 339
263 365
263 557
263 880
263 986
264 292
264 319
264 323
264 379
264 401
264 714
265 370
265 525
265 779
266 308
266 315
266 383
266 979
267 544
267 554
267 969
268 284
268 293
268 606
268 694
268 726
268 728
268 758
268 905
268 954
269 391
269 402
269 585
269 727
269 768
269 795
269 887
270 578
270 906
271 396
271 486
271 829
272 282
272 327
272 538
272 933
273 304
273 383
273 400
273 495
273 508
273 532
273 584
273 596
273 635
273 679
273 892
274 465
274 505
274 745
275 398
276 393
276 408
276 445
276 452
276 510
276 634
276 757
276 840
277 289
277 400
277 433
277 485
277 503
277 670
277 697
277 750
278 363
278 479
278 663
278 673
278 951
278 969
279 280
279 379
279 563
279 919
279 925
279 942
280 513
280 544
280 670
281 745
281 789
281 935
281 988
282 301
282 369
282 605
282 613
282 659
282 842
283 604
283 837
283 883
283 944
284 350
284 425
284 426
284 618
285 294
285 685
285 970
286 517
286 539
286 616
287 392
287 422
287 480
287 559
288 431
288 544
288 558
288 734
289 409
289 565
289 792
289 921
290 621
290 736
290 811
290 891
290 895
291 512
291 547
291 590
291 754
291 979
291 982
292 306
292 429
292 640
292 647
293 355
293 396
293 409
293 710
293 815
293 975
294 467
294 562
294 645
294 769
294 830
294 926
294 942
295 358
295 555
295 607
295 884
295 935
296 353
296 486
296 754
297 515
297 837
297 871
299 331
299 340
299 590
299 888
299 962
300 341
300 458
300 619
300 682
301 522
301 604
301 825
301 931
302 343
302 351
302 388
302 602
302 743
302 852
302 872
303 387
303 425
303 653
303 766
304 336
304 401
304 447
304 460
304 524
304 735
304 915
305 343
305 375
305 397
305 421
305 561
305 581
305 644
305 648
305 669
306 347
306 628
306 665
306 909
307 371
307 400
307 472
307 588
307 612
307 665
308 753
308 953
309 529
309 606
309 616
309 795
309 862
309 973
309 974
309 976
310 334
310 381
310 501
310 637
310 669
311 346
311 376
311 672
311 754
311 778
311 990
312 352
312 385
312 397
312 428
312 937
313 455
313 493
313 681
313 975
314 335
314 437
314 634
314 716
314 727
314 845
314 864
314 937
315 477
316 383
316 419
317 357
317 461
317 880
318 403
318 451
318 560
318 619
318 649
318 721
318 738
319 406
319 407
319 484
319 542
319 575
319 668
319 876
320 719
321 329
321 539
321 931
322 528
322 586
322 779
323 594
323 693
323 849
323 948
324 661
324 832
325 356
325 358
325 514
325 560
325 589
325 777
325 993
326 532
326 785
326 794
327 419
327 563
327 815
328 407
328 421
328 717
328 956
329 376
329 395
329 435
329 439
329 536
329 787
329 866
329 869
329 972
330 359
330 375
330 415
330 565
330 578
330 586
330 790
331 369
331 471
332 348
332 356
332 437
332 545
332 919
332 928
332 944
333 436
333 725
333 738
334 719
334 742
335 374
335 840
335 929
336 404
336 709
337 642
338 513
338 668
338 783
338 835
338 935
339 412
339 512
339 918
340 434
340 458
340 720
340 847
340 991
341 564
341 612
341 703
341 862
341 879
342 706
342 790
343 500
343 505
343 765
343 933
344 386
344 593
344 701
344 903
344 934
344 947
344 992
346 413
346 468
346 489
346 558
346 651
347 421
347 470
347 481
347 521
347 767
348 433
348 486
348 858
349 527
349 546
349 683
349 720
349 799
349 956
350 357
350 361
352 453
352 508
352 664
352 818
352 877
352 989
353 365
353 416
353 463
353 526
353 540
353 584
353 757
353 875
354 733
354 948
355 686
355 971
356 611
356 653
357 423
357 555
358 410
358 506
358 611
358 751
359 395
359 464
359 511
359 610
359 722
360 485
360 802
360 891
360 955
360 998
361 413
361 442
361 620
361 845
361 902
362 367
362 941
363 381
363 563
363 566
363 580
363 715
363 995
363 998
364 992
365 398
365 426
365 467
365 641
365 828
365 918
366 482
366 759
367 520
367 895
367 928
368 577
368 654
369 380
369 384
369 469
369 545
369 552
369 772
369 799
369 816
369 941
371 479
371 743
371 843
372 464
372 582
372 636
373 516
373 815
374 483
374 571
374 931
376 824
377 456
378 390
378 423
378 927
379 491
379 570
379 859
380 658
380 762
380 802
381 410
381 433
381 524
382 515
382 732
383 404
383 562
383 609
383 940
384 614
384 821
384 965
385 917
386 420
386 553
386 591
386 909
386 927
387 440
387 685
388 401
388 527
388 646
388 652
388 670
388 861
389 677
389 752
390 487
390 913
391 459
391 534
391 769
392 678
392 913
393 447
393 724
393 818
393 879
393 903
393 979
393 990
394 690
395 653
395 890
396 645
396 753
397 601
397 632
397 924
398 581
398 613
398 730
399 402
399 499
399 550
401 436
401 477
401 586
401 673
401 834
402 502
402 552
402 575
402 663
402 756
403 405
403 631
403 654
404 469
405 543
405 609
405 717
406 428
406 582
406 752
406 785
406 799
406 918
407 410
407 414
407 463
407 984
409 596
410 569
410 699
410 735
410 781
410 789
410 895
410 960
410 988
411 417
411 649
411 775
411 904
412 787
412 989
413 867
413 893
414 523
414 545
414 643
415 676
415 738
416 455
416 566
417 494
417 500
417 700
417 836
418 448
418 454
418 765
418 773
418 961
418 973
419 581
420 424
420 468
420 551
420 570
420 647
420 661
420 735
420 742
420 809
420 905
421 667
421 690
421 756
423 706
423 928
423 963
424 605
425 459
425 810
426 527
427 734
427 773
427 794
427 848
428 490
428 598
429 689
430 489
431 764
432 655
433 496
433 729
434 691
434 733
434 832
435 475
435 625
435 634
435 718
435 892
435 964
435 984
436 683
436 766
436 985
437 678
437 823
437 841
437 881
439 465
439 479
439 799
439 941
441 741
441 923
444 554
444 788
444 789
444 889
445 466
445 936
446 473
446 671
446 688
446 744
446 806
446 977
448 451
448 452
448 689
448 842
449 726
450 468
451 464
452 572
452 698
452 869
454 503
454 551
454 644
454 686
454 726
454 932
455 556
455 771
455 787
456 507
456 553
457 507
457 894
457 919
459 554
459 721
459 777
462 510
462 817
463 875
464 625
464 972
465 626
465 631
465 633
467 504
467 565
468 521
468 672
468 974
468 997
469 535
469 634
469 939
470 835
471 641
472 638
472 711
472 781
472 858
473 675
473 885
473 908
474 551
475 696
477 878
478 662
479 481
479 497
480 521
480 691
480 724
480 736
480 873
480 932
481 493
481 672
481 993
482 704
482 814
483 499
483 567
483 767
483 801
484 542
484 570
484 650
484 670
484 712
485 513
485 556
485 663
485 966
485 975
485 978
486 570
486 632
487 630
487 744
489 498
489 502
489 525
489 598
489 796
489 827
489 926
489 934
490 499
490 576
490 780
490 838
492 504
492 652
492 977
493 589
494 546
494 910
495 844
496 900
496 947
498 509
498 518
498 557
498 813
498 846
498 911
498 912
499 932
501 874
502 510
502 753
502 780
503 846
503 902
504 573
504 708
504 720
504 983
506 571
506 594
506 814
507 773
507 962
508 615
508 639
508 665
510 794
511 873
512 641
513 868
513 967
514 697
515 583
515 770
516 519
516 595
516 702
516 910
517 587
517 914
518 728
519 786
520 548
521 689
521 896
523 617
523 624
524 534
524 762
524 828
525 574
525 633
525 680
525 747
525 771
526 726
527 708
527 933
527 957
528 562
529 559
529 805
530 655
530 700
530 851
530 878
533 536
534 552
534 639
534 662
534 956
535 573
535 663
537 548
537 664
537 931
538 574
538 683
538 713
538 733
539 751
539 803
540 549
540 961
542 556
542 564
542 767
543 685
544 648
546 578
546 667
546 951
547 825
548 771
548 962
550 942
551 598
551 702
551 805
551 813
553 898
554 583
555 864
556 626
557 936
558 697
558 751
558 835
560 606
560 963
561 833
562 670
562 863
562 894
563 818
563 830
565 776
566 694
567 692
567 798
567 965
568 590
569 928
570 694
571 627
571 658
571 741
573 677
574 635
574 831
575 958
576 797
577 631
577 823
578 657
578 664
578 813
579 652
579 717
579 836
581 629
581 631
581 634
581 671
581 673
581 883
584 651
584 782
584 804
584 843
584 993
585 644
585 841
586 748
586 954
586 976
587 600
587 651
587 718
587 731
587 737
587 746
587 748
587 764
587 876
587 881
588 709
588 954
589 616
589 937
589 988
590 846
591 890
594 816
595 749
595 903
596 873
597 679
599 740
601 808
602 781
603 796
604 661
604 817
604 870
605 629
605 973
607 908
609 619
609 661
609 900
610 666
610 724
610 827
611 698
611 871
612 823
613 640
613 865
613 994
614 627
614 836
617 821
618 961
619 659
619 771
619 775
622 797
624 707
625 657
627 713
627 898
628 940
629 889
629 911
630 773
631 681
631 956
632 642
632 939
633 687
633 755
633 996
634 693
634 722
635 742
635 764
635 919
635 976
636 701
636 714
636 722
636 949
637 938
638 839
639 793
640 967
641 884
642 705
642 833
643 667
643 978
645 840
645 875
645 964
646 716
646 866
646 960
646 992
647 729
647 776
648 749
650 724
652 949
652 968
653 714
653 768
655 683
657 667
657 713
658 877
659 802
659 891
660 711
661 785
661 925
661 967
662 924
663 816
663 855
663 946
664 824
665 766
669 697
669 892
670 741
671 841
673 757
673 772
673 875
674 710
674 750
675 742
676 762
676 764
676 783
676 904
678 695
679 946
680 859
681 765
681 801
681 923
682 714
682 736
683 755
683 863
684 830
685 909
686 795
686 826
686 925
687 929
689 791
691 700
693 773
695 702
695 910
696 745
701 807
703 820
703 833
703 964
704 711
704 739
704 800
705 734
706 715
709 987
711 850
711 863
713 816
716 865
717 723
717 791
717 968
720 756
720 896
721 795
721 889
726 754
726 857
726 902
728 863
730 859
732 803
738 763
738 940
740 763
745 804
745 941
746 981
747 820
747 842
748 783
749 797
749 833
749 927
751 848
754 886
754 955
755 984
757 763
758 804
761 859
762 809
762 864
764 837
766 808
766 958
767 887
767 897
767 899
768 778
768 825
769 840
769 842
770 935
775 995
776 925
777 856
778 807
778 980
778 985
779 809
779 850
780 946
780 970
783 791
783 818
783 849
783 851
784 823
785 922
786 860
792 853
792 951
793 847
794 913
794 949
796 838
797 984
798 992
799 817
801 937
801 995
802 812
802 821
802 881
805 959
807 854
810 877
810 893
812 867
816 959
816 964
817 874
824 841
824 987
826 962
826 997
833 845
838 913
840 991
843 883
846 885
849 938
851 854
851 920
854 950
858 930
858 934
862 943
885 908
887 899
889 952
893 990
894 981
895 899
895 982
898 899
900 986
907 946
912 915
915 957
916 974
917 960
926 976
930 971
932 985
944 993
946 968
949 977
950 999
951 961
977 982
978 996
