0 3436
0 4792
0 4229
0 4707
1 4567
1 444
1 917
1 3940
2 573
2 2484
2 4329
2 930
3 3948
3 3478
3 2124
3 3215
4 2303
4 3530
4 4900
4 611
5 4835
5 4608
5 3956
5 1152
6 4768
6 1752
6 4204
6 486
7 2035
7 2450
7 1957
7 2817
8 713
8 2609
8 4377
8 3620
9 3409
9 4326
9 2819
9 2799
10 2112
10 3456
10 1542
10 2798
11 4867
11 1583
11 1324
11 447
12 1785
12 1160
12 1183
12 391
13 3969
13 2846
13 673
13 3676
14 2121
14 275
14 1130
14 2878
15 3548
15 1932
15 698
15 2290
16 4036
16 2893
16 397
16 2266
17 2195
17 1814
17 83
17 4320
18 3004
18 56
18 3475
18 3036
19 1796
19 2589
19 1320
19 1183
20 3867
20 1121
20 2290
20 2789
21 1360
21 1225
21 3741
21 2488
22 376
22 4379
22 150
22 44
23 712
23 2784
23 114
23 558
24 4630
24 926
24 2150
24 3933
25 3368
25 1203
25 670
25 3006
26 1513
26 4271
26 1697
26 1834
27 731
27 4791
27 660
27 2641
28 3457
28 947
28 388
28 2325
29 4343
29 3331
29 3928
29 3125
30 2798
30 3278
30 2347
30 442
31 1094
31 4360
31 770
31 446
32 1321
32 4943
32 3645
32 4705
33 3524
33 4258
33 3604
33 2299
34 2842
34 3275
34 4293
34 42
35 3284
35 908
35 2573
35 3760
36 2392
36 3615
36 4535
36 4717
37 3668
37 2412
37 3154
37 3056
38 4726
38 2376
38 592
38 4467
39 1826
39 466
39 1086
39 1103
40 2249
40 2114
40 807
40 3842
41 2633
41 4161
41 3280
41 3393
42 1949
42 2626
42 817
43 2836
43 1882
43 1926
43 3164
44 1703
44 3363
44 2905
45 1999
45 1321
45 3892
45 632
46 4641
46 4685
46 4360
46 3559
47 1010
47 1982
47 3075
47 1595
48 4657
48 1399
48 2920
48 3033
49 630
49 2210
49 4224
49 1192
50 1529
50 350
50 2484
50 499
51 3244
51 2240
51 4198
51 2348
52 175
52 1587
52 4098
52 1121
53 3944
53 3328
53 4176
53 4465
54 2292
54 4155
54 4698
54 195
55 3457
55 3982
55 4779
55 2668
56 2366
56 1975
56 2016
57 656
57 1397
57 3253
57 4960
58 4122
58 597
58 4227
58 3656
59 3872
59 2848
59 67
59 3253
60 1135
60 1741
60 1988
60 2748
61 3146
61 1051
61 2883
61 4187
62 1064
62 3162
62 2559
62 4176
63 3674
63 2245
63 4715
63 4574
64 2085
64 4042
64 3634
64 3517
65 1320
65 1398
65 2944
65 4103
66 2223
66 271
66 453
66 1870
67 1651
67 3137
67 195
68 4147
68 928
68 1212
68 4784
69 2455
69 137
69 1562
69 1713
70 4023
70 2518
70 672
70 3358
71 101
71 2969
71 657
71 2071
72 2667
72 1701
72 1039
72 1767
73 3466
73 3644
73 4044
73 2370
74 2169
74 1659
74 3053
74 1453
75 4977
75 102
75 1237
75 4628
76 1653
76 532
76 1446
76 424
77 752
77 1594
77 4417
77 383
78 4478
78 2740
78 3694
78 2018
79 2161
79 3826
79 4164
79 1568
80 495
80 3931
80 2998
80 1088
81 4223
81 3089
81 615
81 3001
82 2340
82 1514
82 163
82 3793
83 855
83 4173
83 4667
84 3602
84 4072
84 3567
84 3872
85 2586
85 4385
85 2011
85 465
86 1806
86 4924
86 2524
86 1892
87 1774
87 962
87 203
87 500
88 4137
88 1967
88 3304
88 3109
89 1934
89 2283
89 3049
89 3066
90 532
90 2966
90 1670
90 1162
91 599
91 4657
91 176
91 628
92 706
92 3105
92 4273
92 150
93 1817
93 3574
93 3811
93 4688
94 1858
94 4708
94 1683
94 1610
95 3100
95 306
95 2483
95 301
96 2815
96 4167
96 4648
96 4680
97 2585
97 1516
97 3426
97 4507
98 3519
98 406
98 203
98 4450
99 1118
99 4142
99 3208
99 1048
100 551
100 895
100 3963
100 3086
101 1493
101 1970
101 4171
102 891
102 1276
102 906
103 1280
103 2543
103 3524
103 2538
104 949
104 1553
104 1635
104 334
105 3461
105 3950
105 1972
105 4547
106 3705
106 4932
106 1529
106 3951
107 1056
107 3710
107 2187
107 515
108 4598
108 4982
108 1004
108 680
109 3640
109 2353
109 1535
109 3298
110 859
110 478
110 2398
110 331
111 2295
111 4938
111 2175
111 4978
112 3383
112 4790
112 265
112 872
113 3016
113 3996
113 4492
113 1272
114 4162
114 2973
114 4747
115 4572
115 2832
115 4662
115 2431
116 4032
116 3396
116 3438
116 762
117 3598
117 1306
117 4050
117 4107
118 2453
118 3790
118 4321
118 1338
119 419
119 3872
119 1816
119 1078
120 4462
120 2547
120 1041
120 3867
121 4918
121 516
121 4949
121 3565
122 427
122 691
122 2113
122 1552
123 374
123 2973
123 2131
123 4966
124 3073
124 1439
124 4527
124 4330
125 2474
125 4933
125 2200
125 4219
126 506
126 3231
126 1922
126 3084
127 3634
127 356
127 2304
127 806
128 1596
128 4298
128 299
128 2869
129 1606
129 1053
129 3176
129 281
130 4792
130 4244
130 4344
130 2235
131 4730
131 1204
131 3724
131 699
132 2978
132 1060
132 3037
132 314
133 3866
133 1508
133 3580
133 2944
134 3941
134 905
134 3995
134 4029
135 140
135 4864
135 4891
135 465
136 1218
136 4189
136 1835
136 779
137 305
137 402
137 4209
138 3720
138 2352
138 3090
138 1851
139 2883
139 2986
139 971
139 1105
140 4792
140 1622
140 1933
141 1874
141 2118
141 441
141 4796
142 3915
142 4226
142 4767
142 996
143 2937
143 4990
143 4079
143 551
144 2362
144 3006
144 1754
144 3043
145 4585
145 1254
145 1336
145 3183
146 2237
146 924
146 1920
146 699
147 4932
147 908
147 842
147 269
148 4642
148 881
148 991
148 235
149 2097
149 1092
149 3910
149 2548
150 2166
150 1045
151 2262
151 3843
151 3473
151 1229
152 2382
152 2076
152 2625
152 569
153 1623
153 4997
153 2524
153 4556
154 3686
154 4656
154 885
154 249
155 2031
155 4060
155 3594
155 803
156 2723
156 3988
156 3297
156 2430
157 759
157 684
157 4150
157 4460
158 2703
158 4521
158 3280
158 436
159 1929
159 432
159 3180
159 2874
160 3893
160 4988
160 1123
160 786
161 4259
161 420
161 336
161 1504
162 3368
162 3880
162 2512
162 1078
163 1456
163 2465
163 2029
164 1950
164 4664
164 3669
164 4122
165 3962
165 4253
165 3476
165 3047
166 3791
166 633
166 4486
166 2274
167 3302
167 251
167 4810
167 4321
168 3958
168 379
168 2372
168 4536
169 4778
169 4882
169 3885
169 1162
170 3000
170 3957
170 1291
170 3701
171 3583
171 4002
171 4488
171 1349
172 2910
172 1374
172 2582
172 1700
173 1337
173 4062
173 725
173 4023
174 2906
174 2411
174 1419
174 1088
175 3058
175 810
175 713
176 2095
176 2725
176 448
177 672
177 3506
177 2137
177 945
178 841
178 2718
178 1242
178 4736
179 2456
179 3740
179 2496
179 1822
180 3284
180 3083
180 4735
180 3112
181 1189
181 4660
181 958
181 3608
182 2991
182 4468
182 4217
182 1796
183 1787
183 2452
183 768
183 3519
184 820
184 259
184 3936
184 3577
185 588
185 2844
185 2088
185 4197
186 4663
186 1136
186 2862
186 2359
187 3337
187 1596
187 4175
187 1262
188 4729
188 2516
188 4794
188 3324
189 3377
189 545
189 1678
189 2285
190 2729
190 3096
190 938
190 1613
191 2510
191 4404
191 891
191 4697
192 4809
192 406
192 4583
192 3542
193 1029
193 1215
193 3060
193 3160
194 3125
194 3403
194 2492
194 4821
195 3090
195 1977
196 3041
196 4327
196 1993
196 4931
197 4844
197 4024
197 1910
197 1643
198 2359
198 4611
198 2703
198 583
199 2607
199 3580
199 1973
199 2692
200 2560
200 4225
200 1760
200 2259
201 1493
201 4789
201 673
201 4788
202 1618
202 1160
202 1334
202 4046
203 789
203 1919
204 734
204 1607
204 1210
204 3489
205 774
205 1020
205 947
205 557
206 4101
206 2017
206 3061
206 4860
207 4201
207 4403
207 2775
207 3694
208 2613
208 2034
208 4759
208 4121
209 1601
209 4851
209 1129
209 4194
210 2333
210 526
210 1010
210 4597
211 1185
211 2081
211 4170
211 3040
212 4292
212 2485
212 3642
212 2766
213 1451
213 1028
213 900
213 1245
214 2712
214 1165
214 659
214 1096
215 1944
215 3800
215 3152
215 1807
216 2644
216 4986
216 3363
216 754
217 2123
217 4320
217 2896
217 294
218 1322
218 4363
218 3545
218 4972
219 4675
219 1496
219 1014
219 3710
220 4529
220 4381
220 2033
220 2687
221 2300
221 758
221 3139
221 2516
222 828
222 878
222 2127
222 343
223 1860
223 1966
223 4853
223 898
224 4665
224 1899
224 4305
224 471
225 3060
225 4399
225 2857
225 3582
226 620
226 1900
226 472
226 4208
227 3965
227 1056
227 3431
227 4733
228 4333
228 2428
228 873
228 3285
229 3621
229 4740
229 1845
229 2999
230 1685
230 2230
230 4574
230 902
231 2418
231 563
231 1361
231 2889
232 1180
232 3132
232 4102
232 1434
233 1206
233 2426
233 4150
233 3276
234 4684
234 1329
234 2371
234 1416
235 748
235 2452
235 2857
236 4457
236 3587
236 3310
236 1350
237 677
237 1309
237 4038
237 2223
238 3844
238 2649
238 1881
238 1828
239 1379
239 2361
239 3520
239 2719
240 4913
240 821
240 1128
240 4249
241 3763
241 500
241 2840
241 1578
242 1878
242 2421
242 1207
242 4161
243 2689
243 401
243 2729
243 3098
244 4494
244 1589
244 3603
244 2853
245 4726
245 1582
245 1958
245 3656
246 1899
246 4459
246 651
246 4573
247 1242
247 4115
247 1715
247 319
248 4166
248 1057
248 1982
248 1213
249 3921
249 943
249 2718
250 1511
250 3167
250 1224
250 858
251 289
251 2374
251 2272
252 4043
252 3904
252 4761
252 3122
253 2213
253 598
253 358
253 3008
254 1313
254 578
254 4937
254 1522
255 4000
255 2262
255 4470
255 4901
256 1839
256 1392
256 4711
256 4027
257 4562
257 2139
257 3290
257 646
258 1152
258 1459
258 834
258 2640
259 2828
259 1394
259 2987
260 2841
260 2605
260 429
260 2358
261 4974
261 2868
261 3415
261 4134
262 512
262 3155
262 4654
262 871
263 2601
263 4578
263 1593
263 1042
264 3488
264 4617
264 3959
264 1491
265 852
265 1748
265 2733
266 4619
266 1642
266 966
266 3236
267 3308
267 4458
267 3512
267 3445
268 408
268 1557
268 320
268 3638
269 2120
269 637
269 2867
270 3936
270 941
270 4569
270 2703
271 4812
271 2878
271 4703
272 407
272 1821
272 3888
272 1838
273 4829
273 3326
273 3633
273 2805
274 2386
274 4659
274 2186
274 4577
275 3526
275 4815
275 970
276 2570
276 964
276 2918
276 312
277 982
277 1319
277 4925
277 1410
278 4544
278 2330
278 4239
278 2490
279 2627
279 2312
279 2728
279 4362
280 1797
280 3312
280 2199
280 998
281 1372
281 730
281 1096
282 1016
282 2426
282 4637
282 2768
283 4556
283 3790
283 1889
283 1489
284 512
284 968
284 1656
284 2196
285 1378
285 1420
285 553
285 3539
286 3631
286 2579
286 2045
286 4649
287 3754
287 2388
287 1375
287 4170
288 2089
288 4962
288 2355
288 2715
289 4152
289 4213
289 4130
290 2974
290 3975
290 651
290 2307
291 3938
291 4712
291 3591
291 2895
292 2956
292 4550
292 4412
292 696
293 3588
293 3203
293 611
293 1325
294 504
294 2393
294 3574
295 4064
295 2319
295 3801
295 4575
296 4759
296 1726
296 2266
296 4784
297 2549
297 336
297 3766
297 1832
298 3712
298 639
298 4435
298 4811
299 2258
299 4793
299 1244
300 1644
300 3049
300 394
300 1114
301 864
301 4409
301 3469
302 776
302 2865
302 680
302 3011
303 3959
303 1614
303 2795
303 4329
304 1386
304 352
304 3419
304 3278
305 687
305 1426
305 1352
306 4072
306 944
306 3268
307 2373
307 3708
307 1065
307 3572
308 3016
308 3683
308 3126
308 1876
309 2060
309 3483
309 4742
309 714
310 2877
310 4624
310 429
310 1344
311 1986
311 757
311 315
311 3715
312 4710
312 414
312 3484
313 734
313 1010
313 1764
313 3038
314 3880
314 3127
314 4965
315 1673
315 4466
315 524
316 4472
316 571
316 3462
316 2812
317 740
317 2101
317 1474
317 970
318 1074
318 1799
318 1629
318 2783
319 4345
319 1030
319 1675
320 777
320 458
320 4100
321 2971
321 1791
321 3022
321 1333
322 1706
322 1084
322 4699
322 3951
323 914
323 4631
323 3396
323 1590
324 4587
324 911
324 3049
324 2204
325 1448
325 4718
325 3036
325 728
326 1868
326 4076
326 848
326 530
327 4690
327 3460
327 717
327 1812
328 1260
328 3652
328 4954
328 2586
329 445
329 4331
329 4186
329 1919
330 4013
330 613
330 408
330 3616
331 454
331 2033
331 1660
332 3371
332 386
332 2789
332 2402
333 4931
333 3147
333 1645
333 835
334 3982
334 2906
334 4511
335 2072
335 3980
335 709
335 1915
336 2141
336 1313
337 4838
337 3998
337 3140
337 2090
338 1663
338 1311
338 2494
338 2243
339 4808
339 3051
339 4590
339 3283
340 2900
340 4687
340 4814
340 2324
341 609
341 1343
341 2373
341 591
342 1501
342 2093
342 538
342 2984
343 3176
343 3897
343 4528
344 3615
344 2245
344 1013
344 1389
345 2279
345 4511
345 3182
345 2125
346 3724
346 2555
346 639
346 1428
347 2583
347 1448
347 1007
347 1242
348 1097
348 3678
348 1185
348 3052
349 4651
349 2288
349 4739
349 4278
350 627
350 2265
350 2077
351 4574
351 4754
351 3031
351 4236
352 2312
352 2430
352 2674
353 2544
353 2466
353 4267
353 1284
354 3403
354 4796
354 3041
354 872
355 963
355 2252
355 1809
355 376
356 3262
356 1887
356 1700
357 4996
357 799
357 2460
357 3484
358 682
358 4498
358 1176
359 1052
359 4012
359 1102
359 3123
360 2355
360 4433
360 4301
360 1573
361 2130
361 4934
361 3703
361 2192
362 2282
362 2576
362 1498
362 3959
363 2367
363 3889
363 3453
363 905
364 4323
364 4696
364 1249
364 1954
365 2585
365 1957
365 2230
365 4688
366 4053
366 3736
366 4993
366 4929
367 2820
367 4401
367 3798
367 4037
368 1097
368 3930
368 4728
368 3615
369 1293
369 3952
369 1277
369 3925
370 2968
370 1844
370 594
370 3112
371 4984
371 3256
371 4116
371 3421
372 4397
372 1419
372 1467
372 1216
373 3713
373 2528
373 2022
373 639
374 1149
374 3563
374 4831
375 2467
375 1475
375 3814
375 1488
376 1767
376 2074
377 4304
377 3470
377 2636
377 1415
378 2777
378 784
378 2141
378 3317
379 3800
379 3601
379 3937
380 1342
380 3570
380 4621
380 4372
381 799
381 4056
381 3983
381 1132
382 563
382 3247
382 1636
382 2364
383 2467
383 4349
383 2414
384 1417
384 853
384 1703
384 1000
385 755
385 1038
385 2953
385 1910
386 2259
386 1218
386 2665
387 1277
387 1766
387 4603
387 4623
388 1672
388 4621
388 1694
389 2152
389 1918
389 4139
389 4792
390 4867
390 608
390 4890
390 4212
391 1382
391 718
391 3906
392 4302
392 4709
392 3348
392 3933
393 3898
393 757
393 2450
393 765
394 4939
394 521
394 999
395 3511
395 4300
395 4187
395 1774
396 4342
396 1187
396 2414
396 2908
397 827
397 3314
397 4415
398 3241
398 764
398 2939
398 2635
399 3006
399 2009
399 684
399 4568
400 1864
400 3335
400 4762
400 2442
401 3198
401 3243
401 480
402 2236
402 2847
402 1359
403 1485
403 680
403 1311
403 1319
404 647
404 1698
404 1966
404 2337
405 4832
405 4591
405 2420
405 1749
406 863
406 2052
407 3732
407 4891
407 3929
408 3684
408 3221
409 4215
409 2739
409 2780
409 2864
410 4522
410 2707
410 4989
410 3994
411 1847
411 2093
411 555
411 1595
412 4200
412 592
412 895
412 3666
413 1263
413 693
413 4936
413 4207
414 2851
414 3583
414 4154
415 4730
415 2343
415 2377
415 2436
416 1378
416 2992
416 447
416 3201
417 1388
417 2014
417 2608
417 1051
418 4716
418 1693
418 3549
418 1497
419 4180
419 1830
419 4421
420 4485
420 915
420 4780
421 493
421 2226
421 3801
421 1196
422 4117
422 4280
422 1075
422 1675
423 1573
423 2571
423 2488
423 4258
424 3340
424 838
424 2361
425 2799
425 4505
425 3499
425 782
426 1603
426 4979
426 784
426 2738
427 2813
427 2164
427 1178
428 1451
428 4097
428 3861
428 2510
429 2937
429 2785
430 2432
430 4703
430 2228
430 3611
431 2226
431 2228
431 4697
431 1750
432 4159
432 2273
432 614
433 1309
433 4639
433 4735
433 543
434 1305
434 3943
434 2964
434 2587
435 1146
435 3802
435 2732
435 4800
436 4666
436 3617
436 811
437 4372
437 2085
437 1031
437 4240
438 4523
438 1931
438 3020
438 565
439 2029
439 4856
439 3593
439 1813
440 2911
440 1549
440 2839
440 796
441 3013
441 3839
441 2049
442 3645
442 2604
442 1819
443 2311
443 4199
443 3578
443 1968
444 2198
444 2057
444 4141
445 3389
445 1607
445 4751
446 3088
446 1603
446 612
447 2206
447 3972
448 3493
448 715
448 2375
449 4929
449 4504
449 2526
449 2134
450 4067
450 2677
450 2485
450 4741
451 1301
451 2690
451 4112
451 4595
452 4399
452 4938
452 3277
452 4011
453 3461
453 4268
453 744
454 3822
454 4732
454 1874
455 3172
455 3639
455 2328
455 660
456 4583
456 4988
456 967
456 1083
457 3369
457 4840
457 2849
457 3898
458 616
458 2804
458 4908
459 1145
459 3780
459 4515
459 3081
460 2958
460 1840
460 2437
460 4762
461 2235
461 3863
461 3816
461 851
462 1859
462 2960
462 2346
462 2330
463 854
463 587
463 3901
463 1598
464 545
464 4805
464 3828
464 2086
465 1065
465 3970
466 2416
466 4718
466 2606
467 1819
467 3376
467 4420
467 777
468 3447
468 4432
468 1994
468 1053
469 513
469 708
469 740
469 1281
470 569
470 4236
470 4144
470 3356
471 1756
471 3510
471 4869
472 4303
472 881
472 1505
473 2410
473 3448
473 2552
473 3471
474 4698
474 4503
474 1161
474 655
475 1080
475 1713
475 2491
475 3719
476 2162
476 4928
476 4741
476 1714
477 1969
477 607
477 4612
477 1136
478 3048
478 2181
478 1500
479 1534
479 4457
479 1144
479 4960
480 4912
480 3027
480 2326
481 3323
481 1858
481 2108
481 796
482 2288
482 1847
482 1770
482 1445
483 2566
483 3536
483 1395
483 1047
484 4436
484 1671
484 1855
484 1417
485 1140
485 581
485 4274
485 825
486 3903
486 4370
486 1873
487 4621
487 2758
487 814
487 4816
488 3690
488 2136
488 1106
488 4557
489 4050
489 4467
489 914
489 4667
490 4487
490 1763
490 4826
490 2336
491 2249
491 1454
491 2925
491 4561
492 2817
492 2844
492 4746
492 3331
493 3488
493 3289
493 1491
494 3734
494 2691
494 696
494 1085
495 4686
495 1844
495 1029
496 963
496 3245
496 4554
496 2466
497 2972
497 690
497 1777
497 919
498 4636
498 2640
498 2653
498 3535
499 4465
499 3339
499 3404
500 1845
500 3857
501 2052
501 4154
501 2390
501 1712
502 2876
502 3639
502 4699
502 808
503 1645
503 1641
503 3593
503 2106
504 773
504 4051
504 4649
505 1562
505 3042
505 3327
505 3709
506 2834
506 3282
506 3277
507 753
507 1593
507 3079
507 1455
508 1655
508 3746
508 3554
508 4911
509 4702
509 2531
509 4074
509 1403
510 3115
510 2049
510 3034
510 2991
511 3055
511 4148
511 3527
511 2015
512 3511
512 4081
513 3305
513 2601
513 4918
514 4918
514 1513
514 2061
514 4333
515 2867
515 4340
515 3401
516 4588
516 1599
516 3633
517 1288
517 1436
517 2905
517 2760
518 601
518 4799
518 2639
518 4480
519 4019
519 3390
519 2454
519 1829
520 2881
520 4716
520 2588
520 3399
521 3769
521 4542
521 4931
522 4943
522 1793
522 3992
522 3481
523 2114
523 3292
523 1734
523 2958
524 4411
524 3053
524 4328
525 2172
525 1292
525 2521
525 3018
526 3936
526 1054
526 1232
527 1657
527 3229
527 1483
527 4859
528 991
528 4501
528 1914
528 2028
529 2299
529 1563
529 3474
529 3813
530 4682
530 4177
530 4667
531 4210
531 4261
531 3121
531 4306
532 3240
532 1428
533 3757
533 1510
533 2682
533 795
534 3965
534 1250
534 755
534 3698
535 3812
535 4423
535 536
535 1813
536 3876
536 2765
536 4381
537 1368
537 1116
537 3423
537 3590
538 4408
538 4038
538 1154
539 2524
539 3073
539 1454
539 1134
540 575
540 2949
540 3299
540 4447
541 3044
541 2120
541 1152
541 3854
542 4188
542 1200
542 3986
542 4386
543 1678
543 727
543 3236
544 819
544 4188
544 1665
544 2306
545 3263
545 4584
546 753
546 4078
546 2768
546 3615
547 4660
547 2681
547 1799
547 3215
548 3778
548 2418
548 3533
548 4120
549 1951
549 3779
549 653
549 820
550 1817
550 3294
550 1738
550 1350
551 860
551 2064
552 3079
552 3562
552 4577
552 2859
553 3891
553 1423
553 2157
554 1968
554 4034
554 4212
554 4627
555 1290
555 1558
555 3140
556 1336
556 3783
556 2100
556 981
557 2997
557 4734
557 3374
558 2966
558 4637
558 2714
559 1687
559 4017
559 1779
559 3754
560 2422
560 925
560 4872
560 2888
561 4675
561 3600
561 4205
561 3151
562 3696
562 1226
562 3313
562 4835
563 969
563 2748
564 3835
564 2334
564 2693
564 4892
565 2987
565 2855
565 4008
566 3019
566 841
566 2432
566 926
567 3887
567 2198
567 1837
567 3343
568 1090
568 4563
568 1163
568 3692
569 3977
569 4693
570 667
570 2041
570 1104
570 4431
571 1102
571 1724
571 4970
572 1365
572 1423
572 4421
572 864
573 4793
573 2054
573 4254
574 1905
574 1083
574 1315
574 1068
575 2529
575 2518
575 1793
576 4804
576 2509
576 2257
576 3767
577 1935
577 934
577 1482
577 1163
578 2173
578 1862
578 4502
579 657
579 2704
579 4574
579 4751
580 683
580 4008
580 4973
580 721
581 3116
581 3729
581 3545
582 4049
582 964
582 3785
582 4692
583 3324
583 2034
583 2793
584 2648
584 3187
584 2438
584 2040
585 3595
585 698
585 3191
585 1025
586 1254
586 1887
586 1502
586 4898
587 3355
587 674
587 3556
588 3878
588 4132
588 3488
589 3742
589 4880
589 984
589 2970
590 3714
590 2607
590 3085
590 896
591 2141
591 623
591 4753
592 875
592 2165
593 4118
593 3250
593 3815
593 1279
594 4678
594 2753
594 2500
595 3084
595 1458
595 3796
595 4882
596 4528
596 3159
596 2356
596 2776
597 2531
597 1865
597 3347
598 1146
598 4159
598 1377
599 3680
599 2603
599 4149
600 2812
600 2880
600 4341
600 1193
601 989
601 4137
601 3809
602 2906
602 4124
602 4370
602 4671
603 2274
603 2652
603 3108
603 3739
604 2720
604 806
604 1286
604 2207
605 3964
605 4863
605 1176
605 854
606 2341
606 4137
606 3369
606 2688
607 1493
607 3458
607 4881
608 1190
608 3862
608 4346
609 1926
609 2240
609 4690
610 3735
610 4958
610 4567
610 1330
611 769
611 3232
612 1223
612 2600
612 3270
613 4081
613 4036
613 3862
614 3046
614 2540
614 2044
615 1281
615 3144
615 1478
616 1042
616 838
616 4996
617 4892
617 2105
617 2316
617 829
618 3822
618 2748
618 1943
618 3411
619 802
619 4460
619 3234
619 4018
620 4880
620 3147
620 898
621 1812
621 3769
621 4368
621 2839
622 4040
622 3587
622 4640
622 1309
623 3793
623 2304
623 4000
624 4674
624 4277
624 2051
624 2172
625 1346
625 732
625 2647
625 3801
626 1177
626 1163
626 4185
626 3733
627 3492
627 3788
627 2362
628 4744
628 2373
628 2657
629 2481
629 4999
629 4854
629 4978
630 1559
630 2918
630 3698
631 3749
631 1274
631 2751
631 4886
632 3885
632 2573
632 2734
633 1362
633 1178
633 4121
634 1228
634 4602
634 953
634 3293
635 1579
635 4266
635 4267
635 1482
636 3533
636 3868
636 2649
636 3137
637 2013
637 4957
637 1074
638 4088
638 2143
638 3128
638 4672
639 3996
640 3559
640 4960
640 3467
640 2032
641 1870
641 3587
641 1660
641 4463
642 4534
642 1278
642 4767
642 737
643 4432
643 1222
643 4613
643 1168
644 2458
644 4809
644 1394
644 1636
645 4101
645 4073
645 2636
645 922
646 3097
646 1018
646 1129
647 865
647 858
647 3279
648 1700
648 3657
648 2337
648 1461
649 1110
649 2685
649 2966
649 2395
650 2275
650 909
650 1194
650 4226
651 2447
651 2305
652 860
652 4369
652 2739
652 2919
653 1448
653 4479
653 1962
654 3066
654 2415
654 3642
654 4449
655 3016
655 3172
655 1324
656 749
656 2979
656 4177
657 674
657 2074
658 3514
658 1586
658 2370
658 4336
659 1804
659 2353
659 1231
660 1749
660 2963
661 4330
661 3714
661 1239
661 1099
662 3393
662 2752
662 4726
662 1952
663 2756
663 2416
663 1173
663 3022
664 3858
664 2169
664 4131
664 2402
665 3777
665 3584
665 4323
665 4769
666 4891
666 3887
666 4723
666 952
667 3919
667 2174
667 4323
668 1994
668 2710
668 1947
668 3869
669 3150
669 3695
669 1737
669 1011
670 723
670 1616
670 4200
671 2723
671 3459
671 1208
671 2680
672 2553
672 4622
673 4347
673 4377
674 2327
674 2735
675 3864
675 4758
675 3934
675 3115
676 790
676 1333
676 1002
676 4589
677 4269
677 4685
677 3875
678 4569
678 4566
678 3444
678 4659
679 2590
679 3012
679 909
679 3706
680 3993
681 1076
681 1169
681 1324
681 3849
682 3622
682 1983
682 3454
683 2275
683 1036
683 4168
684 3620
684 4569
685 4129
685 4481
685 4877
685 2534
686 2305
686 2368
686 885
686 1571
687 1197
687 3394
687 1903
688 1260
688 4575
688 754
688 2537
689 1550
689 4837
689 2630
689 4766
690 2599
690 4059
690 1627
691 3591
691 2493
691 2518
692 2230
692 3628
692 1347
692 4760
693 2012
693 1170
693 905
694 4280
694 2653
694 1452
694 3508
695 3641
695 2710
695 3296
695 4888
696 1668
696 1397
697 4337
697 4952
697 874
697 3451
698 826
698 951
699 805
699 3424
700 2167
700 3746
700 2380
700 3992
701 718
701 2620
701 2320
701 3608
702 2165
702 1779
702 1354
702 4108
703 4916
703 715
703 3231
703 1045
704 2897
704 4852
704 3529
704 2358
705 3068
705 3543
705 4708
705 2635
706 1859
706 4124
706 4869
707 2138
707 3116
707 797
707 1111
708 4030
708 4248
708 3979
709 4409
709 4226
709 2809
710 2201
710 856
710 2145
710 2001
711 1537
711 4127
711 2468
711 2710
712 2000
712 4565
712 720
713 2291
713 3557
714 2497
714 3157
714 3170
715 1699
715 1643
716 3200
716 3734
716 822
716 4570
717 762
717 3504
717 1992
718 1479
718 2402
719 1497
719 1126
719 3598
719 2100
720 1788
720 2934
720 2849
721 2191
721 4032
721 4284
722 2034
722 1968
722 904
722 2924
723 3877
723 1919
723 2502
724 4775
724 4694
724 3005
724 1452
725 1159
725 1647
725 2570
726 862
726 4871
726 1103
726 3071
727 3075
727 823
727 4571
728 3175
728 2607
728 3886
729 3275
729 2646
729 2861
729 1626
730 3111
730 1078
730 4481
731 2498
731 4702
731 3599
732 4372
732 4677
732 1471
733 2227
733 1842
733 4877
733 3673
734 806
734 3266
735 2468
735 1180
735 1169
735 4158
736 3861
736 1874
736 4994
736 3173
737 1364
737 1988
737 4020
738 3143
738 3631
738 1837
738 4832
739 3604
739 1869
739 3818
739 3311
740 2729
740 1097
741 1473
741 4736
741 3431
741 2979
742 3015
742 3078
742 2745
742 3310
743 3372
743 1333
743 4106
743 882
744 1470
744 4441
744 1705
745 1381
745 1290
745 2220
745 992
746 1969
746 3253
746 4636
746 1484
747 874
747 1515
747 4398
747 4659
748 2129
748 1237
748 3199
749 1753
749 4384
749 2206
750 1130
750 2220
750 1402
750 2553
751 2546
751 3229
751 3397
751 3064
752 4968
752 2287
752 1677
753 3414
753 1788
754 3218
754 2660
755 2470
755 4818
756 4819
756 3188
756 2585
756 1620
757 3212
757 1015
758 1458
758 1863
758 4389
759 4023
759 877
759 2654
760 4979
760 2180
760 3283
760 3201
761 1694
761 3167
761 2827
761 2644
762 3082
762 2816
763 1935
763 3569
763 1469
763 4350
764 1796
764 4433
764 4599
765 1896
765 1948
765 1372
766 3504
766 826
766 3601
766 2688
767 3072
767 3289
767 1404
767 4857
768 857
768 2984
768 1302
769 4775
769 2974
769 1924
770 971
770 4830
770 2451
771 4984
771 3183
771 4503
771 2345
772 1997
772 3464
772 2643
772 1367
773 960
773 2787
773 4314
774 1952
774 3863
774 2155
775 1669
775 4106
775 4465
775 2560
776 1023
776 4045
776 1249
777 2515
777 3564
778 3571
778 2005
778 4730
778 2668
779 3428
779 4019
779 2732
780 2872
780 4418
780 2053
780 3837
781 4268
781 2170
781 1892
781 1627
782 1304
782 4271
782 4357
783 2948
783 1166
783 2322
783 1724
784 2901
784 3130
785 1259
785 3646
785 3192
785 3686
786 2945
786 3986
786 2036
787 3896
787 3884
787 4370
787 3737
788 2269
788 4759
788 4011
788 4508
789 1987
789 3907
789 2111
790 4347
790 3064
790 3575
791 977
791 2833
791 3574
791 4603
792 1260
792 2115
792 4239
792 1357
793 3856
793 2463
793 4512
793 1885
794 1639
794 868
794 4442
794 1289
795 3918
795 2218
795 2288
796 3251
796 1084
797 1144
797 3776
797 1871
798 1841
798 2637
798 1082
798 3031
799 1133
799 1632
800 1242
800 4882
800 3212
800 2771
801 1843
801 3242
801 4415
801 1240
802 2792
802 1240
802 4422
803 2683
803 863
803 965
804 3717
804 4202
804 1105
804 1588
805 1682
805 4592
805 4099
806 1865
807 2308
807 3468
807 3443
808 1638
808 3462
808 1247
809 1003
809 4946
809 2766
809 1298
810 4348
810 2869
810 1625
811 4009
811 4444
811 4938
812 4971
812 1449
812 4645
812 4414
813 3966
813 4073
813 2302
813 2151
814 1360
814 990
814 2747
815 3138
815 3232
815 4404
815 4777
816 2200
816 3473
816 4526
816 932
817 3595
817 4615
817 3689
818 3158
818 2530
818 2685
818 1409
819 3955
819 2903
819 2399
820 3377
820 2728
821 1794
821 4204
821 3189
822 1814
822 3023
822 2217
823 2214
823 3731
823 3967
824 3835
824 2320
824 951
824 1639
825 3225
825 3776
825 4679
826 3568
826 1872
827 3117
827 2604
827 1234
828 4600
828 2209
828 3258
829 4739
829 1636
829 2227
830 3290
830 3347
830 2159
830 4786
831 4580
831 2967
831 4517
831 4992
832 4990
832 3571
832 4422
832 1677
833 3730
833 2769
833 4779
833 3813
834 1875
834 3585
834 2628
835 4884
835 1235
835 4756
836 3329
836 2576
836 1760
836 3471
837 2863
837 2644
837 1706
837 3502
838 4003
838 4229
839 2656
839 1046
839 2216
839 2959
840 4382
840 2650
840 4009
840 4552
841 2007
841 4930
842 2192
842 3307
842 3854
843 1247
843 1561
843 3578
843 2965
844 4806
844 2017
844 4797
844 3525
845 3025
845 2408
845 4913
845 4215
846 1240
846 4807
846 4630
846 4297
847 4376
847 4189
847 4364
847 3420
848 1848
848 1044
848 3370
849 2106
849 4206
849 4307
849 1598
850 2401
850 3413
850 4884
850 1743
851 1795
851 2259
851 4641
852 1582
852 1804
852 4399
853 3548
853 3765
853 2014
854 2777
854 2752
855 1322
855 4382
855 4365
856 4311
856 2580
856 4218
857 1412
857 1682
857 2858
858 2407
858 4304
859 4183
859 1631
859 3361
860 4318
860 3381
861 1841
861 3797
861 4779
861 4220
862 1297
862 3990
862 2985
863 3883
863 2222
864 3254
864 1900
865 2345
865 2764
865 1866
866 1298
866 1401
866 4114
866 2489
867 3720
867 4936
867 3996
867 2513
868 2686
868 3547
868 1991
869 4024
869 3718
869 4932
869 4190
870 4387
870 1346
870 1395
870 3853
871 2025
871 3067
871 1614
872 3156
872 1737
873 4573
873 3951
873 1410
874 1076
874 3109
875 1156
875 4796
875 2563
876 2913
876 2029
876 2150
876 3993
877 3367
877 3371
877 1340
878 4546
878 3094
878 3215
879 4145
879 3704
879 4689
879 3973
880 3217
880 3714
880 4138
880 2286
881 3109
881 4288
882 1468
882 3267
882 4412
883 1039
883 2493
883 3834
883 992
884 3950
884 1938
884 2298
884 2730
885 2131
885 2842
886 4115
886 1441
886 1909
886 2841
887 2058
887 4883
887 4269
887 1594
888 2532
888 1581
888 2269
888 2066
889 2745
889 3582
889 2023
889 4805
890 3114
890 1735
890 2990
890 3658
891 2737
891 1749
892 1203
892 1451
892 1688
892 4004
893 4928
893 2389
893 3351
893 1292
894 4029
894 3646
894 4582
894 4490
895 4838
895 3945
896 4369
896 3486
896 1419
897 1027
897 1192
897 2778
897 2525
898 1445
898 4197
899 3750
899 3699
899 4550
899 2614
900 1303
900 1108
900 1528
901 3286
901 3050
901 992
901 2629
902 4133
902 3255
902 2618
903 2727
903 932
903 1708
903 1690
904 4776
904 3185
904 2637
905 3075
906 4739
906 1087
906 1584
907 3422
907 3908
907 3842
907 3173
908 1153
908 1996
909 4136
909 3136
910 3037
910 2356
910 2279
910 2171
911 4736
911 2831
911 4069
912 1977
912 4221
912 2307
912 3958
913 1064
913 3412
913 3999
913 2756
914 2525
914 993
915 3528
915 2019
915 1030
916 4355
916 3486
916 1844
916 3062
917 3804
917 3956
917 3339
918 3919
918 3331
918 2326
918 3423
919 3239
919 2548
919 3270
920 4076
920 3207
920 1790
920 4178
921 4644
921 4571
921 1834
921 3014
922 4154
922 4428
922 3251
923 4925
923 4986
923 1913
923 1758
924 2296
924 3260
924 2621
925 3355
925 2594
925 3728
926 4645
926 3732
927 1003
927 1821
927 3556
927 1932
928 3809
928 2698
928 3511
929 2928
929 2003
929 3143
929 2661
930 1864
930 2717
930 1577
931 3666
931 1614
931 1792
931 2025
932 4972
932 1599
933 4984
933 4117
933 4424
933 1945
934 1168
934 2444
934 1223
935 2075
935 4224
935 2070
935 3601
936 4489
936 2397
936 2830
936 1751
937 3162
937 2910
937 2638
937 3792
938 2383
938 1440
938 3206
939 4678
939 2580
939 1687
939 2178
940 2685
940 1068
940 1976
940 4504
941 1127
941 3510
941 1963
942 4069
942 1411
942 4862
942 1007
943 4194
943 2451
943 3620
944 3550
944 2744
944 2354
945 4723
945 3347
945 1867
946 1035
946 4243
946 3198
946 2546
947 3315
947 3926
948 2331
948 1723
948 3379
948 1640
949 4186
949 3814
949 1278
950 1859
950 3700
950 2722
950 1030
951 4838
951 4402
952 4030
952 1339
952 2762
953 4942
953 3272
953 3974
954 4001
954 2100
954 3081
954 1339
955 1862
955 2166
955 4223
955 3224
956 2750
956 1128
956 1488
956 3892
957 1784
957 3680
957 1187
957 2104
958 2946
958 4846
958 2496
959 4681
959 4663
959 4391
959 4740
960 2841
960 2460
960 3383
961 1568
961 4966
961 3715
961 2393
962 2612
962 1494
962 4487
963 2657
963 1667
964 2776
964 4590
965 3750
965 2668
965 4183
966 1989
966 2787
966 1616
967 1516
967 4211
967 2673
968 2829
968 3852
968 3629
969 1036
969 3976
969 1314
970 3190
970 4852
971 2491
971 3506
972 1105
972 2453
972 1150
972 1199
973 4260
973 1718
973 1531
973 3928
974 2803
974 2168
974 3248
974 2753
975 3074
975 3435
975 4204
975 3576
976 3038
976 4881
976 2751
976 3472
977 4961
977 1621
977 4146
978 3227
978 1675
978 4565
978 2757
979 1913
979 2134
979 3693
979 4808
980 4174
980 1125
980 4496
980 3017
981 2104
981 2694
981 3939
982 4390
982 2946
982 2578
983 4019
983 1855
983 1285
983 4845
984 3675
984 2365
984 4744
985 2673
985 4096
985 3385
985 2504
986 3191
986 1995
986 1888
986 1098
987 1527
987 1150
987 4153
987 4365
988 1969
988 3513
988 1031
988 3971
989 3353
989 1047
989 1233
990 2319
990 3241
990 2459
991 2197
991 2731
992 1578
993 2494
993 2183
993 4086
994 2997
994 1004
994 2404
994 3548
995 1846
995 2831
995 4957
995 4765
996 2796
996 2015
996 2206
997 4579
997 3925
997 4361
997 4952
998 4145
998 2719
998 4428
999 1528
999 2609
999 1050
1000 1837
1000 4222
1000 4707
1001 3604
1001 2182
1001 1906
1001 2203
1002 4337
1002 4578
1002 4321
1003 2324
1003 3326
1004 2536
1004 3319
1005 1154
1005 3337
1005 2039
1005 4823
1006 3471
1006 1801
1006 4880
1006 1353
1007 1742
1007 2643
1008 2743
1008 2982
1008 4088
1008 4112
1009 2474
1009 2146
1009 2861
1009 1179
1010 4009
1011 2708
1011 2521
1011 4606
1012 3623
1012 3729
1012 1940
1012 4009
1013 3544
1013 1351
1013 4547
1014 4683
1014 4482
1014 2483
1015 4209
1015 4494
1015 4052
1016 2705
1016 1950
1016 1312
1017 4037
1017 4828
1017 2517
1017 1348
1018 3578
1018 4387
1018 1061
1019 3469
1019 4814
1019 3698
1019 3917
1020 1561
1020 2476
1020 2525
1021 3212
1021 1040
1021 1931
1021 3650
1022 2218
1022 3684
1022 1383
1022 1075
1023 2873
1023 3045
1023 1103
1024 1811
1024 1611
1024 2451
1024 1707
1025 1544
1025 4319
1025 3408
1026 4150
1026 2837
1026 2222
1026 1230
1027 3616
1027 3534
1027 4510
1028 1180
1028 4149
1028 2296
1029 3819
1029 3921
1030 1130
1031 3498
1031 2562
1032 2813
1032 4896
1032 3294
1032 2153
1033 4294
1033 1302
1033 4396
1033 1600
1034 2915
1034 1421
1034 1897
1034 3244
1035 4543
1035 2238
1035 3332
1036 1782
1036 4144
1037 2207
1037 3259
1037 1435
1037 2605
1038 2794
1038 4810
1038 1770
1039 2720
1039 4963
1040 3970
1040 4681
1040 3120
1041 1483
1041 2569
1041 2739
1042 2075
1042 2364
1043 2603
1043 4669
1043 4958
1043 4892
1044 2881
1044 1747
1044 2641
1045 1889
1045 3342
1046 2558
1046 3528
1046 4849
1047 2458
1047 1600
1048 3702
1048 2874
1048 2595
1049 1970
1049 1111
1049 1646
1049 2784
1050 2284
1050 3390
1050 1229
1051 2473
1051 2065
1052 4451
1052 1892
1052 3681
1053 3632
1053 3576
1054 4665
1054 3970
1054 4697
1055 2587
1055 2240
1055 2351
1055 3160
1056 2782
1056 2572
1057 2286
1057 1274
1057 4785
1058 2332
1058 3810
1058 1773
1058 4917
1059 1739
1059 4300
1059 1526
1059 2924
1060 4988
1060 3120
1060 3627
1061 1983
1061 2877
1061 1994
1062 3037
1062 4067
1062 1437
1062 3478
1063 4865
1063 4593
1063 3834
1063 4192
1064 2394
1064 2169
1065 1712
1065 2222
1066 3303
1066 3526
1066 4084
1066 3808
1067 4190
1067 4720
1067 3408
1067 2101
1068 1191
1068 4737
1069 1588
1069 4162
1069 4490
1069 4305
1070 1348
1070 2155
1070 2129
1070 1361
1071 1162
1071 3512
1071 4340
1071 2235
1072 2763
1072 2395
1072 1496
1072 3457
1073 2716
1073 4788
1073 3745
1073 4703
1074 1083
1074 1495
1075 2424
1075 1917
1076 1714
1076 2402
1077 1202
1077 2846
1077 3518
1077 4380
1078 1490
1079 4723
1079 3594
1079 3840
1079 3521
1080 2115
1080 2202
1080 3243
1081 2018
1081 4322
1081 3330
1081 1284
1082 2579
1082 3454
1082 2800
1083 4475
1084 3230
1084 2475
1085 4679
1085 1430
1085 3217
1086 3499
1086 4109
1086 3359
1087 4289
1087 4870
1087 2887
1088 3398
1088 4941
1089 3915
1089 3753
1089 1652
1089 2984
1090 2584
1090 1356
1090 4125
1091 2509
1091 1895
1091 3439
1091 2832
1092 2216
1092 4904
1092 2805
1093 2862
1093 3163
1093 2923
1093 4542
1094 2414
1094 2175
1094 2287
1095 1538
1095 3330
1095 2179
1095 1424
1096 3373
1096 2575
1097 4763
1098 2109
1098 2394
1098 1549
1099 2902
1099 2210
1099 1283
1100 3494
1100 2686
1100 3897
1100 3002
1101 4454
1101 4373
1101 4071
1101 4845
1102 4196
1102 4920
1103 2716
1104 3124
1104 4415
1104 4107
1105 1602
1106 3741
1106 3235
1106 3292
1107 1880
1107 2744
1107 2678
1107 4533
1108 2499
1108 1856
1108 3833
1109 3234
1109 4529
1109 3902
1109 4499
1110 4102
1110 4959
1110 1459
1111 4913
1111 1257
1112 4843
1112 2173
1112 3351
1112 3551
1113 2176
1113 2532
1113 1969
1113 2366
1114 1918
1114 3807
1114 4954
1115 4970
1115 4725
1115 4593
1115 4704
1116 3546
1116 4460
1116 4581
1117 4888
1117 4080
1117 2544
1117 2108
1118 2328
1118 4326
1118 2174
1119 4123
1119 4224
1119 4358
1119 1263
1120 1792
1120 1659
1120 2221
1120 4477
1121 2932
1121 3805
1122 1739
1122 1732
1122 2657
1122 3118
1123 2002
1123 2694
1123 2456
1124 4022
1124 3133
1124 1959
1124 3248
1125 3141
1125 3235
1125 4513
1126 4862
1126 4543
1126 4595
1127 3841
1127 3095
1127 4819
1128 2117
1128 1405
1129 1435
1129 3399
1130 4837
1131 4646
1131 1518
1131 1507
1131 2487
1132 4164
1132 2472
1132 1466
1133 1775
1133 4185
1133 1583
1134 3401
1134 2939
1134 2964
1135 3593
1135 2950
1135 1946
1136 4316
1136 1907
1137 2503
1137 2300
1137 2973
1137 2354
1138 4888
1138 4866
1138 2050
1138 4256
1139 3003
1139 2344
1139 1241
1139 3884
1140 2205
1140 3054
1140 4415
1141 4708
1141 2878
1141 2926
1141 3097
1142 3612
1142 3978
1142 2845
1142 3034
1143 3365
1143 3991
1143 4717
1143 1835
1144 3182
1144 3865
1145 4451
1145 3272
1145 3984
1146 4186
1146 2791
1147 4503
1147 3686
1147 2946
1147 2009
1148 4673
1148 2801
1148 3777
1148 4091
1149 3372
1149 2397
1149 4673
1150 2203
1150 1810
1151 4298
1151 3847
1151 2483
1151 1193
1152 4915
1153 3226
1153 2854
1153 3564
1154 4242
1154 1692
1155 2112
1155 3116
1155 2638
1155 1580
1156 4925
1156 2178
1156 2868
1157 2075
1157 1864
1157 3697
1157 4556
1158 1443
1158 3539
1158 2976
1158 2859
1159 2774
1159 4441
1159 4047
1160 2348
1160 3024
1161 3741
1161 3246
1161 1934
1162 4375
1163 1622
1164 3747
1164 4433
1164 2517
1164 1446
1165 1619
1165 1477
1165 3757
1166 1922
1166 4057
1166 3363
1167 4493
1167 4616
1167 1200
1167 2095
1168 4383
1168 1187
1169 1912
1169 2651
1170 4276
1170 3227
1170 2146
1171 1304
1171 4442
1171 1279
1171 1971
1172 3148
1172 4806
1172 1523
1172 4290
1173 2500
1173 4879
1173 1410
1174 4652
1174 3138
1174 3193
1174 4286
1175 1488
1175 1731
1175 2324
1175 4716
1176 4679
1176 1184
1177 1472
1177 2024
1177 3046
1178 2364
1178 2374
1179 3179
1179 2793
1179 1799
1180 4911
1181 2168
1181 2671
1181 4998
1181 3855
1182 3738
1182 1999
1182 2407
1182 1294
1183 2580
1183 3297
1184 2113
1184 3321
1184 4484
1185 3542
1185 2826
1186 3580
1186 3771
1186 2522
1186 3660
1187 1605
1188 2195
1188 2300
1188 2105
1188 1896
1189 2953
1189 4367
1189 3167
1190 4395
1190 3681
1190 4657
1191 1408
1191 3812
1191 4086
1192 2027
1192 3739
1193 4384
1193 2990
1194 2440
1194 3605
1194 3778
1195 3249
1195 4569
1195 3261
1195 1906
1196 1561
1196 2598
1196 2405
1197 2176
1197 1736
1197 4454
1198 4316
1198 4505
1198 3624
1198 4833
1199 3783
1199 3953
1199 4978
1200 1506
1200 4444
1201 1412
1201 3496
1201 1524
1201 2528
1202 4003
1202 4055
1202 2421
1203 2785
1203 4551
1204 4895
1204 4012
1204 2461
1205 4087
1205 1654
1205 1833
1205 4714
1206 4695
1206 3216
1206 1708
1207 2979
1207 1959
1207 2810
1208 1595
1208 2323
1208 1881
1209 3864
1209 4021
1209 3940
1209 4901
1210 3995
1210 1328
1210 2053
1211 3155
1211 1831
1211 4056
1211 3046
1212 2571
1212 4335
1212 4633
1213 2363
1213 3697
1213 3820
1214 3983
1214 3893
1214 1799
1214 1534
1215 4036
1215 1811
1215 1711
1216 2479
1216 3145
1216 3313
1217 2096
1217 4183
1217 1455
1217 1518
1218 2076
1218 4093
1219 3465
1219 2655
1219 3302
1219 4280
1220 4346
1220 1364
1220 2952
1220 1975
1221 4457
1221 1544
1221 2330
1221 2069
1222 2381
1222 2948
1222 4604
1223 4902
1223 4776
1224 1233
1224 4212
1224 2853
1225 2876
1225 3344
1225 2043
1226 3823
1226 1657
1226 2141
1227 4876
1227 4128
1227 1908
1227 2825
1228 3058
1228 4531
1228 2902
1229 3804
1229 1631
1230 4332
1230 1696
1230 3127
1231 3692
1231 2196
1231 2009
1232 3980
1232 3586
1232 4789
1233 4206
1233 1772
1234 2389
1234 1574
1234 1426
1235 4016
1235 2086
1235 3428
1236 2759
1236 4592
1236 3643
1236 2833
1237 4132
1237 3922
1238 1626
1238 1792
1238 2216
1238 2755
1239 4690
1239 3585
1239 2082
1240 1822
1241 4725
1241 2331
1241 4015
1243 2260
1243 3009
1243 4717
1243 1448
1244 2035
1244 2317
1244 4359
1245 1758
1245 4464
1245 3338
1246 2380
1246 3361
1246 3846
1246 2045
1247 4234
1247 2184
1248 3613
1248 2484
1248 2532
1248 1783
1249 4302
1249 4263
1250 2472
1250 3898
1250 4707
1251 4953
1251 3375
1251 3691
1251 4106
1252 4598
1252 2886
1252 2433
1252 1768
1253 1674
1253 3747
1253 2923
1253 4768
1254 2015
1254 2391
1255 4291
1255 3103
1255 4133
1255 1480
1256 3455
1256 2624
1256 1618
1256 4034
1257 3240
1257 3525
1257 2154
1258 1743
1258 1908
1258 4558
1258 1903
1259 3254
1259 4294
1259 2620
1260 4550
1261 3841
1261 3466
1261 4787
1261 1525
1262 2282
1262 1509
1262 4165
1263 2409
1263 4974
1264 3850
1264 1663
1264 2102
1264 3206
1265 4853
1265 3069
1265 1764
1265 4074
1266 3564
1266 4601
1266 3125
1266 2164
1267 2055
1267 1573
1267 3690
1267 1413
1268 2711
1268 4582
1268 4019
1268 3475
1269 2188
1269 2739
1269 3446
1269 1351
1270 4034
1270 4964
1270 2897
1270 2841
1271 4727
1271 1944
1271 3660
1271 3719
1272 2728
1272 2358
1272 4046
1273 3479
1273 1486
1273 1543
1273 3441
1274 3582
1274 4414
1275 2517
1275 1330
1275 1319
1275 4824
1276 1951
1276 2277
1276 2761
1277 3322
1277 2697
1278 2314
1278 3492
1279 2829
1279 4240
1280 2747
1280 1513
1280 2900
1281 2897
1281 3565
1282 2314
1282 3123
1282 4897
1282 4691
1283 4304
1283 1457
1283 1617
1284 4634
1284 3161
1285 4994
1285 1830
1285 2826
1286 4126
1286 4361
1286 1396
1287 2031
1287 4672
1287 2023
1287 2871
1288 4911
1288 2431
1288 2301
1289 4531
1289 2194
1289 1802
1290 2113
1290 1897
1291 4597
1291 4477
1291 4455
1292 4226
1292 2998
1293 4988
1293 4289
1293 4453
1294 4942
1294 4691
1294 2476
1295 3163
1295 4381
1295 4119
1295 1838
1296 3941
1296 4230
1296 4909
1296 3980
1297 2678
1297 2680
1297 1890
1298 2928
1298 2285
1299 4741
1299 3134
1299 2008
1299 3804
1300 1569
1300 4936
1300 1599
1300 1515
1301 1654
1301 3968
1301 3089
1302 1921
1302 2169
1303 2494
1303 3229
1303 2039
1304 2897
1304 3868
1305 2334
1305 4731
1305 4404
1306 2064
1306 3474
1306 3042
1307 4670
1307 3809
1307 1314
1307 4687
1308 1540
1308 1397
1308 2028
1308 2436
1309 1967
1310 2325
1310 3433
1310 4416
1310 1752
1311 3712
1311 4185
1312 2430
1312 2387
1312 1343
1313 2674
1313 2834
1314 2884
1314 4416
1315 3678
1315 3077
1315 2690
1316 4361
1316 4970
1316 3226
1316 2812
1317 2911
1317 2078
1317 3913
1317 4403
1318 4997
1318 4414
1318 2750
1318 2550
1319 2606
1320 2410
1320 3662
1321 3722
1321 4157
1322 3174
1322 4919
1323 1644
1323 2880
1323 1821
1323 4941
1324 2630
1325 2237
1325 2734
1325 4483
1326 2151
1326 3916
1326 3920
1326 3706
1327 4043
1327 1482
1327 4512
1327 4843
1328 3290
1328 1503
1328 1662
1329 2505
1329 2089
1329 2942
1330 3178
1330 4890
1331 2669
1331 3877
1331 3392
1331 4252
1332 2766
1332 4741
1332 2194
1332 1429
1333 4478
1334 4050
1334 2937
1334 4251
1335 4079
1335 2683
1335 2735
1335 3355
1336 3507
1336 1415
1337 3969
1337 2095
1337 4993
1338 3484
1338 4698
1338 4748
1339 3036
1339 4098
1340 2695
1340 2195
1340 1941
1341 3690
1341 2471
1341 4156
1341 1997
1342 2004
1342 3637
1342 3755
1343 2836
1343 2893
1344 3249
1344 3399
1344 1965
1345 1589
1345 1723
1345 1542
1345 4175
1346 1858
1346 2761
1347 2094
1347 2505
1347 2183
1348 3069
1348 2646
1349 4243
1349 4105
1349 4274
1350 1911
1350 4391
1351 1831
1351 3350
1352 2764
1352 2504
1352 2896
1353 2247
1353 4834
1353 3758
1354 2825
1354 4745
1354 4481
1355 1993
1355 2305
1355 4018
1355 2821
1356 2350
1356 4620
1356 4927
1357 2248
1357 4389
1357 3251
1358 2804
1358 1633
1358 3929
1358 4467
1359 2142
1359 4046
1359 1435
1360 2775
1360 3200
1361 2322
1361 4338
1362 2817
1362 4040
1362 1499
1363 1410
1363 1590
1363 3414
1363 3028
1364 3701
1364 2254
1365 3557
1365 2043
1365 4747
1366 2486
1366 3943
1366 4296
1366 4895
1367 4695
1367 3372
1367 3442
1368 1570
1368 3787
1368 2775
1369 4322
1369 2357
1369 4247
1369 1628
1370 1949
1370 2371
1370 4454
1370 3362
1371 2078
1371 4524
1371 1422
1371 4307
1372 4639
1372 2295
1373 3309
1373 1457
1373 3336
1373 2943
1374 3301
1374 1439
1374 3644
1375 4236
1375 2504
1375 2804
1376 4958
1376 4405
1376 4449
1376 4303
1377 2696
1377 4803
1377 3205
1378 3532
1378 1778
1379 2665
1379 3437
1379 3853
1380 2888
1380 4151
1380 3911
1380 3947
1381 4945
1381 3353
1381 3676
1382 4504
1382 3839
1382 3798
1383 4965
1383 1683
1383 2920
1384 3541
1384 2122
1384 3655
1384 3322
1385 3836
1385 3703
1385 3435
1385 3481
1386 1612
1386 2896
1386 4376
1387 3174
1387 4319
1387 4681
1387 2557
1388 4445
1388 3366
1388 2435
1389 4636
1389 4317
1389 3305
1390 2287
1390 3321
1390 3370
1390 3418
1391 2558
1391 2373
1391 2088
1391 3916
1392 4825
1392 3819
1392 3383
1393 3211
1393 1463
1393 4720
1393 2670
1394 2600
1394 3008
1395 2312
1395 3400
1396 3025
1396 1846
1396 3700
1397 4991
1398 3168
1398 2538
1398 3221
1399 1438
1399 1470
1399 3460
1400 1519
1400 2567
1400 3856
1400 1883
1401 4284
1401 3773
1401 2048
1402 4128
1402 1596
1402 1698
1403 2234
1403 2355
1403 3523
1404 2788
1404 2726
1404 2832
1405 1626
1405 3049
1405 4848
1406 3083
1406 2856
1406 1417
1406 4364
1407 2933
1407 4719
1407 3399
1407 4004
1408 3105
1408 2655
1408 2213
1409 3228
1409 4805
1409 3900
1411 2899
1411 1640
1411 4666
1412 3962
1412 2311
1413 3102
1413 3404
1413 2660
1414 2574
1414 2622
1414 4572
1414 2763
1415 4817
1415 3444
1416 4095
1416 4445
1416 1650
1417 2145
1418 4885
1418 3760
1418 3344
1418 1584
1419 3098
1420 3303
1420 1653
1420 2233
1421 2889
1421 4907
1421 4834
1422 4827
1422 3153
1422 1791
1423 2571
1423 3163
1424 2763
1424 1776
1424 1769
1425 2437
1425 3092
1425 3029
1425 3825
1426 2121
1426 4443
1427 4012
1427 3627
1427 3875
1427 4785
1428 4713
1428 3905
1429 2848
1429 4130
1429 4303
1430 3798
1430 3927
1430 3005
1431 2434
1431 2172
1431 3942
1431 2105
1432 2148
1432 2442
1432 4139
1432 3589
1433 2870
1433 3095
1433 3768
1433 1507
1434 3104
1434 4559
1434 2768
1435 3440
1436 3652
1436 1891
1436 4584
1437 4605
1437 3250
1437 2094
1438 3669
1438 2099
1438 2588
1439 4497
1439 1502
1440 1513
1440 3099
1440 3572
1441 1936
1441 3772
1441 4265
1442 2940
1442 4712
1442 2620
1442 3959
1443 4451
1443 4737
1443 3796
1444 1656
1444 2392
1444 4160
1444 2567
1445 1743
1445 2417
1446 1958
1446 4471
1447 4664
1447 2597
1447 1754
1447 4140
1449 1683
1449 1602
1449 2512
1450 3527
1450 4272
1450 3567
1450 2257
1451 3129
1452 2363
1452 3242
1453 4102
1453 3388
1453 4384
1454 2995
1454 4275
1455 3742
1455 1693
1456 2860
1456 1917
1456 4184
1457 3634
1457 4257
1458 2671
1458 3522
1459 1810
1459 4513
1460 4850
1460 3349
1460 4648
1460 2719
1461 2339
1461 4430
1461 1894
1462 2369
1462 4939
1462 2459
1462 3763
1463 4933
1463 4116
1463 4020
1464 4281
1464 4325
1464 3097
1464 2810
1465 2555
1465 3773
1465 2782
1465 2618
1466 1780
1466 4602
1466 2670
1467 2949
1467 4803
1467 2805
1468 2574
1468 2309
1468 3818
1469 4369
1469 3244
1469 4038
1470 3516
1470 4981
1471 2042
1471 2771
1471 4812
1472 3113
1472 1665
1472 4619
1473 1930
1473 2831
1473 3493
1474 3081
1474 3393
1474 3811
1475 4539
1475 3247
1475 3052
1476 4146
1476 3566
1476 4413
1476 2128
1477 1978
1477 1991
1477 2272
1478 1973
1478 3416
1478 2485
1479 4244
1479 3318
1479 2761
1480 1681
1480 1850
1480 4557
1481 2736
1481 4284
1481 1673
1481 4818
1482 2932
1483 4912
1483 3631
1484 4335
1484 2427
1484 2469
1485 4221
1485 4530
1485 3217
1486 4996
1486 2591
1486 3788
1487 3373
1487 2189
1487 3220
1487 3281
1488 3039
1489 4164
1489 3846
1489 4121
1490 2760
1490 3846
1490 3203
1491 4693
1491 2658
1492 2603
1492 2532
1492 3007
1492 4230
1493 4579
1494 3643
1494 4866
1494 3307
1495 3548
1495 1876
1495 2700
1496 2645
1496 3417
1497 2709
1497 2354
1498 4147
1498 4014
1498 3065
1499 1591
1499 4761
1499 3885
1500 3142
1500 3172
1500 3889
1501 4772
1501 4839
1501 2692
1502 2066
1502 2956
1503 4163
1503 4249
1503 1942
1504 1543
1504 3002
1504 1710
1505 4143
1505 1644
1505 4485
1506 2904
1506 2568
1506 2126
1507 1936
1507 3829
1508 2829
1508 3779
1508 1563
1509 3149
1509 1648
1509 2632
1510 2418
1510 3833
1510 2019
1511 3736
1511 2422
1511 1806
1512 3642
1512 4605
1512 2211
1512 4551
1514 3346
1514 2406
1514 1552
1515 3148
1515 2617
1516 2522
1516 1648
1517 4278
1517 3368
1517 3060
1517 4781
1518 3213
1518 3472
1519 1977
1519 4695
1519 4536
1520 3743
1520 4162
1520 3175
1520 3211
1521 4781
1521 2423
1521 1808
1521 3825
1522 3882
1522 4005
1522 2649
1523 1652
1523 2957
1523 2827
1524 1536
1524 2631
1524 3675
1525 4152
1525 3298
1525 3788
1526 2610
1526 3891
1526 2390
1527 2523
1527 3560
1527 3785
1528 3200
1528 3935
1529 4499
1529 4529
1530 3803
1530 2509
1530 2793
1530 3193
1531 2355
1531 3382
1531 2631
1532 4902
1532 3283
1532 3090
1532 3248
1533 3072
1533 1938
1533 4830
1533 4273
1534 1925
1534 4331
1535 4822
1535 1728
1535 3051
1536 2081
1536 2420
1536 4331
1537 2366
1537 2023
1537 2091
1538 4026
1538 2770
1538 2321
1539 4800
1539 3487
1539 4406
1539 2425
1540 2301
1540 2994
1540 1690
1541 2935
1541 4430
1541 2533
1541 2038
1542 2132
1542 4826
1543 4983
1543 2927
1544 4328
1544 4422
1545 4743
1545 4864
1545 2701
1545 3679
1546 2956
1546 2646
1546 4174
1546 1572
1547 1805
1547 4714
1547 2155
1547 3420
1548 3261
1548 2255
1548 3673
1548 2902
1549 3147
1549 2624
1550 3233
1550 3402
1550 3933
1551 3262
1551 4179
1551 2229
1551 4582
1552 2408
1552 3936
1553 2612
1553 1567
1553 3320
1554 2663
1554 2698
1554 2161
1554 1778
1555 4371
1555 4288
1555 4448
1555 2467
1556 2014
1556 1680
1556 1961
1556 2203
1557 4584
1557 3031
1557 3028
1558 2276
1558 4814
1558 4041
1559 4034
1559 1942
1559 3920
1560 4357
1560 2049
1560 3473
1560 1726
1561 4943
1562 1808
1562 2463
1563 3364
1563 4091
1564 2037
1564 3233
1564 2983
1564 2406
1565 2122
1565 3371
1565 2102
1565 2189
1566 4244
1566 1877
1566 4564
1566 2478
1567 3585
1567 3454
1567 2629
1568 4428
1568 3612
1569 1755
1569 4627
1569 4127
1570 4228
1570 4780
1570 4861
1571 3520
1571 3075
1571 2927
1572 2707
1572 3333
1572 4732
1573 3450
1574 2006
1574 2133
1574 2876
1575 4928
1575 3439
1575 2443
1575 2972
1576 1773
1576 1827
1576 3237
1576 4794
1577 2007
1577 2893
1577 3369
1578 3218
1578 3149
1579 1912
1579 4637
1579 4555
1580 3555
1580 3502
1580 1811
1581 2981
1581 2291
1581 2293
1582 3179
1582 4820
1583 2785
1583 2471
1584 4160
1584 3040
1585 2528
1585 2564
1585 1688
1585 4967
1586 3161
1586 4427
1586 1587
1587 3735
1587 4290
1588 3967
1588 2779
1589 3521
1589 4614
1590 4278
1590 4680
1591 3019
1591 2942
1591 3967
1592 1921
1592 3486
1592 4162
1592 3482
1593 4386
1593 4746
1594 2508
1594 2316
1595 4443
1596 1612
1597 1706
1597 2738
1597 3206
1597 4558
1598 3830
1598 2666
1599 4992
1600 4905
1600 1688
1601 3452
1601 2434
1601 4092
1602 3977
1602 4607
1603 3507
1603 4535
1604 3099
1604 2595
1604 3155
1604 2863
1605 3318
1605 2752
1605 3251
1606 4309
1606 4166
1606 4752
1607 2496
1607 3913
1608 1807
1608 4578
1608 2661
1608 4811
1609 2333
1609 1666
1609 3209
1609 3697
1610 3180
1610 2139
1610 1683
1611 2928
1611 3291
1611 2560
1612 2277
1612 1766
1613 2153
1613 4913
1613 4114
1614 4848
1615 3502
1615 3607
1615 4632
1615 2403
1616 3406
1616 2799
1617 3713
1617 4567
1617 3998
1618 3562
1618 3829
1619 4310
1619 3023
1619 2873
1620 1714
1620 3990
1620 2030
1621 2941
1621 3136
1621 1963
1622 4683
1622 4153
1623 4179
1623 4286
1623 4033
1624 1873
1624 3841
1624 2611
1624 3108
1625 4324
1625 1903
1625 2675
1626 2969
1627 3365
1627 4465
1628 2963
1628 2496
1628 3288
1629 4598
1629 3951
1629 1839
1630 4409
1630 2531
1630 2941
1630 3191
1631 4458
1631 4221
1632 2565
1632 3265
1632 2872
1633 3609
1633 3030
1633 2273
1634 1916
1634 1692
1634 3961
1634 3224
1635 4770
1635 4334
1635 2210
1636 1731
1637 3895
1637 4878
1637 4010
1637 3619
1638 4180
1638 2143
1638 4910
1639 2819
1639 2921
1640 3102
1640 2659
1641 4778
1641 3531
1641 3009
1642 3169
1642 4658
1642 2266
1643 4802
1643 2999
1644 2375
1645 2278
1645 3493
1646 4633
1646 3942
1646 4087
1647 2654
1647 3810
1647 2212
1648 3239
1648 4039
1649 3273
1649 4600
1649 3228
1649 4209
1650 2005
1650 3973
1650 3758
1651 2869
1651 4039
1651 3092
1652 3879
1652 2317
1653 4071
1653 3999
1654 3136
1654 1727
1655 4131
1655 3406
1655 4261
1656 4731
1656 2507
1657 2021
1657 3425
1658 4749
1658 3678
1658 1950
1658 4532
1659 2837
1659 4832
1660 3862
1660 1944
1661 4560
1661 3215
1661 3100
1661 4571
1662 4455
1662 3403
1662 3202
1663 2842
1663 3568
1664 3948
1664 3171
1664 2682
1664 3391
1665 4510
1665 2520
1666 4103
1666 3208
1666 2929
1667 3389
1667 1936
1667 1789
1668 4927
1668 4091
1668 4196
1669 3659
1669 3863
1669 4746
1670 3123
1670 2243
1670 3041
1671 1915
1671 2662
1671 2098
1672 4760
1672 3277
1672 2179
1673 2092
1673 2030
1674 1999
1674 3635
1674 4538
1675 1895
1676 4348
1676 2322
1676 4662
1676 1701
1677 2289
1677 4036
1678 3605
1678 2217
1679 4631
1679 4715
1679 4096
1679 1738
1680 2571
1680 1792
1680 2610
1681 2922
1681 4325
1681 3118
1682 2548
1682 4921
1684 1944
1684 4756
1684 3999
1684 3563
1685 3087
1685 3342
1685 2783
1686 3918
1686 3476
1686 3665
1686 2998
1687 4536
1687 4533
1688 4498
1689 3873
1689 3113
1689 4469
1689 4156
1690 3496
1690 4107
1691 4547
1691 2114
1691 4944
1691 2975
1692 3994
1692 3146
1693 3135
1693 3821
1694 3594
1694 1925
1695 4330
1695 3691
1695 1781
1695 4543
1696 4959
1696 3099
1696 3264
1697 3652
1697 4906
1697 4963
1698 3047
1698 3477
1699 2866
1699 4560
1699 4802
1700 3034
1701 4737
1701 4930
1702 3786
1702 4516
1702 3559
1702 4895
1703 3160
1703 3408
1704 3017
1704 4169
1704 4518
1704 1926
1705 3980
1705 3170
1705 3922
1706 2281
1707 4817
1707 2758
1707 3569
1708 2954
1708 2818
1709 3199
1709 2704
1709 2552
1709 4586
1710 4790
1710 1972
1710 4640
1711 2622
1711 3792
1711 4469
1712 3774
1712 2475
1713 2513
1713 2912
1714 4604
1715 2063
1715 3684
1715 3140
1716 2208
1716 2210
1716 3409
1716 4339
1717 2695
1717 1990
1717 3571
1717 1800
1718 4823
1718 3434
1718 3865
1719 4870
1719 1843
1719 4921
1719 4762
1720 4925
1720 2687
1720 2132
1720 3434
1721 2448
1721 2788
1721 3027
1721 3700
1722 4650
1722 1732
1722 4204
1722 4366
1723 4314
1723 1761
1724 1801
1724 2047
1725 4065
1725 2036
1725 4603
1725 4333
1726 1884
1726 2198
1727 3862
1727 4546
1727 1769
1728 2227
1728 2084
1728 2852
1729 3433
1729 1906
1729 3067
1729 3687
1730 1752
1730 1928
1730 4259
1730 4766
1731 2291
1731 3702
1732 4064
1732 4077
1733 2212
1733 2987
1733 2357
1733 3538
1734 3857
1734 3777
1734 2271
1735 3884
1735 2802
1735 2254
1736 2574
1736 1793
1736 2947
1737 3765
1737 2968
1738 4285
1738 4957
1739 3222
1739 4067
1740 2024
1740 3020
1740 2253
1740 2745
1741 4236
1741 2072
1741 2067
1742 2615
1742 2247
1742 4876
1743 4032
1744 3084
1744 4553
1744 4502
1744 3427
1745 1822
1745 3286
1745 3707
1745 1770
1746 2765
1746 3627
1746 2125
1746 2366
1747 2060
1747 4088
1747 4708
1748 4966
1748 2597
1748 2269
1749 3960
1750 4887
1750 2056
1750 4533
1751 3139
1751 2052
1751 4264
1752 4926
1753 3086
1753 2930
1753 3846
1754 4459
1754 1902
1755 3853
1755 4220
1755 2526
1756 3149
1756 3806
1756 2364
1757 1925
1757 4879
1757 4014
1757 2436
1758 4312
1758 4599
1759 4928
1759 3289
1759 2405
1759 2840
1760 4334
1760 3000
1761 4235
1761 2948
1761 3621
1762 2954
1762 2999
1762 3115
1762 2126
1763 3873
1763 4189
1763 2260
1764 2398
1764 4120
1765 4388
1765 4383
1765 4365
1765 4243
1766 2864
1766 2676
1767 4237
1767 2684
1768 4246
1768 3379
1768 4134
1769 2474
1769 3988
1770 1889
1771 2167
1771 3800
1771 2488
1771 1876
1772 3709
1772 2675
1772 3391
1773 2627
1773 2717
1774 3122
1774 1896
1775 3908
1775 4825
1775 4317
1776 3305
1776 3337
1776 2084
1777 4061
1777 3919
1777 4640
1778 2863
1778 4493
1779 4027
1779 4735
1780 3063
1780 4844
1780 4195
1781 2541
1781 2215
1781 4522
1782 1807
1782 1877
1782 4899
1783 4431
1783 3295
1783 3107
1784 3767
1784 2982
1784 2477
1785 2991
1785 3411
1785 3400
1786 4308
1786 4581
1786 2548
1786 1813
1787 3713
1787 2727
1787 3952
1788 2665
1788 4195
1789 2306
1789 4657
1789 4808
1790 3899
1790 4500
1790 3078
1791 4830
1791 4286
1793 2822
1794 3337
1794 4628
1794 3436
1795 4057
1795 2429
1795 4701
1796 4950
1797 2544
1797 3197
1797 2077
1798 4040
1798 2551
1798 3584
1798 2609
1800 2319
1800 3544
1800 2726
1801 4287
1801 1971
1802 2624
1802 4047
1802 1937
1803 2047
1803 1923
1803 4671
1803 2825
1804 4573
1804 2543
1805 2522
1805 1903
1805 2076
1806 2230
1806 3004
1807 3638
1808 3331
1808 4070
1809 2058
1809 2428
1809 4229
1810 4850
1810 3497
1811 3135
1812 3132
1812 2152
1813 2786
1814 3790
1814 2605
1815 2680
1815 3964
1815 2713
1815 2824
1816 3876
1816 4768
1816 3155
1817 2789
1817 4000
1818 1838
1818 4837
1818 3737
1818 4610
1819 2450
1819 3414
1820 4861
1820 4699
1820 4138
1820 3264
1821 2689
1822 2767
1823 2527
1823 1891
1823 3474
1823 2482
1824 2053
1824 4194
1824 4798
1824 3796
1825 2416
1825 1854
1825 2458
1825 4426
1826 2890
1826 3722
1826 3224
1827 1863
1827 3557
1827 2127
1828 2033
1828 3924
1828 3702
1829 3528
1829 2628
1829 2865
1830 2242
1830 1973
1831 4835
1831 2490
1832 4546
1832 3891
1832 1911
1833 3661
1833 4577
1833 3804
1834 3219
1834 4727
1835 3057
1835 3354
1836 3093
1836 2330
1836 2498
1836 2311
1837 3239
1838 4638
1839 4601
1839 4390
1840 4597
1840 3845
1840 4816
1841 4624
1841 3960
1842 4724
1842 2544
1842 2028
1843 3230
1843 4334
1844 4869
1845 4763
1845 2669
1846 3141
1846 3309
1847 3188
1847 3552
1848 4991
1848 3063
1848 2669
1849 2440
1849 3734
1849 4275
1849 3387
1850 3312
1850 3784
1850 1927
1851 4916
1851 4440
1851 2643
1852 3677
1852 3341
1852 4946
1852 4245
1853 2506
1853 3114
1853 1935
1853 2293
1854 2821
1854 4285
1854 1940
1855 4425
1855 4957
1856 3797
1856 4982
1856 1882
1857 2980
1857 2697
1857 2140
1857 1941
1858 3597
1859 3917
1860 3892
1860 3265
1860 4853
1861 4058
1861 3430
1861 3663
1861 3642
1862 3090
1862 3387
1863 4830
1863 2181
1864 2040
1865 4043
1865 3901
1866 2626
1866 2936
1866 4959
1867 2551
1867 4032
1867 2226
1868 3292
1868 3354
1868 2346
1869 4350
1869 4345
1869 3045
1870 2145
1870 2996
1871 3874
1871 4642
1871 3589
1872 4303
1872 2562
1872 2342
1873 3273
1873 2542
1874 2013
1875 3709
1875 3249
1875 4849
1876 4367
1877 4282
1877 3190
1878 2470
1878 4782
1878 4225
1879 3837
1879 4193
1879 2708
1879 4346
1880 2676
1880 4885
1880 2823
1881 2448
1881 2385
1882 3050
1882 4985
1883 4855
1883 4562
1883 2592
1884 4006
1884 4476
1884 3442
1885 2792
1885 4940
1885 2988
1886 2570
1886 2574
1886 2822
1886 3119
1887 4067
1887 3448
1888 2627
1888 4766
1888 4866
1889 2007
1890 2202
1890 4051
1890 4651
1891 2011
1891 2673
1892 4669
1893 4267
1893 4519
1893 2779
1893 3821
1894 2306
1894 4839
1894 3186
1895 3157
1895 4217
1896 2831
1897 3800
1897 3667
1898 3496
1898 2351
1898 3519
1898 3252
1899 4616
1899 3220
1900 2978
1900 2536
1901 4427
1901 2420
1901 2596
1901 4419
1902 4635
1902 3072
1902 3229
1904 3313
1904 2204
1904 4760
1904 2280
1905 2080
1905 3261
1905 4432
1906 2267
1907 3177
1907 2792
1907 4806
1908 4216
1908 3925
1909 3838
1909 4201
1909 4870
1910 4903
1910 2592
1911 3133
1911 4579
1912 3095
1912 4360
1913 4409
1913 4807
1914 4658
1914 4976
1914 2737
1915 1917
1915 2607
1916 3674
1916 2611
1916 3515
1917 4182
1918 4878
1918 3360
1919 3743
1920 2939
1920 3048
1920 3065
1921 4155
1921 4641
1922 3324
1922 4846
1923 2137
1923 2447
1923 3712
1924 1972
1924 3665
1924 2349
1925 2541
1926 3772
1927 3649
1927 2695
1927 2997
1928 2176
1928 4749
1928 2318
1929 2051
1929 4441
1929 4791
1930 2871
1930 4340
1930 3043
1931 4836
1931 3947
1932 4420
1932 2068
1933 3897
1933 3625
1933 4434
1934 2435
1934 2901
1935 4230
1936 4532
1937 2992
1937 2096
1937 2386
1938 4609
1938 3304
1939 2733
1939 4130
1939 4781
1939 4473
1940 2716
1940 2315
1941 3054
1941 4258
1942 3823
1942 3129
1943 4831
1943 4192
1943 4717
1945 3436
1945 3325
1945 2001
1946 4214
1946 2654
1946 2951
1947 4094
1947 3207
1947 3184
1948 2688
1948 4577
1948 3343
1949 3479
1949 2961
1950 3178
1951 3428
1951 3288
1952 3770
1952 4995
1953 3795
1953 2917
1953 2664
1953 4711
1954 4629
1954 3007
1954 2312
1955 3409
1955 4765
1955 3494
1955 4666
1956 2874
1956 3870
1956 4840
1956 2820
1957 4727
1957 4289
1958 3467
1958 4506
1959 3989
1959 3456
1960 3418
1960 4720
1960 2197
1960 3411
1961 4806
1961 2821
1961 4352
1962 2478
1962 3962
1962 2780
1963 2018
1963 3220
1964 2204
1964 4361
1964 3318
1964 4655
1965 4548
1965 4796
1965 4997
1966 4231
1966 4223
1967 4889
1967 2256
1968 3103
1970 2332
1970 3976
1971 3905
1971 4933
1972 2686
1973 3670
1974 4266
1974 3452
1974 3579
1974 3052
1975 4514
1975 4704
1976 3130
1976 2109
1976 3540
1977 4394
1978 4113
1978 4912
1978 2653
1979 4598
1979 2926
1979 2927
1979 4636
1980 4167
1980 3535
1980 4136
1980 2714
1981 3927
1981 2936
1981 4072
1981 4448
1982 4140
1982 3506
1983 3810
1983 3613
1984 3879
1984 3142
1984 4069
1984 2062
1985 4743
1985 4879
1985 3746
1985 3967
1986 1994
1986 2025
1986 4416
1987 2015
1987 3945
1987 2286
1988 2213
1988 4625
1989 4461
1989 4064
1989 3423
1990 4969
1990 3848
1990 3203
1991 4328
1991 4923
1992 3352
1992 3531
1992 2514
1993 4033
1993 4734
1995 4754
1995 3568
1995 3667
1996 2440
1996 4776
1996 3395
1997 3909
1997 2224
1998 4028
1998 4951
1998 2032
1998 4609
1999 2367
2000 2957
2000 3269
2000 4293
2001 2187
2001 2006
2002 3495
2002 4090
2002 3560
2003 2917
2003 4412
2003 2742
2004 4274
2004 4998
2004 2943
2005 4793
2005 3691
2006 4844
2006 4778
2007 4325
2008 3512
2008 4767
2008 4771
2009 3053
2010 2660
2010 3819
2010 4730
2010 2314
2011 2769
2011 4924
2012 2279
2012 4552
2012 2603
2013 4701
2013 2500
2014 3530
2016 2391
2016 4172
2016 3060
2017 3749
2017 4406
2018 3596
2019 3994
2019 2900
2020 3985
2020 2490
2020 4511
2020 2144
2021 3335
2021 3632
2021 3939
2022 4434
2022 3941
2022 2326
2023 4257
2024 4668
2024 3396
2025 3998
2026 3924
2026 4973
2026 3009
2026 2140
2027 4480
2027 2539
2027 2290
2028 4069
2029 4989
2030 4354
2030 3003
2031 4199
2031 2934
2032 3377
2032 4772
2033 3940
2034 3848
2035 3718
2035 4353
2036 2262
2036 4549
2037 3321
2037 4548
2037 2709
2038 3716
2038 3405
2038 4260
2039 2071
2039 2983
2040 3226
2040 2852
2041 2882
2041 2132
2041 4265
2042 2066
2042 2692
2042 2062
2043 3518
2043 4410
2044 4227
2044 2482
2044 2782
2045 4263
2045 2522
2046 2233
2046 4945
2046 4007
2046 2454
2047 4277
2047 3625
2048 3847
2048 3518
2048 4446
2049 4597
2050 4278
2050 3719
2050 2093
2051 3876
2051 2709
2052 3044
2053 4241
2054 4493
2054 2825
2054 3151
2055 2441
2055 2887
2055 3423
2056 4583
2056 2593
2056 3930
2057 2177
2057 4218
2057 2898
2058 3684
2058 2377
2059 3741
2059 2297
2059 3147
2059 4549
2060 2975
2060 4506
2061 2914
2061 2361
2061 4008
2062 4752
2062 3152
2063 4977
2063 3541
2063 3096
2064 2497
2064 4493
2065 3729
2065 3907
2065 4554
2066 4356
2067 3087
2067 4195
2067 4359
2068 4917
2068 2448
2068 3177
2069 2804
2069 3973
2069 3799
2070 2707
2070 4238
2070 4054
2071 2899
2071 4059
2072 2270
2072 2679
2073 2763
2073 3000
2073 2308
2073 4749
2074 4006
2074 4804
2075 4296
2076 2781
2077 2103
2077 2446
2078 2121
2078 4437
2079 3196
2079 4491
2079 2946
2079 3795
2080 3301
2080 3141
2080 2392
2081 2572
2081 2790
2082 3824
2082 3218
2082 4883
2083 3278
2083 4690
2083 4478
2083 4587
2084 3621
2084 3552
2085 4547
2085 2215
2086 4719
2086 2943
2087 2741
2087 4359
2087 3212
2087 4195
2088 3211
2088 4839
2089 4993
2089 4842
2090 4526
2090 4723
2090 4672
2091 2526
2091 4626
2091 3768
2092 2306
2092 4750
2092 2742
2093 2156
2094 2815
2094 2794
2095 4954
2096 2628
2096 3086
2097 3055
2097 3586
2097 3764
2098 3033
2098 3997
2098 2115
2099 4293
2099 2476
2099 2960
2100 3015
2101 3154
2101 4809
2102 2462
2102 4211
2103 3019
2103 2769
2103 3752
2104 3509
2104 4674
2105 4041
2106 3257
2106 2807
2107 4956
2107 4618
2107 4611
2107 2815
2108 3912
2108 2563
2109 4282
2109 2223
2110 2587
2110 2438
2110 3782
2110 4272
2111 3459
2111 4180
2111 3501
2112 2454
2112 4143
2113 3435
2114 3120
2115 3485
2116 4875
2116 3190
2116 4225
2116 4159
2117 2329
2117 2803
2117 3141
2118 2475
2118 3742
2118 3429
2119 3269
2119 4075
2119 3076
2119 4609
2120 3781
2120 2336
2121 2398
2122 3234
2122 3999
2123 4926
2123 3180
2123 3727
2124 2891
2124 3209
2124 2962
2125 2347
2125 3907
2126 4467
2126 4146
2127 3533
2127 2791
2128 2519
2128 2882
2128 4105
2129 4101
2129 2767
2130 3110
2130 3835
2130 4965
2131 4181
2131 2547
2132 4841
2133 3208
2133 2702
2133 2163
2134 3620
2134 3679
2135 3202
2135 2601
2135 4100
2135 2182
2136 2527
2136 3439
2136 2594
2137 3657
2137 3156
2138 4115
2138 2309
2138 4350
2139 2864
2139 4253
2140 4831
2140 4459
2142 4764
2142 4996
2142 2636
2143 3568
2143 2317
2144 2340
2144 2320
2144 2550
2145 2148
2146 2157
2146 4081
2147 3916
2147 2162
2147 3274
2147 3082
2148 4356
2148 3485
2149 3308
2149 2533
2149 4321
2149 3650
2150 4715
2150 4436
2151 4309
2151 2691
2152 4833
2152 3455
2153 4377
2153 3222
2154 3738
2154 3170
2154 4507
2155 3054
2156 2845
2156 3397
2156 2891
2157 4694
2157 2529
2158 3514
2158 4496
2158 4540
2158 3184
2159 3510
2159 4351
2159 2554
2160 4151
2160 2369
2160 3768
2160 3892
2161 2569
2161 2186
2162 3852
2162 4896
2163 4589
2163 2611
2163 3126
2164 3114
2164 4620
2165 4869
2165 3775
2166 2925
2166 3318
2167 4070
2167 4632
2168 3127
2168 2557
2170 4733
2170 2598
2170 3872
2171 4279
2171 4329
2171 3101
2172 4306
2173 3968
2173 3557
2174 2652
2174 4327
2175 3245
2175 4844
2176 2283
2177 4599
2177 2368
2177 4652
2178 4174
2178 3724
2179 2477
2179 4948
2180 2538
2180 4064
2180 2371
2181 4215
2181 3736
2182 2741
2182 4340
2183 2413
2183 2489
2184 3921
2184 3662
2184 2540
2185 2376
2185 2754
2185 3112
2185 2238
2186 4446
2186 3040
2187 2996
2187 3886
2188 2581
2188 2624
2188 4074
2189 3955
2189 2292
2190 4906
2190 2495
2190 3847
2190 3766
2191 3987
2191 4810
2191 3636
2192 2656
2192 3894
2193 2634
2193 4370
2193 4015
2193 2717
2194 3104
2194 3934
2195 3938
2196 3957
2196 3545
2197 3944
2197 3491
2198 4181
2199 3659
2199 3093
2199 3749
2200 4893
2200 2599
2201 4439
2201 2400
2201 3891
2202 2633
2202 3247
2203 2294
2204 2903
2205 4623
2205 3683
2205 3751
2206 3856
2207 3327
2207 3267
2208 3767
2208 3826
2208 3978
2209 3422
2209 2935
2209 2727
2211 4906
2211 3487
2211 4139
2212 2441
2212 3021
2213 2298
2214 3566
2214 3668
2214 3482
2215 3395
2215 2233
2216 2250
2217 3425
2217 2911
2218 2970
2218 2515
2219 4495
2219 3165
2219 4704
2219 2964
2220 4807
2220 4167
2221 4975
2221 2388
2221 4719
2222 2973
2223 4491
2224 4522
2224 3468
2224 3582
2225 3611
2225 3410
2225 4161
2225 2676
2226 3134
2227 4293
2228 2254
2228 3348
2229 2848
2229 3882
2229 3282
2231 3171
2231 4260
2231 3076
2231 3467
2232 3773
2232 4623
2232 4476
2232 2535
2233 4568
2234 4366
2234 4904
2234 4630
2235 4114
2236 2809
2236 4086
2236 2493
2237 4235
2237 3764
2238 4510
2238 2858
2239 2493
2239 2795
2239 3470
2239 4756
2240 4847
2241 4617
2241 2625
2241 4156
2241 4283
2242 4801
2242 2793
2242 2243
2243 3441
2244 4001
2244 2267
2244 3286
2244 3345
2245 3013
2245 3133
2246 2520
2246 2861
2246 2775
2246 3014
2247 3336
2247 4855
2248 2784
2248 4738
2248 2591
2249 3106
2249 3009
2250 3839
2250 2325
2250 3664
2251 3555
2251 4629
2251 3945
2251 3209
2252 4028
2252 3185
2252 3625
2253 3869
2253 4682
2253 3961
2254 4924
2255 4738
2255 2797
2255 3463
2256 3984
2256 3689
2256 4509
2257 3881
2257 2990
2258 3866
2258 4524
2258 4702
2259 4296
2260 4045
2260 2672
2261 4475
2261 4545
2261 4778
2261 3167
2262 4109
2263 4586
2263 4537
2263 3544
2263 3304
2264 3689
2264 4213
2264 3055
2264 4882
2265 2771
2265 3540
2265 3509
2266 2635
2267 2309
2267 3765
2268 3605
2268 2967
2268 2482
2268 3329
2269 2539
2270 3780
2270 4201
2270 4739
2271 3822
2271 3855
2271 4166
2272 3537
2272 4514
2273 3076
2273 2589
2274 3875
2274 4582
2275 4332
2275 2783
2276 3059
2276 2567
2276 3209
2277 3396
2277 4368
2278 4626
2278 2943
2278 2435
2279 4560
2280 3228
2280 3349
2280 4839
2281 2726
2281 2497
2281 3728
2282 3535
2282 4692
2283 4251
2283 3168
2284 4900
2284 4033
2284 3203
2285 2462
2285 4609
2286 4208
2287 4681
2288 2520
2289 2881
2289 2445
2289 3961
2290 3346
2291 2551
2292 2908
2292 3030
2293 4797
2293 2937
2294 2680
2294 3964
2294 3432
2295 4456
2295 4388
2296 3716
2296 3280
2297 2399
2297 3489
2297 3299
2298 4923
2298 3779
2299 4523
2299 2796
2300 4514
2301 2851
2301 4553
2302 2661
2302 4429
2302 2916
2303 2485
2303 4878
2303 3323
2304 4559
2304 4764
2305 4112
2307 3851
2307 3647
2308 4721
2308 4894
2309 3415
2310 3808
2310 2722
2310 2777
2310 3588
2311 4537
2313 3937
2313 4917
2313 3672
2313 3655
2314 3863
2315 3091
2315 3563
2315 4721
2316 4758
2316 4129
2317 4668
2318 3795
2318 3036
2318 4311
2319 4099
2320 4279
2321 4716
2321 4706
2321 3033
2322 3340
2323 3514
2323 3201
2323 2488
2324 3885
2325 2962
2326 2336
2327 3210
2327 3870
2327 3388
2328 3878
2328 2470
2329 4675
2329 4884
2329 4565
2331 2634
2331 2627
2332 2751
2332 2487
2333 4763
2333 4007
2334 2906
2334 2774
2335 4075
2335 4277
2335 2412
2335 2881
2336 3106
2337 4540
2337 3860
2338 3651
2338 4352
2338 4937
2338 2772
2339 4596
2339 4452
2339 4873
2340 3342
2340 4119
2341 4063
2341 4695
2341 3880
2342 3029
2342 2590
2342 3612
2343 2870
2343 4268
2343 2728
2344 3122
2344 2557
2344 2972
2345 4063
2345 2618
2346 3054
2346 2930
2347 3455
2347 4638
2348 2967
2348 3834
2349 3477
2349 3303
2349 4018
2350 4789
2350 4910
2350 4214
2351 2916
2351 2523
2352 4030
2352 4052
2352 3057
2353 4676
2353 2392
2354 2742
2356 4270
2356 4373
2357 4751
2357 4235
2358 2530
2359 3323
2359 2537
2360 2477
2360 4785
2360 4731
2360 4709
2361 3649
2362 3543
2362 2892
2363 2986
2363 3752
2365 2753
2365 3407
2365 2645
2367 3705
2367 2757
2368 3430
2368 4013
2369 3056
2369 2427
2370 4823
2370 2764
2371 4959
2372 4375
2372 2703
2372 3408
2374 3675
2374 4999
2375 4698
2375 2613
2376 4464
2376 3828
2377 2453
2377 3708
2378 2419
2378 2878
2378 2731
2378 3841
2379 2433
2379 4414
2379 3314
2379 4110
2380 2383
2380 3349
2381 3124
2381 4514
2381 4628
2382 3949
2382 3258
2382 4782
2383 2564
2383 2730
2384 2889
2384 3974
2384 3219
2384 3532
2385 4580
2385 4562
2385 2839
2386 2519
2386 4351
2387 3610
2387 3860
2387 4592
2388 4824
2388 4762
2389 3744
2389 3602
2390 3622
2390 4405
2391 2958
2391 4561
2393 3770
2393 3276
2394 3240
2394 4847
2395 3378
2395 3772
2396 4446
2396 2415
2396 2885
2396 4789
2397 4374
2397 4241
2398 4580
2399 3697
2399 4141
2400 3938
2400 3929
2400 3105
2401 2955
2401 4524
2401 3653
2403 4135
2403 2456
2403 4058
2404 3985
2404 4387
2404 3375
2405 3001
2405 4770
2406 3716
2406 2528
2407 3791
2407 3699
2408 3554
2408 2413
2409 4965
2409 4555
2409 4316
2410 3470
2410 4748
2411 4408
2411 3546
2411 4824
2412 4237
2412 3260
2413 3784
2413 4395
2414 3300
2415 3503
2415 2867
2416 3182
2417 2509
2417 3946
2417 4367
2418 2554
2419 4860
2419 3806
2419 4368
2420 2598
2421 3320
2421 4172
2422 3176
2422 4042
2423 4088
2423 3172
2423 3823
2424 2637
2424 4962
2424 3094
2425 3171
2425 2431
2425 3020
2426 3817
2426 2583
2427 3895
2427 2696
2428 4122
2428 3424
2429 2790
2429 4876
2429 4827
2430 4613
2431 4378
2432 2579
2432 3815
2433 4607
2433 4767
2434 4403
2434 2975
2435 4554
2436 4880
2437 2674
2437 4192
2438 4216
2438 4184
2439 3894
2439 4750
2439 4921
2439 3613
2440 4940
2441 2838
2441 3666
2442 4407
2442 4591
2443 2922
2443 3072
2443 2822
2444 2910
2444 3024
2444 4971
2445 2941
2445 4302
2445 3911
2446 3021
2446 2822
2446 4111
2447 4516
2447 2905
2448 2684
2449 3223
2449 4815
2449 4280
2449 4508
2450 4896
2451 3117
2452 3012
2452 4452
2453 3157
2454 4967
2455 3726
2455 4202
2455 4667
2456 3378
2457 3536
2457 2592
2457 2827
2457 3150
2458 2565
2459 3357
2459 3096
2460 3123
2460 3175
2461 3032
2461 4679
2461 4097
2462 3954
2462 2715
2463 3895
2463 3902
2464 3529
2464 3525
2464 3830
2464 4962
2465 3261
2465 4376
2465 3694
2466 3419
2466 3166
2467 3992
2468 4540
2468 3995
2469 3193
2469 3799
2469 4887
2470 3646
2471 3793
2471 3643
2472 4615
2472 3686
2473 3623
2473 3718
2473 3535
2474 3602
2475 3184
2476 4841
2477 2490
2478 3879
2478 4494
2479 3562
2479 3630
2479 3427
2480 2575
2480 4098
2480 3968
2480 3766
2481 4612
2481 4297
2481 3521
2482 3329
2483 3088
2484 3552
2486 4771
2486 4276
2486 4015
2487 3849
2487 4864
2489 3797
2489 3333
2491 4658
2491 3371
2492 4650
2492 4586
2492 3084
2494 3914
2495 4822
2495 2887
2495 3663
2497 4820
2498 3080
2498 4736
2499 3678
2499 2912
2499 4262
2500 3762
2501 2853
2501 4948
2501 3943
2501 4175
2502 4005
2502 2995
2502 3133
2503 2811
2503 4605
2503 4908
2504 2514
2505 2563
2505 3085
2506 2784
2506 3450
2506 4233
2507 4334
2507 3061
2507 2670
2508 3912
2508 2969
2508 3273
2510 3649
2510 3521
2511 3297
2511 2920
2511 3080
2511 3803
2512 2911
2512 3979
2513 3957
2513 3014
2514 2896
2514 4800
2515 3676
2515 3644
2516 3334
2516 4461
2517 4480
2518 4222
2519 3029
2519 4497
2520 3378
2521 3763
2521 3890
2523 3655
2523 4372
2524 4078
2525 4182
2526 4804
2527 4877
2527 4094
2529 4753
2529 4805
2530 4133
2530 3483
2531 4144
2533 2993
2533 3089
2534 4702
2534 3080
2534 3624
2535 3118
2535 3910
2535 3867
2536 3175
2536 3192
2537 4135
2537 3077
2538 2741
2539 3627
2539 4557
2540 3243
2540 3774
2541 3787
2541 2778
2542 3427
2542 4627
2542 3639
2543 3756
2543 3613
2545 4747
2545 3755
2545 4120
2545 2965
2546 2638
2546 3911
2547 3932
2547 3914
2549 4737
2549 4536
2549 2798
2550 4963
2550 2721
2551 4901
2552 3219
2552 3914
2553 3541
2553 4835
2554 2795
2554 4916
2555 3473
2555 3188
2556 3088
2556 4850
2556 4997
2556 2806
2557 4827
2558 3438
2558 3756
2559 3703
2559 3547
2559 3791
2560 3944
2561 4317
2561 3428
2561 2868
2561 2917
2562 4876
2562 3262
2563 4922
2564 4430
2564 3886
2565 4781
2565 4031
2566 3056
2566 4829
2566 3533
2567 4366
2568 4718
2568 3454
2568 4872
2569 2931
2569 4171
2570 2744
2572 3694
2572 4393
2573 3467
2573 4475
2575 3430
2575 3653
2576 4082
2576 3723
2577 3245
2577 2718
2577 4440
2577 2845
2578 4168
2578 3782
2578 3971
2579 3933
2580 2782
2581 3661
2581 4848
2581 4905
2582 3987
2582 3394
2582 4738
2583 3789
2583 2591
2584 3364
2584 3522
2584 4927
2585 3657
2586 4825
2586 3501
2587 4566
2588 3632
2588 4124
2589 4212
2589 3584
2590 3335
2590 3699
2591 2794
2592 3763
2593 4460
2593 3294
2593 3762
2594 4907
2594 3531
2595 3150
2595 4488
2596 4950
2596 4558
2596 3948
2597 3008
2597 2615
2598 3316
2599 3781
2599 4399
2600 4872
2600 3536
2601 4962
2602 4238
2602 4578
2602 3278
2602 3689
2604 3085
2604 3053
2605 4288
2606 4655
2606 3352
2608 4896
2608 3341
2608 3505
2609 4898
2610 4053
2610 2803
2611 3039
2612 4914
2612 3286
2613 3991
2613 4729
2614 3448
2614 4035
2614 2690
2615 4648
2615 4386
2616 4531
2616 3739
2616 3422
2616 2914
2617 4939
2617 3889
2617 3326
2618 4349
2619 4344
2619 2978
2619 3646
2619 4961
2620 3173
2621 2888
2621 4539
2621 3802
2622 4787
2622 4421
2623 3737
2623 4086
2623 2634
2623 4422
2625 2850
2625 4026
2626 4292
2626 2884
2628 4319
2629 3391
2629 4228
2630 3583
2630 2944
2631 4819
2631 3197
2632 4438
2632 3931
2632 3068
2633 4418
2633 3495
2634 3909
2635 2942
2636 4160
2637 3789
2638 4586
2639 4843
2639 3160
2639 2977
2640 3628
2640 2877
2641 3593
2641 3256
2642 4638
2642 3905
2642 3962
2642 3071
2643 3030
2644 3520
2645 3914
2645 3285
2646 4863
2647 4523
2647 3380
2647 3674
2648 3468
2648 4329
2648 4012
2649 3283
2650 3107
2650 4002
2650 4406
2651 4342
2651 3670
2651 4505
2652 3002
2652 4330
2653 4833
2654 3470
2655 4600
2655 4063
2656 3504
2656 3603
2657 3121
2658 3682
2658 3726
2658 2894
2659 2931
2659 2852
2659 3524
2660 3345
2661 2699
2662 2851
2662 3827
2662 3798
2663 4411
2663 3458
2663 3064
2664 4505
2664 4135
2664 2986
2665 4503
2666 3361
2666 4905
2666 4210
2667 2812
2667 4901
2667 4421
2668 2926
2669 4308
2670 4745
2671 4279
2671 4420
2672 4412
2672 3743
2672 3836
2673 3748
2674 4647
2675 3729
2675 4479
2676 4555
2677 2702
2677 3484
2677 3857
2678 4822
2678 2838
2679 3577
2679 3990
2679 4534
2681 3374
2681 4473
2681 4895
2682 3778
2682 3561
2683 4771
2683 4113
2684 4148
2684 3840
2685 4490
2686 3385
2687 4625
2687 2959
2688 4915
2689 4766
2689 3500
2690 3227
2691 3519
2691 3569
2692 2845
2693 3351
2693 4565
2693 4488
2694 2895
2694 4400
2695 3784
2696 4250
2696 4665
2697 3635
2697 2976
2698 3918
2698 3098
2699 3213
2699 3317
2699 2817
2700 2883
2700 3293
2700 4630
2701 2705
2701 3287
2701 2926
2702 3711
2702 3270
2704 4746
2704 3300
2705 4945
2705 3231
2706 3629
2706 2938
2706 3600
2706 4079
2707 3312
2708 4750
2708 3794
2709 2714
2710 4301
2711 3205
2711 4927
2711 4353
2712 4541
2712 3341
2712 4914
2713 4780
2713 4757
2713 4552
2714 4889
2715 4975
2715 2830
2716 3110
2717 4607
2718 4647
2719 3040
2720 4179
2720 3296
2721 3189
2721 3507
2721 3311
2722 3128
2722 3453
2723 3696
2723 4413
2724 3592
2724 3023
2724 3014
2724 2996
2725 4022
2725 3883
2725 3146
2726 3039
2727 3466
2729 4181
2730 4353
2730 4821
2731 3722
2731 3475
2732 2922
2732 4050
2733 4528
2733 3946
2734 4131
2734 3356
2735 3165
2735 4709
2736 4425
2736 4968
2736 3978
2737 3566
2737 3982
2738 3968
2738 4837
2740 3325
2740 4431
2740 4362
2741 4650
2742 4502
2743 2875
2743 4341
2743 4862
2744 3671
2745 4183
2746 3913
2746 3704
2746 4128
2746 3940
2747 4787
2747 2748
2749 4425
2749 3285
2749 4448
2749 3523
2750 4742
2750 3737
2751 3178
2752 2966
2753 4564
2754 4951
2754 3817
2754 3323
2755 3281
2755 4618
2755 3636
2756 4461
2756 3801
2757 3022
2757 4153
2758 4772
2758 2813
2759 3306
2759 3490
2759 2923
2760 4452
2760 2806
2761 4534
2762 4471
2762 2932
2762 4642
2764 3384
2765 4313
2765 3558
2766 4471
2767 4596
2767 4193
2768 3346
2769 3874
2770 3779
2770 4271
2770 4358
2771 3008
2772 2824
2772 2929
2772 3850
2773 3012
2773 2802
2773 4108
2773 4284
2774 4089
2774 3721
2776 4087
2776 3382
2777 3725
2778 4692
2778 4904
2779 3508
2779 4546
2780 4875
2780 4184
2781 3332
2781 3158
2781 4677
2783 4246
2785 4875
2786 2828
2786 4240
2786 4402
2787 4813
2787 4860
2788 4155
2788 3389
2789 4765
2790 3148
2790 3205
2791 4203
2791 4307
2792 4314
2794 4248
2795 4079
2796 3102
2796 3434
2797 3545
2797 3859
2797 3900
2798 3414
2799 4282
2800 4656
2800 4501
2800 3015
2801 3219
2801 4045
2801 3453
2802 4275
2802 3193
2803 4981
2805 4982
2806 3904
2806 4111
2807 3907
2807 3915
2807 4635
2808 3413
2808 3221
2808 4512
2808 4250
2809 4893
2809 4801
2810 4518
2810 4606
2811 4203
2811 4788
2811 3624
2813 4016
2814 4625
2814 3753
2814 4358
2814 4274
2815 4338
2816 4858
2816 4018
2816 4400
2818 4516
2818 3026
2818 4811
2819 3739
2819 4217
2820 3386
2820 4256
2821 3840
2823 4941
2823 3447
2823 2965
2824 3628
2824 3350
2826 3332
2826 2892
2827 3709
2828 3981
2828 4405
2829 4556
2830 2951
2830 2940
2832 4570
2833 3969
2833 4041
2834 4836
2834 3954
2835 3016
2835 3134
2835 4279
2835 3363
2836 3935
2836 4351
2837 3410
2837 4612
2838 3875
2838 3984
2839 4452
2840 3957
2840 3028
2842 3045
2843 3799
2843 4151
2843 4764
2843 4909
2844 3587
2844 3751
2846 4951
2846 3035
2847 4124
2847 3067
2847 4765
2848 4871
2849 4313
2849 4559
2850 3505
2850 3322
2850 4322
2851 4393
2852 4373
2853 3508
2854 3991
2854 4581
2854 4757
2855 4439
2855 3086
2855 4248
2856 4251
2856 3370
2856 4955
2857 2904
2857 3808
2858 4761
2858 4138
2859 2912
2859 3032
2860 4743
2860 4247
2860 3356
2861 4161
2862 3035
2862 3908
2863 4867
2864 2925
2865 4990
2865 4955
2866 4532
2866 4347
2866 2930
2867 4808
2868 3506
2869 4468
2870 3259
2870 4976
2871 3291
2871 3342
2872 3187
2872 4046
2873 4623
2873 4594
2874 4207
2875 3934
2875 4178
2875 4413
2876 3864
2877 4189
2879 3873
2879 4262
2879 2985
2879 3782
2880 3932
2880 4335
2882 3550
2882 3882
2883 3640
2884 4873
2884 3966
2885 3112
2885 4140
2885 4865
2886 3477
2886 3107
2886 3264
2887 4949
2888 2894
2889 3818
2890 4174
2890 4394
2890 4774
2891 4158
2891 3491
2892 4887
2892 4190
2893 4210
2894 4054
2894 4116
2895 2940
2895 4798
2898 4795
2898 4826
2898 3297
2899 3503
2899 2998
2900 3961
2901 3749
2901 3814
2902 3715
2903 4676
2903 4233
2904 3321
2904 4181
2905 3827
2907 4472
2907 4396
2907 4085
2907 4366
2908 3553
2908 4509
2909 3100
2909 3268
2909 4855
2909 3677
2910 3912
2912 3558
2913 4398
2913 4270
2913 4842
2914 4905
2914 4142
2915 4872
2915 2955
2915 3111
2916 2945
2916 2989
2917 4013
2918 3010
2918 4228
2919 4714
2919 3233
2919 4881
2920 3059
2921 4735
2921 3007
2921 4797
2922 3608
2923 4138
2924 3210
2924 4527
2925 3578
2927 4182
2928 4783
2929 4259
2929 3027
2930 3721
2931 4614
2931 3918
2932 3119
2933 3397
2933 4721
2933 4010
2934 3376
2934 4315
2935 4998
2935 3822
2936 4308
2936 3311
2938 4854
2938 2993
2938 4037
2939 3977
2940 3673
2941 4401
2942 3478
2944 4095
2945 3487
2945 3216
2947 3247
2947 3894
2947 3567
2948 3493
2949 3963
2949 4900
2950 4401
2950 4686
2950 3922
2951 4184
2951 3542
2952 3964
2952 4515
2952 3981
2953 3024
2953 3135
2954 4602
2954 3644
2955 3720
2955 3522
2956 4437
2957 4082
2957 4235
2958 3442
2959 2981
2959 4671
2960 3662
2960 4567
2961 4660
2961 4341
2961 4799
2962 4847
2962 4059
2963 3591
2963 4899
2964 3663
2965 3489
2967 4354
2968 3480
2968 3629
2969 4445
2970 4894
2970 3724
2971 4886
2971 3153
2971 4984
2972 3479
2974 4682
2974 4245
2975 3360
2976 4351
2976 3365
2977 3487
2977 4387
2977 4446
2978 4886
2979 3187
2980 3859
2980 3688
2980 4070
2981 4561
2981 4177
2982 4311
2982 3745
2983 4378
2983 4969
2984 3853
2985 4287
2985 4820
2986 3450
2987 3976
2988 3966
2988 3744
2988 4150
2989 3842
2989 4021
2989 3315
2990 4419
2991 3429
2992 3299
2992 3358
2993 3733
2993 4517
2994 3350
2994 3445
2994 4948
2995 3300
2995 4393
2996 4661
2997 3832
2999 4107
3000 3457
3001 4564
3001 3740
3002 4539
3003 4251
3003 4652
3004 4947
3004 4390
3005 4549
3005 4940
3006 3839
3007 4333
3010 4908
3010 4589
3010 3394
3011 4348
3011 3774
3011 3831
3012 3180
3013 4761
3013 3637
3015 3085
3017 4410
3017 4466
3018 4868
3018 3728
3018 3114
3019 3818
3020 4355
3021 3592
3021 3894
3022 4020
3023 3491
3024 4090
3025 3513
3025 3421
3026 3385
3026 3156
3026 3815
3027 3935
3028 4704
3029 3622
3030 3782
3031 3824
3032 3469
3032 4265
3033 4442
3034 4090
3035 4479
3035 3162
3037 3722
3038 3178
3038 4203
3039 4854
3041 4700
3042 3765
3042 4492
3043 4544
3043 3485
3044 4524
3044 4054
3045 3204
3046 3499
3047 4453
3047 4603
3048 3073
3048 3664
3050 3052
3050 4659
3051 4306
3051 4579
3055 3380
3056 4438
3057 4987
3057 4228
3058 4378
3058 3788
3059 4406
3059 3480
3061 3883
3061 4760
3062 4320
3062 3501
3062 4966
3063 4429
3063 3878
3064 3871
3065 4198
3065 4121
3066 4816
3066 4910
3067 4650
3068 3265
3068 4423
3069 4072
3069 4152
3070 3842
3070 4374
3070 3677
3070 4213
3071 4364
3071 3626
3073 4639
3074 3677
3074 3771
3074 3119
3076 3910
3077 3718
3077 3775
3078 3939
3078 4903
3079 3860
3079 3806
3080 4380
3081 3790
3082 3618
3082 3310
3083 4773
3083 3614
3087 4075
3087 4313
3088 3667
3089 3250
3091 3778
3091 4440
3091 4318
3092 4110
3092 3614
3093 3835
3093 4017
3094 3728
3094 3908
3095 4701
3096 3421
3097 3426
3098 4301
3099 3237
3100 3844
3101 4063
3101 3693
3101 4791
3102 4292
3103 4379
3103 4975
3104 4148
3104 3764
3105 3953
3106 3868
3106 4475
3107 3168
3108 3992
3108 3617
3109 4945
3110 4825
3110 3439
3111 4256
3111 4170
3113 3135
3113 4013
3115 4435
3116 4638
3117 3145
3117 4719
3118 4199
3119 4969
3120 3391
3121 4873
3121 3438
3122 4165
3124 3429
3124 4470
3125 3893
3126 4373
3126 3360
3127 4870
3128 4179
3128 3666
3129 4500
3129 3373
3130 4305
3130 3913
3131 3263
3131 4085
3131 4172
3131 3234
3132 4355
3132 4813
3134 4253
3136 4099
3137 3653
3137 4031
3138 3699
3138 3478
3139 3672
3139 4484
3140 4674
3142 4857
3142 3529
3143 4382
3143 3547
3144 4768
3144 3648
3144 4114
3145 4424
3145 3602
3146 4354
3148 3789
3149 3821
3150 3769
3151 4742
3151 3758
3152 3379
3152 3977
3153 3334
3153 3857
3154 3443
3154 3316
3156 4974
3157 3552
3158 4171
3158 3716
3159 3641
3159 3832
3159 4494
3161 3843
3161 4232
3162 4118
3163 4290
3164 3939
3164 4427
3164 3573
3165 3748
3165 3972
3166 3923
3166 4748
3166 4754
3168 3949
3169 3922
3169 4696
3169 3945
3170 3460
3171 4482
3173 4319
3174 3560
3174 3614
3176 4312
3177 4073
3177 3628
3179 4097
3179 4156
3181 4276
3181 3904
3181 4949
3181 4173
3182 4878
3183 3753
3183 4715
3184 4689
3185 3362
3185 4213
3186 4381
3186 3505
3186 4859
3187 4360
3188 3479
3189 3754
3189 3867
3190 4130
3191 3420
3192 3708
3192 4836
3194 4588
3194 4455
3194 4151
3194 4187
3195 4697
3195 3561
3195 4935
3195 4048
3196 4071
3196 3696
3196 3483
3197 4955
3197 4770
3198 3930
3198 4897
3199 3242
3199 3898
3200 4685
3201 4675
3202 3976
3202 4815
3204 3511
3204 4615
3204 4451
3205 3932
3206 4061
3207 4052
3207 4521
3208 4003
3210 3231
3210 4589
3211 3585
3213 3664
3213 3455
3214 3449
3214 3950
3214 3259
3214 3993
3216 4899
3216 3609
3217 4804
3218 4509
3220 4001
3221 3651
3222 3983
3222 4693
3223 4624
3223 4637
3223 3449
3224 3432
3225 4317
3225 4782
3225 4352
3226 3515
3227 3543
3228 3630
3230 3858
3230 4947
3232 4357
3232 4471
3233 3726
3235 3452
3235 4462
3236 4544
3236 4426
3237 3852
3237 4643
3238 4444
3238 4182
3238 4791
3238 4393
3239 4970
3240 3681
3241 4699
3241 4486
3242 4773
3243 4158
3244 3550
3245 3611
3246 3685
3246 4437
3246 3942
3248 3262
3249 3418
3250 4875
3252 4118
3252 4218
3252 3886
3253 4104
3254 4903
3254 4902
3255 4541
3255 4752
3255 4987
3256 4712
3256 3781
3257 4526
3257 4392
3257 3753
3258 3586
3258 4677
3259 4301
3260 4429
3260 3637
3263 4991
3263 4294
3264 4940
3265 4038
3266 4254
3266 4126
3266 4572
3267 3381
3267 3693
3268 4953
3268 3549
3269 4283
3269 4120
3270 4848
3271 3791
3271 3472
3271 4219
3271 4828
3272 3868
3272 4956
3273 3631
3274 4306
3274 3852
3274 4083
3275 4858
3275 4024
3276 4484
3276 4868
3277 4795
3279 3555
3279 4160
3279 4610
3280 4566
3281 4826
3281 3955
3282 4745
3282 4793
3284 4238
3284 4654
3285 3641
3287 4095
3287 4888
3287 4999
3288 3877
3288 4113
3289 4356
3290 3311
3291 4336
3291 3899
3292 4165
3293 4873
3293 4426
3294 4439
3295 3541
3295 4897
3295 3464
3296 4606
3296 3974
3298 4042
3298 3366
3299 3623
3300 3654
3301 3610
3301 4392
3302 4264
3302 3692
3303 4647
3304 4239
3305 4245
3306 4398
3306 3402
3306 4015
3307 4043
3307 3393
3308 3538
3308 4025
3309 4884
3309 4897
3310 3825
3312 4080
3313 4136
3314 4264
3314 4522
3315 4902
3315 3370
3316 4014
3316 4062
3317 3490
3317 3783
3319 4231
3319 4407
3319 3890
3320 4993
3320 3759
3322 3965
3324 4930
3325 4477
3325 3903
3326 4724
3327 3693
3327 3930
3328 3352
3328 4025
3328 3690
3329 4029
3330 3834
3330 4377
3332 4858
3333 4673
3333 4633
3334 4487
3334 4919
3335 3874
3336 4553
3336 4060
3338 4247
3338 3740
3338 3915
3339 3755
3339 3501
3340 3771
3340 3616
3341 4449
3343 3449
3343 3633
3344 4397
3344 3592
3345 3893
3345 3476
3346 3954
3347 3687
3348 4176
3348 4035
3349 3986
3350 3978
3351 3514
3352 4818
3353 4311
3353 3805
3354 4991
3354 3369
3355 3437
3356 4840
3357 4068
3357 4798
3357 3606
3358 4820
3358 4057
3359 3764
3359 4613
3359 3449
3360 3436
3361 4483
3362 3731
3362 3386
3364 4327
3364 3991
3365 4740
3366 4705
3366 3517
3367 3502
3367 4241
3367 3820
3368 3851
3372 3672
3373 3489
3374 4344
3374 4371
3375 4944
3375 3890
3376 3969
3376 4470
3377 4729
3378 4954
3379 4049
3380 4374
3380 3909
3381 4922
3381 3972
3382 3670
3382 4842
3383 4202
3384 3873
3384 3605
3384 3721
3385 4787
3386 4964
3386 3496
3387 4145
3387 4610
3388 4254
3388 4110
3389 3906
3390 3856
3390 3589
3392 3953
3392 3426
3392 4851
3394 4977
3395 4656
3395 4070
3397 4742
3398 3528
3398 4080
3398 3458
3400 4178
3400 4824
3401 4048
3401 3787
3402 4424
3402 3536
3403 3596
3404 4832
3404 4800
3405 3711
3405 3517
3405 4788
3406 4214
3406 3612
3407 4563
3407 4489
3407 4922
3409 4856
3410 4525
3410 4208
3411 3679
3412 4222
3412 4774
3412 4790
3413 4419
3413 4429
3415 3827
3415 4423
3416 3537
3416 4332
3416 4126
3417 3450
3417 4622
3417 3817
3418 4411
3419 3632
3419 4239
3420 3630
3421 4506
3422 4326
3424 4859
3424 4722
3425 4660
3425 4987
3426 4525
3427 4445
3429 3845
3430 3906
3431 4027
3431 4435
3432 4653
3432 3762
3433 4868
3433 3774
3434 4438
3435 4575
3437 4294
3437 3794
3438 3558
3440 3870
3440 4652
3440 3539
3441 4489
3441 4484
3442 4200
3443 3881
3443 4732
3444 4089
3444 4291
3445 4794
3445 4937
3446 4466
3446 3695
3446 4292
3447 3670
3447 3996
3448 4643
3451 4885
3451 4775
3451 4893
3452 4572
3453 4458
3456 4282
3456 3560
3458 4986
3459 4722
3459 4231
3460 3520
3461 4995
3461 3619
3462 3534
3462 4881
3463 4257
3463 4689
3463 4935
3464 3688
3464 4123
3465 4538
3465 3819
3465 4495
3466 4068
3468 4535
3469 3986
3471 3989
3472 3935
3474 4142
3475 4548
3476 4169
3477 4458
3480 4646
3480 3532
3481 4152
3481 4506
3482 3711
3482 4899
3483 3657
3485 3903
3486 4051
3488 4077
3490 3719
3490 3544
3491 3617
3492 4318
3492 4075
3494 4427
3494 4501
3495 3808
3495 4960
3497 4216
3497 4823
3497 4744
3498 4971
3498 3831
3498 4980
3499 3563
3500 4692
3500 4668
3500 3735
3503 4461
3503 4283
3504 4783
3505 3706
3507 4450
3508 4573
3509 4864
3509 4566
3510 4973
3512 3702
3513 4926
3513 4469
3515 4545
3515 4466
3516 4924
3516 3543
3516 4581
3517 3754
3518 4671
3522 4044
3523 4082
3523 3831
3524 4602
3525 4482
3526 3988
3526 4167
3527 3636
3527 3761
3529 4520
3530 4085
3530 4930
3531 4554
3532 3650
3534 4625
3534 4956
3537 4677
3537 4914
3538 3761
3538 3803
3539 3777
3540 4836
3540 4214
3542 4426
3546 4391
3546 4233
3547 4459
3549 3761
3549 4640
3550 4656
3551 4707
3551 3965
3551 3877
3553 4943
3553 3564
3553 4245
3554 4232
3554 4035
3555 4846
3556 4496
3556 4119
3558 4483
3559 3762
3561 4706
3561 3836
3562 4188
3565 4611
3565 3799
3566 4219
3567 4261
3569 3971
3570 3571
3570 4492
3570 4989
3572 4295
3572 4753
3573 4382
3573 3606
3573 4397
3574 3668
3575 4863
3575 4651
3575 3823
3576 4066
3576 4632
3577 4109
3577 4172
3579 4312
3579 4349
3579 4083
3580 4078
3581 4852
3581 4651
3581 4082
3581 4985
3583 4963
3584 4594
3586 4879
3588 4979
3588 4128
3589 3598
3590 4756
3590 4769
3590 3820
3591 3658
3592 3785
3594 4244
3595 4021
3595 4724
3596 3963
3596 4990
3597 4004
3597 4857
3597 3673
3598 3744
3599 4883
3599 4519
3599 4115
3600 4976
3600 3775
3601 4550
3603 4601
3603 4066
3604 4889
3606 3987
3606 3813
3607 4917
3607 4237
3607 3759
3608 4295
3609 4155
3609 3701
3610 3923
3610 4520
3611 4030
3614 3648
3616 4725
3617 3955
3618 3963
3618 4122
3618 4687
3619 3943
3619 4031
3621 4112
3622 4402
3623 4140
3624 3878
3625 4684
3626 4764
3626 4191
3626 4173
3629 4269
3630 4084
3633 4694
3634 3813
3635 4911
3635 4662
3636 4482
3637 4098
3638 3888
3638 4683
3639 3723
3640 4363
3640 3683
3641 3708
3643 4614
3645 4135
3645 4255
3647 4819
3647 4198
3647 4132
3648 4277
3648 3997
3649 4416
3650 4961
3651 4900
3651 4209
3652 4118
3653 3871
3654 3845
3654 4276
3654 4687
3655 3806
3656 4646
3656 4005
3658 3861
3658 4002
3659 4076
3659 3796
3660 3736
3660 4976
3661 3760
3661 4938
3662 4890
3663 4958
3664 4359
3665 4011
3665 4955
3667 3946
3668 4431
3669 4028
3669 4874
3671 4986
3671 4669
3671 3989
3672 3726
3674 3814
3675 4273
3676 4092
3679 4971
3680 3845
3680 4700
3681 4604
3682 4607
3682 4972
3682 4417
3683 4981
3685 3805
3685 4474
3685 4378
3687 4299
3687 4047
3688 4914
3688 3988
3691 4645
3692 3727
3695 4780
3695 4289
3696 3711
3698 4920
3700 4755
3701 3794
3703 4168
3704 4252
3704 4476
3705 4133
3705 4584
3706 4011
3707 4608
3707 4042
3707 4517
3710 3927
3710 4874
3712 3985
3713 3766
3714 4981
3715 4770
3717 4743
3717 4628
3717 4798
3720 4147
3721 4256
3723 4758
3723 4849
3725 4310
3725 4726
3725 4604
3727 4653
3727 4398
3730 4643
3730 4110
3730 3746
3731 4947
3731 4854
3732 4583
3732 3826
3733 4456
3733 4113
3734 4611
3735 4375
3738 4935
3738 4932
3740 4645
3742 4449
3743 4320
3744 4322
3745 3917
3745 4255
3747 3797
3747 4177
3748 4642
3748 4779
3750 3776
3750 4198
3751 4587
3751 4942
3752 4348
3752 4453
3755 4495
3756 4137
3756 4273
3757 4748
3757 4538
3758 4934
3759 4127
3759 4029
3760 3768
3761 4537
3767 4225
3769 4469
3770 3997
3770 4379
3771 4831
3772 3931
3773 4117
3775 4315
3776 4191
3780 4641
3780 3904
3781 4418
3783 4934
3784 4170
3785 4711
3786 4106
3786 4188
3786 4757
3787 4310
3789 4587
3792 4521
3792 4314
3793 4456
3794 3906
3795 3890
3802 3838
3802 4676
3803 4074
3805 3985
3807 4510
3807 4017
3807 4828
3809 4714
3810 4722
3811 4096
3811 4822
3812 3900
3812 4828
3815 4272
3816 4853
3816 4967
3816 4729
3817 4405
3820 4364
3821 3927
3824 3899
3824 3861
3825 4403
3826 3923
3827 4530
3828 4218
3828 3888
3829 4444
3829 4089
3830 4538
3830 4232
3831 4700
3832 4065
3832 4338
3833 4829
3833 3974
3836 4846
3837 4576
3837 4434
3838 4252
3838 3880
3840 4242
3843 4389
3843 4136
3844 4325
3844 4527
3847 3903
3848 4862
3848 4304
3849 4339
3849 3889
3850 4299
3850 4670
3851 4201
3851 4044
3854 4889
3854 4495
3855 4096
3855 4238
3858 4592
3858 4639
3859 4234
3859 4634
3860 4057
3864 4622
3865 4721
3865 4994
3866 4821
3866 4521
3869 4026
3869 4513
3870 4224
3871 4811
3871 4376
3874 4710
3876 4371
3879 4481
3881 4937
3881 3896
3882 4749
3883 4141
3884 4644
3887 4861
3887 4076
3888 4989
3895 4410
3896 4246
3896 4342
3897 4568
3899 4855
3900 4049
3901 4542
3901 4240
3902 4007
3902 4324
3905 4894
3909 4887
3910 4635
3911 4926
3912 4048
3916 3971
3917 3926
3919 4039
3920 4060
3920 4144
3921 4476
3923 4125
3924 4207
3924 4691
3925 4817
3926 4483
3926 4706
3928 4005
3928 4680
3929 4497
3931 4272
3932 4208
3934 4734
3937 4649
3937 3938
3941 4949
3942 4134
3944 4610
3946 4249
3947 4104
3947 4026
3948 4773
3949 4590
3949 4620
3950 4423
3952 4100
3952 4129
3953 4010
3954 4260
3956 4668
3956 4125
3958 4268
3958 4644
3960 4307
3960 4149
3966 4125
3970 4688
3972 4350
3973 4950
3975 4368
3975 4119
3975 4231
3979 4643
3979 4622
3981 4104
3981 4551
3982 4757
3983 4023
3984 4799
3987 3990
3989 4197
3993 4456
3994 4375
3995 4129
3997 4783
3998 4893
4000 4464
4001 4262
4002 4221
4003 4374
4004 4267
4006 4535
4006 4016
4007 4016
4008 4428
4010 4653
4014 4834
4017 4803
4020 4868
4021 4237
4022 4931
4022 4425
4024 4346
4025 4093
4025 4335
4027 4298
4028 4646
4031 4680
4033 4365
4035 4402
4037 4563
4039 4616
4040 4570
4041 4309
4044 4942
4045 4777
4047 4117
4048 4485
4049 4935
4051 4099
4052 4442
4053 4297
4053 4784
4054 4243
4055 4491
4055 4103
4055 4542
4056 4391
4056 4923
4058 4087
4058 4803
4059 4517
4060 4801
4061 4952
4061 4856
4062 4388
4062 4191
4065 4557
4065 4861
4066 4211
4066 4507
4068 4290
4068 4852
4071 4950
4073 4624
4077 4619
4077 4286
4078 4670
4080 4812
4081 4585
4083 4951
4083 4250
4084 4771
4084 4678
4085 4165
4089 4807
4090 4922
4091 4795
4092 4520
4092 4413
4093 4809
4093 4700
4094 4969
4094 4490
4095 4447
4097 4892
4100 4199
4101 4453
4102 4222
4103 4395
4104 4220
4105 4507
4105 4313
4108 4270
4108 4545
4109 4489
4111 4134
4111 4985
4116 4343
4123 4705
4123 4143
4126 4443
4127 4874
4131 4946
4132 4725
4139 4336
4141 4499
4142 4571
4143 4270
4145 4283
4146 4810
4147 4470
4148 4588
4149 4526
4153 4794
4154 4323
4157 4541
4157 4215
4157 4967
4158 4549
4159 4752
4163 4285
4163 4665
4163 4585
4164 4647
4166 4234
4168 4728
4169 4394
4169 4849
4171 4354
4173 4205
4175 4432
4176 4727
4178 4436
4180 4627
4185 4528
4186 4516
4187 4910
4190 4591
4191 4734
4192 4754
4193 4585
4193 4919
4194 4543
4196 4964
4196 4751
4197 4511
4200 4443
4202 4287
4203 4500
4205 4588
4205 4688
4206 4441
4206 4856
4207 4362
4210 4964
4211 4740
4216 4907
4217 4871
4219 4635
4220 4718
4223 4327
4227 4664
4227 4929
4229 4605
4230 4411
4232 4531
4233 4847
4234 4502
4241 4952
4242 4750
4242 4621
4246 4758
4247 4744
4248 4841
4249 4355
4250 4595
4252 4380
4253 4433
4254 4500
4255 4968
4255 4886
4257 4865
4258 4463
4259 4769
4261 4594
4262 4920
4263 4281
4263 4599
4264 4815
4265 4410
4266 4670
4266 4472
4269 4620
4271 4682
4275 4706
4281 4983
4281 4710
4285 4532
4287 4457
4288 4747
4291 4777
4291 4297
4295 4396
4295 4523
4296 4802
4298 4400
4299 4383
4299 4515
4300 4968
4300 4305
4302 4530
4308 4661
4309 4834
4310 4903
4312 4615
4315 4450
4315 4563
4316 4440
4318 4397
4324 4462
4324 4436
4326 4813
4328 4785
4331 4544
4332 4349
4336 4519
4337 4575
4337 4632
4338 4617
4339 4821
4339 4998
4341 4395
4342 4973
4343 4865
4343 4497
4344 4661
4345 4728
4345 4455
4347 4486
4352 4795
4353 4845
4356 4710
4357 4520
4358 4790
4362 4498
4363 4703
4363 4867
4367 4501
4369 4629
4371 4995
4379 4392
4380 4907
4383 4496
4384 4678
4385 4473
4385 4424
4385 4912
4386 4683
4388 4464
4389 4540
4390 4562
4392 4915
4394 4817
4396 4672
4400 4664
4401 4857
4404 4977
4407 4662
4407 4980
4408 4898
4408 4653
4417 4898
4417 4890
4418 4570
4419 4439
4420 4666
4430 4474
4434 4654
4435 4595
4437 4450
4438 4618
4447 4631
4447 4983
4448 4474
4454 4909
4462 4491
4463 4859
4463 4694
4468 4596
4468 4871
4472 4486
4473 4644
4474 4553
4477 4975
4478 4784
4479 4527
4480 4916
4485 4753
4487 4799
4488 4713
4492 4992
4498 4601
4499 4908
4504 4814
4508 4776
4508 4883
4509 4537
4512 4593
4513 4936
4515 4983
4518 4904
4518 4774
4519 4877
4525 4580
4525 4689
4529 4946
4530 4920
4533 4669
4534 4786
4539 4564
4541 4576
4545 4850
4548 4696
4551 4728
4552 4980
4555 4994
4558 4783
4559 4648
4560 4568
4561 4733
4576 4939
4576 4594
4590 4731
4591 4608
4593 4777
4596 4613
4600 4711
4606 4654
4608 4978
4612 4956
4614 4773
4616 4663
4617 4772
4618 4874
4619 4818
4626 4838
4626 4947
4629 4985
4631 4953
4633 4845
4634 4944
4634 4851
4649 4812
4655 4763
4655 4894
4658 4755
4661 4713
4663 4841
4673 4755
4674 4961
4676 4686
4684 4786
4684 4885
4685 4948
4686 4866
4691 4999
4693 4724
4696 4701
4705 4843
4709 4833
4712 4720
4713 4797
4722 4863
4732 4801
4733 4972
4738 4769
4745 4953
4755 4929
4759 4944
4774 4858
4775 4995
4782 4974
4786 4802
4813 4921
4816 4915
4827 4906
4829 4851
4840 4923
4842 4979
4860 4918
4891 4982
4909 4992
4919 4987
4933 4934
4941 4980
