0 1665
0 1664
0 3
0 1663
0 131
0 984
1 2
1 3
1 1665
1 4
2 3
2 4
2 5
2 1665
3 4
3 6
3 1628
4 5
4 6
4 7
5 6
5 7
5 8
5 1097
6 8
6 376
6 238
6 482
7 8
7 9
7 10
8 9
8 10
8 11
9 10
9 11
9 12
10 11
10 12
10 13
10 216
11 13
11 14
11 82
12 13
12 14
12 15
13 14
13 15
13 16
14 15
14 16
14 17
15 16
15 17
15 315
16 17
16 18
16 19
17 18
17 19
17 20
18 19
18 20
18 21
19 20
19 21
19 22
19 1458
19 1365
20 21
20 22
20 23
21 22
21 23
21 24
22 23
22 24
22 25
23 25
23 26
23 1548
24 25
24 27
24 124
24 620
25 26
25 27
25 28
25 1513
26 27
26 29
26 547
27 29
27 30
27 562
28 29
28 30
28 31
29 30
29 31
29 32
30 31
30 32
30 33
31 32
31 33
31 34
32 33
32 34
32 35
32 186
33 34
33 35
33 36
34 35
34 36
34 37
35 36
35 37
35 38
36 37
36 38
36 39
37 38
37 39
37 40
37 1529
38 39
38 40
38 41
39 40
39 41
39 42
39 297
40 41
40 42
40 869
41 42
41 1444
41 457
42 43
42 45
42 1438
42 1172
43 44
43 45
43 46
44 45
44 46
44 47
45 46
45 47
45 357
45 1360
46 48
46 49
46 198
47 50
47 187
47 1283
48 49
48 50
48 51
49 50
49 51
49 52
49 1527
50 51
50 52
50 53
50 167
50 571
51 52
51 53
51 54
52 53
52 54
52 55
53 54
53 55
53 56
54 55
54 56
54 57
54 1524
55 56
55 57
55 58
56 57
56 58
56 59
56 1387
57 58
57 59
57 60
58 59
58 60
58 61
59 60
59 61
59 990
60 61
60 62
60 63
61 62
61 63
61 64
61 915
62 63
62 64
62 65
63 64
63 66
63 473
64 65
64 67
64 783
65 66
65 67
65 68
65 1574
66 67
66 68
66 69
67 68
67 69
67 70
68 70
68 1286
68 901
69 70
69 71
69 72
70 71
70 72
70 73
71 72
71 73
71 74
72 73
72 74
72 75
72 826
72 1649
73 74
73 75
73 76
73 402
74 75
74 76
74 77
75 76
75 77
75 1147
75 409
76 77
76 78
76 79
77 78
77 79
77 80
78 79
78 80
78 81
78 750
79 80
79 81
79 82
80 81
80 82
80 83
81 82
81 83
81 739
82 83
82 84
82 85
83 84
83 86
83 774
84 85
84 86
84 87
85 86
85 87
85 88
86 87
86 88
86 89
87 88
87 89
87 90
88 89
88 90
88 91
89 90
89 91
89 92
90 91
90 92
90 93
90 364
91 92
91 93
91 94
92 93
92 94
92 411
93 94
93 95
93 96
94 95
94 96
94 97
95 96
95 97
95 98
96 97
96 98
96 99
97 98
97 99
97 100
98 99
98 100
98 101
99 100
99 101
99 102
100 101
100 102
100 103
101 102
101 103
101 104
102 103
102 104
102 105
103 105
103 106
103 1177
104 105
104 106
104 107
105 106
105 107
105 108
106 107
106 108
106 109
107 108
107 109
107 110
108 109
108 110
108 111
109 110
109 111
109 112
110 111
110 112
110 113
110 1475
111 112
111 113
111 114
112 113
112 115
112 1003
113 114
113 115
113 116
114 115
114 116
114 117
115 116
115 117
115 118
116 117
116 118
116 119
117 118
117 119
117 120
118 119
118 120
118 121
118 774
119 120
119 122
119 247
120 121
120 123
120 528
121 122
121 123
121 124
122 123
122 124
122 1267
123 124
123 125
123 126
124 125
124 126
124 127
125 126
125 127
125 128
126 127
126 128
126 129
127 128
127 129
127 252
128 130
128 131
128 1201
129 130
129 131
129 1426
130 131
130 132
130 133
131 132
131 133
131 134
132 133
132 135
132 794
132 1023
133 134
133 135
133 136
134 135
134 136
134 315
135 136
135 137
135 138
136 137
136 138
136 139
137 139
137 140
137 644
138 139
138 140
138 141
139 140
139 141
139 142
140 142
140 1216
140 700
141 142
141 143
141 144
141 1113
142 278
142 1570
142 1412
143 144
143 145
143 146
144 145
144 146
144 147
145 146
145 147
145 148
145 1476
146 147
146 148
146 149
146 1648
147 148
147 149
147 561
148 149
148 151
148 445
149 150
149 151
149 152
150 151
150 152
150 153
150 823
151 152
151 153
151 154
151 930
152 154
152 155
152 1523
153 155
153 156
153 740
154 155
154 156
154 157
155 156
155 158
155 1642
156 157
156 158
156 159
157 158
157 159
157 160
158 159
158 160
158 161
159 160
159 161
159 162
160 162
160 163
160 990
161 162
161 163
161 164
162 163
162 164
162 656
163 164
163 165
163 166
163 508
164 165
164 166
164 167
165 166
165 167
165 1036
166 167
166 168
166 177
167 168
167 169
168 169
168 170
168 171
169 170
169 171
169 172
170 171
170 172
170 173
171 172
171 173
171 174
172 173
172 174
172 175
172 1166
173 174
173 175
173 176
173 622
173 942
174 175
174 176
174 177
175 176
175 177
175 178
176 177
176 178
176 179
177 178
177 179
177 180
178 179
178 180
178 181
178 396
179 182
179 809
179 262
180 181
180 182
180 183
181 182
181 183
181 184
182 183
182 184
182 185
182 1621
183 184
183 185
183 186
183 905
184 185
184 186
184 187
185 186
185 187
185 188
186 187
186 189
187 188
187 189
187 190
188 189
188 190
188 191
189 190
189 191
189 192
190 191
190 192
190 193
190 1358
190 1408
191 192
191 193
191 194
192 194
192 195
192 513
193 194
193 195
193 196
193 519
194 195
194 196
194 197
195 196
195 197
195 198
196 197
196 198
196 199
196 1297
197 198
197 200
197 861
197 604
197 905
198 199
198 200
198 201
199 200
199 201
199 202
199 1290
200 201
200 202
200 203
201 202
201 203
201 204
202 203
202 204
202 215
202 689
203 204
203 205
203 206
204 205
204 206
204 207
204 1615
205 206
205 207
205 822
206 207
206 208
206 209
206 1381
207 208
207 209
207 210
208 209
208 210
208 211
209 210
209 211
209 212
210 211
210 213
210 992
210 1044
211 212
211 213
211 214
212 213
212 214
212 215
213 214
213 215
213 951
214 215
214 216
214 217
214 383
214 951
215 216
215 218
215 1634
216 218
216 219
216 612
217 218
217 219
217 220
218 219
218 220
218 221
219 220
219 221
219 222
220 221
220 222
220 223
221 222
221 223
221 224
222 223
222 224
222 225
223 224
223 225
223 226
224 225
224 226
224 227
225 226
225 228
225 1167
226 227
226 228
226 229
227 228
227 229
227 230
228 229
228 230
228 231
228 661
228 621
229 230
229 231
229 232
229 579
230 231
230 232
230 233
231 232
231 233
231 234
232 233
232 234
232 235
233 234
233 235
233 236
234 235
234 236
234 237
234 1590
235 236
235 237
235 1559
236 237
236 238
236 239
237 238
237 239
237 240
237 913
238 239
238 240
238 241
239 240
239 241
239 242
240 241
240 242
240 243
241 242
241 243
241 244
242 243
242 244
242 245
242 534
243 245
243 246
243 281
244 245
244 247
244 1416
245 246
245 247
245 248
246 247
246 248
246 249
247 248
247 249
247 250
248 249
248 251
248 639
249 250
249 251
249 252
250 251
250 252
250 253
250 1581
251 252
251 253
251 254
251 1426
252 253
252 254
252 255
253 254
253 255
253 256
254 255
254 256
254 257
255 256
255 257
255 258
256 257
256 259
256 1498
257 258
257 259
257 260
257 978
258 259
258 260
258 261
259 260
259 261
259 262
260 261
260 262
260 263
261 262
261 263
261 264
261 695
262 264
262 265
262 292
263 264
263 265
263 266
263 960
264 265
264 266
264 267
264 435
265 266
265 268
265 1513
265 1288
266 267
266 268
266 269
267 268
267 269
267 270
268 269
268 270
268 271
269 270
269 271
269 272
270 271
270 272
270 273
271 272
271 273
271 274
272 273
272 274
272 275
272 1605
273 274
273 275
273 276
274 275
274 276
274 277
274 1248
274 1187
274 1073
275 276
275 277
275 278
276 277
276 278
276 279
276 914
277 278
277 279
277 280
277 735
278 279
278 280
278 281
279 280
279 281
279 282
280 281
280 352
280 446
281 282
281 283
281 284
282 283
282 284
282 285
283 284
283 285
283 680
284 286
284 287
284 1025
284 1414
285 286
285 287
285 288
286 287
286 288
286 289
286 1222
287 288
287 289
287 290
288 289
288 290
288 291
289 290
289 291
289 292
290 291
290 292
290 1451
291 292
291 293
291 294
292 293
292 294
292 295
293 294
293 295
293 1567
294 295
294 296
294 297
295 296
295 297
295 298
295 720
296 297
296 298
296 299
297 298
297 299
297 1475
298 299
298 300
298 301
299 300
299 301
299 302
300 301
300 302
300 303
301 302
301 303
301 304
302 303
302 305
302 1564
303 304
303 305
303 306
304 305
304 306
304 307
305 307
305 308
305 321
306 307
306 308
306 309
307 308
307 309
307 310
308 309
308 310
308 311
309 310
309 311
309 821
310 311
310 313
310 713
311 312
311 313
311 314
312 313
312 314
312 315
313 314
313 315
313 316
314 315
314 316
314 317
315 316
315 317
315 318
316 317
316 318
316 319
317 318
317 319
317 320
318 319
318 320
318 321
319 320
319 321
319 322
320 321
320 322
320 323
321 322
321 323
321 324
322 323
322 324
322 325
323 324
323 325
323 326
323 796
324 325
324 326
324 327
325 326
325 327
325 328
325 1586
326 328
326 329
326 511
327 328
327 329
327 330
328 329
328 330
328 331
329 330
329 331
329 849
330 331
330 332
330 390
331 332
331 333
331 878
332 333
332 334
332 335
333 334
333 335
333 336
334 335
334 336
334 337
335 337
335 338
335 460
336 337
336 338
336 339
337 338
337 339
337 340
338 339
338 340
338 341
339 340
339 341
339 342
340 341
340 342
340 343
340 630
341 342
341 343
341 344
341 781
342 345
342 1339
342 844
343 344
343 345
343 346
344 345
344 346
344 347
344 1130
345 346
345 347
345 348
346 347
346 348
346 349
347 348
347 349
347 350
348 349
348 350
348 351
349 352
349 590
349 579
350 351
350 352
350 353
351 353
351 354
351 1250
352 353
352 355
352 1576
352 1592
353 354
353 355
353 356
354 355
354 356
354 357
355 356
355 357
355 358
355 396
356 357
356 358
356 359
357 358
357 360
357 420
357 1386
358 359
358 361
358 773
359 360
359 361
359 362
360 361
360 362
360 363
360 1562
361 362
361 363
361 364
362 364
362 365
362 1653
363 364
363 365
363 366
363 717
364 365
364 367
365 366
365 367
365 368
366 367
366 368
366 369
367 368
367 369
367 370
368 369
368 370
368 371
369 370
369 371
369 372
370 371
370 372
370 373
370 775
371 372
371 373
371 374
372 373
372 374
372 375
373 374
373 375
373 376
374 375
374 376
374 377
375 376
375 377
375 378
376 377
376 378
376 379
377 378
377 379
377 380
378 379
378 380
378 381
378 880
379 380
379 381
379 382
380 381
380 1323
380 1083
381 382
381 383
381 384
382 383
382 384
382 385
382 892
383 385
383 386
384 385
384 386
384 387
385 386
385 387
385 388
385 897
386 387
386 388
386 389
387 390
387 1080
387 1270
388 389
388 390
388 391
388 1606
389 391
389 392
389 1185
390 391
390 392
390 393
390 860
391 392
391 393
391 394
392 393
392 394
392 395
393 394
393 395
393 396
394 395
394 396
394 397
395 396
395 397
395 398
396 671
396 1240
397 398
397 399
397 400
398 399
398 400
398 401
399 400
399 401
399 402
400 401
400 402
400 403
401 402
401 403
401 404
402 403
402 405
403 404
403 405
403 406
403 626
403 761
404 405
404 406
404 407
405 406
405 407
405 408
406 407
406 408
406 409
406 1507
407 408
407 410
407 1245
407 984
408 409
408 410
408 411
409 410
409 411
409 412
409 620
410 411
410 412
410 413
411 412
411 413
411 414
411 631
412 413
412 414
412 962
413 414
413 416
413 1305
414 415
414 416
414 417
415 416
415 417
415 418
416 417
416 418
416 419
417 419
417 1145
417 938
417 480
418 419
418 420
418 421
418 1466
419 421
419 422
419 1390
420 421
420 422
420 423
421 422
421 423
421 424
422 423
422 424
422 425
423 424
423 425
423 426
424 425
424 427
424 1592
424 900
425 426
425 427
425 428
426 427
426 428
426 429
427 428
427 429
427 430
428 429
428 430
428 431
429 430
429 431
429 432
429 903
429 703
430 431
430 432
430 1602
431 432
431 433
431 434
432 433
432 434
432 435
433 434
433 436
433 1526
434 435
434 436
434 437
435 437
435 438
436 437
436 438
436 439
437 438
437 439
437 440
438 439
438 440
438 441
439 440
439 441
439 442
440 441
440 442
440 443
441 442
441 443
441 444
441 1024
441 1228
442 443
442 444
442 445
442 1025
443 444
443 445
443 446
444 445
444 446
444 447
445 446
445 447
445 448
446 447
446 448
446 449
447 448
447 449
447 450
447 1545
448 449
448 450
448 451
449 450
449 451
449 452
450 451
450 452
450 453
451 452
451 453
451 454
451 1585
452 453
452 454
452 455
453 454
453 455
453 456
454 455
454 456
454 457
455 456
455 457
455 458
455 886
456 457
456 458
456 459
457 458
457 459
457 460
458 460
458 461
458 1606
459 460
459 461
459 462
460 461
460 462
460 463
461 462
461 463
461 464
462 463
462 464
462 465
463 464
463 465
463 466
464 465
464 466
464 467
465 466
465 467
465 468
465 1484
466 467
466 468
466 469
467 468
467 469
467 470
468 470
468 1468
468 692
469 470
469 471
469 472
470 471
470 472
470 473
471 473
471 474
471 1295
472 473
472 475
472 1320
473 474
473 475
473 476
473 1143
473 1183
474 475
474 476
474 477
475 476
475 477
475 478
476 477
476 479
476 518
477 478
477 480
477 558
478 479
478 480
478 481
478 1494
479 480
479 481
479 482
480 481
480 482
480 483
481 482
481 483
481 484
482 483
482 484
483 484
483 485
483 486
484 485
484 486
484 487
485 486
485 487
485 488
486 488
486 489
486 1104
487 488
487 489
487 490
488 489
488 490
488 491
489 490
489 491
489 492
490 491
490 492
490 493
491 492
491 493
491 1261
492 493
492 494
492 495
493 494
493 495
493 496
494 495
494 496
494 497
495 496
495 497
495 563
496 497
496 498
496 499
497 498
497 499
497 500
498 499
498 500
498 1158
499 500
499 501
499 502
499 991
500 501
500 502
500 503
501 502
501 503
501 504
502 503
502 504
502 505
503 504
503 505
503 506
504 505
504 507
504 553
505 506
505 507
505 508
506 507
506 508
506 509
507 508
507 509
507 510
507 1314
508 509
508 511
509 510
509 511
509 512
509 1659
510 511
510 513
510 1289
511 513
511 514
511 1008
512 513
512 514
512 515
513 514
513 515
513 516
513 748
514 515
514 516
514 517
515 517
515 518
515 1406
516 517
516 518
516 519
516 1002
517 518
517 519
517 520
518 519
518 520
518 521
519 521
519 522
520 521
520 523
520 794
521 522
521 523
521 524
522 523
522 524
522 1258
523 524
523 525
523 526
524 525
524 526
524 527
525 526
525 527
525 528
526 527
526 528
526 529
527 528
527 529
527 530
528 529
528 530
528 531
528 680
529 530
529 531
529 532
530 531
530 532
530 533
531 532
531 533
531 534
532 533
532 535
532 941
532 736
533 534
533 535
533 536
533 669
534 536
534 537
534 1630
535 536
535 537
535 538
535 1101
536 537
536 539
536 1302
537 538
537 539
537 769
537 983
538 539
538 540
538 837
539 540
539 541
539 542
540 541
540 542
540 543
541 542
541 543
541 544
542 543
542 544
542 545
543 544
543 545
543 546
544 545
544 546
544 547
545 546
545 547
545 548
546 547
546 548
546 549
547 548
547 549
547 550
548 549
548 550
548 551
549 550
549 551
549 552
550 551
550 552
550 553
551 552
551 553
551 554
552 554
552 555
552 1039
553 554
553 555
553 556
554 555
554 556
554 557
555 556
555 558
555 1615
556 559
556 985
556 1513
557 558
557 559
557 560
558 559
558 560
558 561
559 560
559 561
559 562
559 1039
560 561
560 562
560 563
561 562
561 563
561 564
562 563
562 564
562 565
562 763
563 564
563 565
563 566
564 565
564 566
564 567
565 566
565 567
565 1077
566 567
566 568
566 569
566 932
566 1018
566 1085
567 568
567 999
567 1073
568 569
568 570
568 571
569 570
569 571
569 572
570 571
570 572
570 573
571 573
571 857
572 573
572 574
572 575
573 574
573 575
573 576
573 1580
573 599
574 575
574 576
574 577
575 576
575 577
575 578
576 577
576 578
576 1629
577 579
577 580
577 870
578 579
578 580
578 581
578 1285
579 582
579 736
580 581
580 582
580 583
580 862
581 582
581 583
581 584
582 583
582 584
582 585
583 584
583 585
583 586
584 585
584 1416
584 1209
585 587
585 588
585 1117
586 587
586 588
586 589
587 588
587 589
587 590
588 589
588 590
588 591
589 590
589 591
589 592
590 591
590 592
590 593
591 592
591 593
591 594
592 593
592 594
592 595
593 594
593 595
593 596
593 1244
594 595
594 596
594 597
595 596
595 597
595 598
596 597
596 598
596 599
596 740
597 598
597 599
597 1427
598 599
598 600
598 601
599 600
599 867
600 601
600 602
600 603
600 636
601 603
601 604
601 1053
602 603
602 605
602 969
603 605
603 606
603 1385
604 605
604 606
605 606
605 607
605 608
606 607
606 608
606 609
606 1654
607 608
607 609
607 610
607 1326
608 609
608 611
608 1454
609 610
609 611
609 941
610 611
610 612
610 613
611 612
611 613
611 614
612 613
612 614
613 614
613 615
613 616
614 615
614 616
614 617
615 616
615 617
615 618
616 617
616 618
616 619
616 1094
616 1431
617 618
617 619
617 620
618 619
618 620
618 621
619 620
619 621
619 622
619 1505
620 622
621 622
621 624
622 625
622 1002
623 624
623 625
623 626
623 1005
623 1460
624 625
624 626
624 627
625 626
625 627
625 628
626 628
626 629
627 628
627 629
627 630
628 629
628 630
628 631
629 630
629 631
629 632
630 631
630 632
631 632
631 633
632 633
632 634
632 635
632 783
633 635
633 636
633 710
634 635
634 636
634 637
635 636
635 637
635 1645
636 637
636 1380
636 1441
637 638
637 639
637 640
637 1196
638 639
638 640
638 641
638 1252
639 640
639 641
639 642
640 641
640 642
640 643
641 642
641 643
641 644
642 643
642 644
642 645
643 644
643 645
643 646
644 645
644 646
644 647
645 646
645 647
645 648
646 647
646 648
646 649
647 648
647 649
647 765
647 1540
648 649
648 650
648 651
649 650
649 651
649 1459
649 1635
650 651
650 652
650 653
651 652
651 653
651 654
652 653
652 654
652 655
653 654
653 655
653 656
653 1196
654 655
654 656
654 657
655 656
655 657
655 1438
656 657
656 658
656 659
657 658
657 659
657 660
658 661
658 1193
658 1535
659 660
659 661
659 662
660 661
660 662
660 663
661 663
661 664
662 663
662 664
662 665
663 664
663 665
663 666
663 1607
664 665
664 666
664 667
664 1515
665 666
665 667
665 668
666 667
666 668
666 669
667 668
667 669
667 670
667 1217
668 669
668 670
668 671
669 671
669 1048
670 671
670 672
670 673
671 672
671 673
671 674
672 673
672 674
672 675
673 675
673 676
673 1386
673 1310
674 675
674 676
674 677
675 676
675 677
675 678
676 677
676 678
676 679
676 1007
677 678
677 679
677 680
678 679
678 680
678 681
678 1000
679 680
679 681
679 682
680 682
680 1589
681 682
681 683
681 684
682 684
682 685
682 761
683 684
683 685
683 1289
684 685
684 686
684 687
685 686
685 687
685 688
686 687
686 688
686 689
687 688
687 689
687 690
688 689
688 690
688 691
689 690
689 691
689 692
690 691
690 692
690 1112
691 692
691 693
691 694
692 693
692 694
692 695
693 694
693 695
693 696
694 695
694 696
694 697
694 1442
695 696
695 697
696 697
696 698
696 699
697 698
697 699
697 738
698 699
698 700
698 701
699 700
699 701
699 702
699 1247
700 701
700 702
700 703
701 702
701 703
701 704
702 703
702 704
702 705
703 704
703 706
704 705
704 706
704 707
705 706
705 707
705 708
706 707
706 708
706 709
707 708
707 709
707 710
708 709
708 710
708 711
709 710
709 711
709 712
710 712
710 713
710 1152
711 712
711 713
711 714
712 713
712 714
712 715
713 714
713 715
713 716
714 715
714 716
714 717
715 716
715 717
715 718
716 717
716 718
716 719
716 1457
717 718
717 719
718 719
718 720
718 721
719 721
719 722
719 958
720 723
720 1153
721 723
721 724
721 1641
722 723
722 724
722 725
723 724
723 725
723 726
724 725
724 726
724 727
725 726
725 727
725 728
726 727
726 728
726 729
727 728
727 729
727 730
728 729
728 730
728 731
729 730
729 731
729 732
729 842
730 731
730 732
730 733
731 732
731 733
731 734
731 1100
732 733
732 734
732 735
732 832
733 734
733 735
733 736
734 735
734 736
734 737
735 736
735 738
736 737
736 739
737 738
737 739
737 740
738 739
738 740
738 741
739 740
739 741
739 742
740 741
740 743
741 742
741 743
741 744
742 743
742 744
742 745
742 1032
743 744
743 745
743 746
744 745
744 746
744 747
745 746
745 747
745 748
745 1614
746 747
746 748
746 749
746 1504
747 748
747 749
747 750
748 749
748 751
749 750
749 751
749 752
750 751
750 753
751 752
751 753
751 754
752 753
752 754
752 755
753 754
753 755
753 756
754 755
754 756
754 757
755 756
755 757
755 758
756 757
756 758
756 759
757 758
757 759
757 760
758 759
758 760
758 761
759 760
759 761
759 762
760 761
760 762
760 763
761 762
761 764
762 763
762 764
762 765
762 1495
763 764
763 765
764 765
764 766
764 767
765 767
765 768
765 1101
766 767
766 768
766 769
767 768
767 769
767 770
768 769
768 770
768 771
769 770
769 772
770 771
770 772
770 773
771 772
771 773
771 774
771 1076
772 773
772 774
772 775
773 774
773 775
773 776
774 775
774 777
775 777
775 1505
776 777
776 778
776 779
777 778
777 780
777 1405
778 779
778 780
778 781
779 780
779 781
779 782
780 781
780 783
780 1514
781 782
781 783
782 783
782 784
782 785
782 1116
783 785
783 786
784 785
784 786
784 787
785 786
785 787
785 788
785 986
786 787
786 788
786 789
787 788
787 789
787 937
788 789
788 790
788 791
789 790
789 791
789 792
790 791
790 792
790 793
790 1459
791 792
791 793
791 794
792 793
792 794
792 795
793 794
793 795
793 1060
794 795
794 889
794 1464
794 910
795 796
795 797
795 798
796 797
796 799
797 799
797 800
797 1131
798 799
798 800
798 801
798 898
799 800
799 801
799 802
799 1383
800 801
800 802
800 803
800 1134
801 802
801 803
801 804
802 803
802 804
802 805
803 804
803 805
803 806
804 805
804 806
804 807
805 806
805 807
805 808
805 1513
806 807
806 808
806 809
806 1114
807 808
807 809
807 810
808 809
808 810
808 811
809 810
809 811
809 812
810 811
810 812
810 813
810 1120
811 812
811 813
811 814
812 813
812 814
812 815
813 814
813 815
813 816
814 815
814 816
814 817
815 816
815 817
815 818
816 818
816 819
816 1471
817 818
817 819
817 820
818 819
818 820
818 821
818 944
819 820
819 821
819 822
820 821
820 822
820 823
821 823
821 824
821 965
822 823
822 824
822 825
823 825
823 826
824 825
824 826
824 827
825 826
825 827
825 828
826 827
826 829
827 828
827 829
827 830
828 829
828 830
828 831
829 830
829 831
829 832
830 831
830 832
830 833
831 832
831 833
831 1551
832 834
832 835
833 834
833 835
833 836
834 835
834 836
834 1559
835 836
835 837
835 838
836 837
836 838
836 839
837 838
837 839
837 840
838 839
838 840
838 841
838 1275
839 840
839 841
839 842
840 841
840 842
840 843
841 842
841 843
841 844
841 1582
842 843
842 845
843 844
843 845
843 846
844 846
844 847
844 871
845 846
845 847
845 848
846 847
846 848
846 849
847 848
847 849
847 850
848 850
848 851
848 1093
849 850
849 851
849 852
850 851
850 852
850 853
851 852
851 853
851 854
852 853
852 854
852 855
853 854
853 855
853 856
854 855
854 856
854 857
855 856
855 857
855 858
856 857
856 858
856 859
857 858
857 859
857 860
858 859
858 860
858 861
859 860
859 861
859 862
860 861
860 863
860 1198
861 862
861 863
861 864
862 863
862 889
863 864
863 865
863 866
864 865
864 866
864 867
864 1623
865 866
865 867
865 868
866 867
866 869
866 1313
867 868
867 869
867 870
868 869
868 871
868 1335
869 870
869 871
869 872
870 871
870 872
870 873
871 872
871 874
871 1287
871 1368
872 873
872 874
872 875
873 874
873 875
873 876
874 875
874 876
874 877
875 876
875 877
875 878
876 877
876 878
876 1454
876 1086
877 878
877 879
877 880
878 879
878 880
878 881
879 880
879 881
879 882
880 881
880 882
881 882
881 883
881 884
882 883
882 884
882 885
883 884
883 885
883 946
884 885
884 886
884 887
885 886
885 887
885 888
886 888
886 1111
887 889
887 890
887 1371
888 889
888 890
888 891
888 1209
889 890
889 891
889 892
890 891
890 892
890 893
890 1209
891 892
891 893
891 894
892 894
892 895
892 1540
893 894
893 895
893 896
894 895
894 896
894 897
895 896
895 897
895 898
896 897
896 898
896 899
897 899
897 900
898 900
898 901
899 900
899 901
899 902
900 901
900 902
900 1654
901 902
901 903
901 904
902 903
902 905
902 1056
903 905
903 906
904 905
904 906
904 907
905 906
906 908
906 909
906 1570
907 908
907 909
907 910
908 909
908 910
908 911
909 910
909 911
909 1076
910 911
910 912
910 913
911 912
911 913
911 914
911 1600
912 913
912 914
912 915
913 915
913 916
913 1031
914 915
914 916
915 917
915 918
916 917
916 918
916 919
917 918
917 919
917 920
918 919
918 920
918 921
918 942
919 920
919 921
919 922
920 922
920 923
920 1300
921 923
921 924
921 1618
922 923
922 924
922 925
923 924
923 925
923 926
924 925
924 926
924 927
925 926
925 927
925 928
926 927
926 928
926 929
927 928
927 929
927 930
928 929
928 930
928 931
929 930
929 931
929 932
930 931
930 933
931 932
931 933
931 934
932 934
932 935
933 934
933 935
933 936
934 935
934 936
934 937
935 936
935 937
935 938
936 937
936 938
936 939
937 938
937 940
937 989
938 939
938 941
939 940
939 941
939 942
939 1136
940 942
940 943
940 1143
941 942
941 943
941 944
942 944
943 944
943 945
943 946
943 1226
944 946
944 947
945 946
945 947
945 948
946 947
946 948
946 949
947 948
947 949
947 950
948 949
948 950
948 951
949 951
949 952
949 1338
950 951
950 952
950 953
951 953
951 954
952 953
952 954
952 955
953 954
953 955
953 956
954 955
954 956
954 957
955 956
955 957
955 958
955 1170
956 957
956 958
956 1094
957 958
957 959
957 960
957 1187
958 959
958 960
958 961
959 961
959 962
959 1287
959 1410
960 962
960 963
961 963
961 964
961 1332
962 963
962 964
962 965
963 964
963 965
963 966
964 965
964 966
964 967
965 966
965 967
965 968
966 967
966 968
966 969
967 968
967 970
967 1253
968 969
968 970
968 971
968 1440
969 970
969 971
969 972
969 1249
970 971
970 972
970 973
971 972
971 973
971 974
972 973
972 975
972 1572
973 974
973 975
973 976
974 975
974 976
974 977
975 976
975 977
975 978
976 977
976 978
976 979
977 978
977 979
977 980
978 980
978 981
979 980
979 981
979 982
980 981
980 982
980 983
981 982
981 983
981 984
982 983
982 984
982 985
983 984
983 985
983 986
984 985
984 986
984 987
985 986
985 987
985 988
986 987
986 988
987 988
987 989
987 990
988 989
988 990
988 991
989 990
989 991
989 992
990 991
990 992
990 993
991 992
991 993
992 993
992 994
992 995
993 994
993 995
993 996
994 995
994 996
994 997
995 996
995 997
995 998
996 997
996 998
996 999
997 998
997 999
997 1000
998 999
998 1000
998 1001
999 1000
999 1001
999 1002
999 1271
1000 1001
1000 1002
1001 1002
1001 1003
1001 1004
1002 1004
1002 1005
1002 1578
1003 1004
1003 1005
1003 1006
1004 1005
1004 1006
1004 1007
1005 1007
1005 1008
1005 1103
1006 1007
1006 1008
1006 1009
1007 1008
1007 1664
1008 1009
1008 1010
1008 1011
1009 1010
1009 1011
1009 1012
1010 1011
1010 1012
1010 1013
1011 1012
1011 1013
1011 1014
1012 1014
1012 1015
1012 1316
1013 1014
1013 1015
1013 1016
1014 1015
1014 1016
1014 1353
1015 1016
1015 1017
1015 1018
1016 1017
1016 1018
1016 1019
1017 1018
1017 1019
1017 1020
1018 1019
1018 1021
1019 1020
1019 1021
1019 1413
1020 1021
1020 1022
1020 1023
1021 1022
1021 1023
1021 1024
1021 1598
1022 1023
1022 1024
1022 1025
1023 1024
1023 1025
1024 1026
1024 1027
1025 1026
1025 1027
1026 1027
1026 1028
1026 1029
1027 1028
1027 1029
1027 1030
1027 1293
1028 1029
1028 1031
1028 1305
1029 1031
1029 1032
1029 1429
1029 1486
1030 1031
1030 1032
1030 1033
1031 1032
1031 1033
1032 1033
1032 1035
1033 1034
1033 1035
1033 1036
1034 1035
1034 1036
1034 1037
1035 1036
1035 1037
1035 1038
1036 1037
1036 1038
1036 1039
1037 1039
1037 1040
1037 1363
1038 1039
1038 1040
1038 1041
1039 1040
1039 1041
1040 1041
1040 1042
1040 1043
1040 1624
1041 1042
1041 1043
1041 1044
1042 1043
1042 1044
1042 1045
1043 1045
1043 1046
1043 1065
1044 1045
1044 1047
1045 1046
1045 1047
1045 1048
1046 1047
1046 1048
1046 1049
1046 1644
1047 1048
1047 1049
1047 1050
1048 1049
1048 1050
1048 1051
1048 1587
1049 1050
1049 1051
1049 1104
1050 1052
1050 1543
1050 1239
1050 1542
1051 1052
1051 1053
1051 1054
1052 1053
1052 1054
1052 1055
1053 1054
1053 1055
1053 1056
1054 1055
1054 1056
1054 1057
1054 1321
1055 1056
1055 1057
1055 1058
1056 1057
1056 1058
1056 1059
1057 1058
1057 1059
1057 1060
1057 1340
1058 1059
1058 1060
1058 1061
1059 1060
1059 1061
1059 1062
1060 1061
1060 1063
1060 1287
1061 1062
1061 1063
1061 1357
1062 1063
1062 1064
1062 1065
1063 1065
1063 1066
1063 1139
1063 1608
1064 1065
1064 1066
1064 1067
1064 1652
1064 1563
1065 1066
1065 1067
1065 1068
1066 1067
1066 1068
1066 1069
1067 1068
1067 1069
1067 1070
1068 1069
1068 1070
1068 1071
1069 1070
1069 1071
1069 1072
1070 1071
1070 1072
1070 1073
1071 1072
1071 1073
1071 1074
1072 1073
1072 1074
1072 1075
1072 1120
1073 1074
1073 1075
1074 1075
1074 1076
1074 1077
1075 1076
1075 1077
1075 1078
1075 1535
1076 1078
1076 1079
1076 1564
1077 1078
1077 1079
1077 1080
1078 1079
1078 1080
1078 1081
1079 1080
1079 1081
1079 1082
1080 1081
1080 1082
1080 1083
1081 1082
1081 1083
1081 1084
1082 1083
1082 1085
1082 1649
1083 1084
1083 1085
1083 1086
1084 1085
1084 1086
1084 1087
1085 1086
1085 1088
1086 1087
1086 1088
1087 1088
1087 1089
1087 1090
1088 1089
1088 1090
1088 1091
1088 1644
1089 1090
1089 1091
1089 1092
1090 1091
1090 1092
1090 1093
1090 1210
1091 1092
1091 1093
1091 1165
1092 1093
1092 1094
1092 1095
1093 1094
1093 1095
1093 1096
1094 1096
1094 1097
1095 1096
1095 1097
1095 1098
1096 1097
1096 1099
1096 1334
1097 1098
1097 1099
1097 1127
1098 1099
1098 1100
1098 1101
1099 1100
1099 1101
1099 1102
1100 1101
1100 1103
1101 1104
1102 1103
1102 1104
1102 1105
1103 1104
1103 1106
1104 1105
1104 1106
1104 1107
1105 1106
1105 1107
1105 1108
1106 1107
1106 1108
1106 1109
1107 1108
1107 1109
1107 1110
1108 1109
1108 1111
1108 1496
1109 1110
1109 1111
1109 1112
1110 1111
1110 1112
1110 1113
1111 1112
1111 1113
1111 1114
1112 1113
1112 1114
1112 1115
1113 1115
1113 1116
1114 1115
1114 1116
1115 1116
1115 1117
1115 1118
1116 1117
1116 1119
1117 1118
1117 1120
1117 1321
1118 1119
1118 1120
1118 1121
1119 1120
1119 1121
1119 1122
1120 1123
1121 1122
1121 1123
1121 1124
1122 1124
1122 1125
1122 1332
1123 1124
1123 1125
1123 1126
1124 1125
1124 1126
1124 1127
1125 1126
1125 1127
1125 1128
1126 1127
1126 1128
1126 1129
1127 1129
1127 1130
1128 1129
1128 1130
1128 1131
1129 1130
1129 1131
1129 1132
1130 1131
1130 1132
1131 1132
1131 1133
1131 1134
1132 1133
1132 1134
1132 1135
1133 1134
1133 1135
1133 1136
1134 1135
1134 1136
1135 1136
1135 1137
1135 1138
1136 1137
1136 1138
1137 1138
1137 1139
1137 1140
1137 1568
1138 1139
1138 1140
1138 1141
1139 1140
1139 1141
1139 1142
1140 1141
1140 1142
1140 1143
1141 1142
1141 1143
1141 1144
1142 1143
1142 1144
1142 1145
1143 1145
1143 1146
1144 1145
1144 1146
1144 1147
1145 1146
1145 1147
1145 1148
1146 1147
1146 1148
1146 1149
1146 1158
1147 1149
1147 1150
1148 1149
1148 1150
1148 1151
1149 1150
1149 1151
1149 1152
1150 1151
1150 1152
1150 1153
1151 1152
1151 1153
1151 1154
1152 1153
1152 1154
1152 1155
1153 1154
1153 1155
1153 1156
1154 1156
1154 1157
1154 1639
1155 1156
1155 1157
1155 1158
1156 1157
1156 1158
1156 1159
1157 1158
1157 1160
1157 1632
1158 1159
1158 1160
1159 1160
1159 1161
1159 1162
1159 1592
1160 1161
1160 1162
1160 1163
1161 1162
1161 1163
1161 1164
1161 1178
1162 1163
1162 1164
1162 1165
1163 1164
1163 1165
1163 1166
1164 1165
1164 1166
1164 1411
1165 1166
1165 1167
1165 1168
1166 1167
1166 1168
1167 1168
1167 1169
1167 1644
1168 1169
1168 1170
1168 1171
1169 1170
1169 1171
1169 1172
1170 1172
1170 1173
1171 1172
1171 1173
1171 1174
1171 1250
1172 1173
1172 1175
1173 1174
1173 1175
1173 1176
1174 1175
1174 1176
1174 1177
1175 1176
1175 1177
1175 1178
1176 1177
1176 1178
1176 1179
1177 1178
1177 1179
1177 1180
1177 1449
1178 1179
1178 1181
1179 1180
1179 1181
1179 1182
1180 1181
1180 1182
1180 1437
1181 1182
1181 1183
1181 1184
1182 1183
1182 1184
1182 1185
1183 1184
1183 1185
1184 1185
1184 1186
1184 1187
1184 1395
1185 1186
1185 1187
1185 1188
1186 1187
1186 1188
1186 1189
1187 1188
1188 1189
1188 1190
1188 1191
1189 1190
1189 1191
1189 1192
1190 1191
1190 1192
1190 1193
1191 1192
1191 1193
1191 1194
1192 1193
1192 1194
1192 1195
1193 1194
1193 1195
1193 1196
1194 1195
1194 1196
1194 1197
1195 1196
1195 1197
1195 1198
1196 1360
1196 1254
1197 1199
1197 1200
1197 1248
1198 1199
1198 1200
1199 1200
1199 1201
1199 1202
1200 1201
1200 1202
1200 1203
1201 1203
1201 1204
1201 1233
1202 1203
1202 1204
1202 1205
1203 1204
1203 1205
1203 1206
1204 1206
1204 1207
1204 1304
1205 1206
1205 1207
1205 1208
1206 1207
1206 1208
1206 1278
1207 1208
1207 1209
1207 1210
1208 1209
1208 1210
1208 1211
1209 1212
1209 1573
1210 1212
1210 1213
1211 1212
1211 1213
1211 1214
1212 1213
1212 1214
1212 1215
1213 1214
1213 1215
1213 1216
1213 1511
1214 1215
1214 1216
1214 1217
1215 1216
1215 1217
1215 1218
1216 1217
1216 1219
1216 1364
1217 1218
1217 1220
1218 1219
1218 1220
1218 1221
1219 1220
1219 1221
1219 1222
1220 1221
1220 1222
1220 1223
1220 1371
1221 1222
1221 1223
1221 1224
1222 1223
1222 1224
1223 1224
1223 1225
1223 1226
1224 1225
1224 1226
1224 1227
1225 1226
1225 1227
1225 1228
1226 1227
1226 1228
1227 1228
1227 1229
1227 1230
1228 1229
1228 1231
1229 1230
1229 1231
1229 1232
1230 1231
1230 1232
1230 1233
1231 1232
1231 1233
1231 1234
1232 1233
1232 1234
1232 1235
1233 1234
1233 1235
1233 1236
1234 1235
1234 1236
1234 1237
1235 1236
1235 1237
1235 1238
1236 1237
1236 1238
1236 1239
1237 1238
1237 1239
1237 1240
1238 1239
1238 1240
1238 1241
1239 1240
1239 1242
1240 1241
1240 1242
1241 1242
1241 1243
1241 1244
1242 1243
1242 1244
1242 1245
1243 1244
1243 1245
1243 1246
1244 1245
1244 1247
1245 1247
1245 1248
1246 1247
1246 1248
1246 1249
1247 1248
1247 1250
1248 1250
1248 1251
1249 1250
1249 1252
1250 1251
1250 1252
1251 1252
1251 1253
1251 1254
1252 1253
1252 1254
1253 1254
1253 1255
1253 1256
1254 1256
1254 1257
1255 1256
1255 1257
1255 1258
1256 1257
1256 1258
1256 1259
1257 1258
1257 1259
1257 1260
1258 1259
1258 1260
1258 1261
1259 1260
1259 1261
1259 1262
1260 1261
1260 1262
1260 1263
1261 1262
1261 1263
1261 1264
1262 1263
1262 1264
1262 1265
1262 1328
1263 1264
1263 1265
1263 1266
1264 1265
1264 1266
1264 1267
1265 1266
1265 1267
1265 1268
1266 1267
1266 1268
1266 1269
1267 1268
1267 1269
1267 1270
1268 1269
1268 1270
1268 1271
1269 1270
1269 1271
1269 1272
1270 1271
1270 1272
1270 1273
1271 1273
1271 1274
1272 1273
1272 1274
1272 1275
1273 1274
1273 1275
1273 1276
1274 1275
1274 1276
1274 1277
1275 1276
1275 1278
1276 1277
1276 1278
1276 1279
1277 1278
1277 1279
1277 1280
1278 1279
1278 1280
1278 1281
1279 1281
1279 1282
1279 1524
1280 1281
1280 1282
1280 1283
1281 1282
1281 1283
1281 1284
1282 1283
1282 1284
1282 1285
1282 1354
1283 1284
1283 1285
1283 1286
1284 1285
1284 1286
1284 1287
1285 1287
1285 1288
1286 1287
1286 1288
1286 1289
1287 1288
1287 1289
1287 1290
1288 1289
1288 1290
1288 1291
1289 1290
1289 1291
1289 1292
1290 1291
1290 1292
1291 1292
1291 1293
1291 1294
1292 1293
1292 1294
1292 1295
1293 1295
1293 1296
1294 1295
1294 1296
1294 1297
1295 1296
1295 1297
1295 1298
1296 1297
1296 1298
1296 1299
1297 1299
1297 1300
1298 1299
1298 1300
1298 1301
1299 1300
1299 1301
1299 1437
1300 1301
1300 1302
1300 1303
1300 1388
1301 1302
1301 1303
1301 1304
1301 1385
1302 1303
1302 1304
1302 1305
1303 1304
1303 1305
1303 1306
1303 1602
1304 1305
1304 1306
1304 1307
1305 1306
1305 1307
1305 1308
1306 1308
1306 1309
1306 1426
1307 1308
1307 1309
1307 1310
1308 1309
1308 1310
1308 1311
1309 1310
1309 1311
1309 1312
1310 1311
1310 1313
1311 1312
1311 1313
1311 1314
1312 1313
1312 1314
1312 1315
1313 1314
1313 1315
1313 1316
1314 1315
1314 1317
1315 1316
1315 1317
1315 1318
1316 1317
1316 1318
1316 1319
1317 1318
1317 1319
1317 1320
1318 1319
1318 1320
1318 1321
1319 1320
1319 1321
1319 1322
1320 1321
1320 1322
1320 1323
1320 1337
1321 1323
1321 1324
1322 1323
1322 1324
1322 1325
1323 1324
1323 1325
1323 1326
1324 1325
1324 1326
1324 1327
1325 1326
1325 1327
1325 1328
1326 1327
1326 1329
1327 1328
1327 1329
1327 1330
1328 1329
1328 1331
1329 1331
1329 1332
1329 1613
1330 1331
1330 1332
1330 1333
1331 1332
1331 1333
1331 1334
1332 1333
1332 1334
1332 1335
1333 1334
1333 1335
1333 1376
1334 1335
1334 1336
1334 1337
1335 1336
1335 1337
1335 1338
1335 1472
1336 1337
1336 1338
1336 1339
1337 1338
1337 1339
1338 1339
1338 1340
1338 1341
1339 1340
1339 1341
1339 1342
1340 1341
1340 1342
1341 1342
1341 1343
1341 1344
1342 1343
1342 1344
1342 1345
1343 1344
1343 1345
1343 1346
1344 1345
1344 1346
1344 1347
1345 1346
1345 1347
1345 1348
1346 1347
1346 1348
1346 1349
1346 1576
1347 1348
1347 1349
1347 1350
1348 1349
1348 1351
1348 1545
1349 1350
1349 1351
1349 1352
1350 1351
1350 1352
1350 1353
1351 1352
1351 1353
1351 1354
1352 1353
1352 1354
1352 1355
1353 1354
1353 1355
1353 1356
1354 1355
1354 1356
1355 1356
1355 1357
1355 1358
1356 1357
1356 1358
1356 1359
1357 1358
1357 1359
1357 1360
1358 1359
1358 1361
1359 1360
1359 1361
1359 1362
1360 1361
1360 1472
1361 1362
1361 1363
1361 1364
1362 1363
1362 1364
1362 1365
1363 1364
1363 1365
1363 1366
1364 1365
1364 1366
1364 1367
1365 1366
1365 1367
1366 1367
1366 1368
1366 1369
1367 1368
1367 1369
1367 1370
1368 1369
1368 1370
1369 1370
1369 1371
1369 1372
1370 1371
1370 1372
1370 1373
1371 1372
1371 1374
1372 1373
1372 1374
1372 1375
1373 1374
1373 1375
1373 1376
1374 1375
1374 1376
1374 1377
1375 1376
1375 1377
1375 1378
1376 1378
1376 1379
1376 1630
1377 1378
1377 1379
1377 1380
1378 1379
1378 1380
1378 1381
1379 1380
1379 1381
1379 1382
1380 1383
1380 1484
1381 1383
1381 1384
1382 1383
1382 1384
1382 1385
1383 1384
1383 1386
1384 1385
1384 1386
1384 1387
1385 1387
1385 1388
1386 1387
1386 1389
1387 1389
1387 1390
1387 1535
1388 1389
1388 1390
1389 1390
1389 1391
1389 1392
1390 1391
1390 1392
1390 1393
1391 1392
1391 1393
1391 1394
1392 1393
1392 1394
1392 1395
1393 1394
1393 1395
1393 1396
1394 1395
1394 1396
1394 1397
1395 1397
1395 1398
1396 1397
1396 1398
1396 1399
1397 1398
1397 1399
1397 1400
1398 1399
1398 1400
1398 1401
1399 1400
1399 1401
1399 1402
1400 1401
1400 1402
1400 1403
1401 1402
1401 1403
1401 1404
1402 1403
1402 1404
1402 1405
1403 1404
1403 1405
1403 1406
1403 1664
1404 1405
1404 1406
1404 1407
1405 1406
1405 1407
1405 1408
1406 1408
1406 1409
1406 1454
1407 1408
1407 1409
1407 1410
1408 1409
1408 1411
1409 1410
1409 1411
1409 1412
1410 1412
1410 1413
1411 1412
1411 1413
1411 1414
1412 1413
1412 1414
1412 1415
1412 1505
1413 1414
1413 1415
1413 1416
1414 1415
1414 1416
1415 1416
1415 1417
1415 1418
1416 1417
1416 1418
1416 1419
1417 1418
1417 1419
1417 1420
1417 1623
1418 1419
1418 1420
1418 1421
1419 1420
1419 1421
1419 1422
1420 1421
1420 1422
1420 1423
1421 1422
1421 1423
1421 1424
1422 1423
1422 1424
1422 1425
1422 1471
1423 1424
1423 1425
1423 1426
1424 1425
1424 1426
1424 1427
1425 1426
1425 1427
1425 1428
1426 1428
1426 1629
1427 1428
1427 1429
1427 1430
1428 1429
1428 1430
1428 1431
1429 1430
1429 1431
1429 1432
1430 1431
1430 1432
1430 1433
1431 1433
1431 1434
1432 1433
1432 1434
1432 1435
1433 1434
1433 1435
1433 1436
1434 1435
1434 1436
1434 1437
1435 1436
1435 1437
1435 1438
1436 1437
1436 1438
1436 1439
1437 1438
1437 1561
1437 1462
1438 1439
1438 1440
1438 1441
1439 1440
1439 1441
1439 1442
1440 1442
1440 1443
1441 1442
1441 1443
1441 1444
1442 1443
1442 1445
1443 1444
1443 1445
1443 1446
1444 1445
1444 1446
1444 1447
1445 1446
1445 1447
1445 1448
1446 1447
1446 1448
1446 1449
1447 1448
1447 1449
1447 1450
1448 1449
1448 1450
1448 1451
1449 1451
1449 1452
1450 1451
1450 1452
1450 1453
1451 1452
1451 1453
1451 1454
1452 1453
1452 1454
1452 1455
1453 1454
1453 1455
1453 1456
1454 1455
1454 1456
1454 1457
1455 1456
1455 1457
1455 1458
1456 1457
1456 1458
1456 1459
1457 1458
1457 1460
1458 1460
1458 1461
1459 1461
1459 1462
1460 1461
1460 1463
1461 1462
1461 1463
1461 1464
1462 1463
1462 1464
1462 1465
1463 1464
1463 1465
1463 1466
1464 1465
1464 1467
1464 1636
1465 1466
1465 1467
1465 1468
1466 1467
1466 1469
1467 1468
1467 1469
1467 1470
1468 1469
1468 1470
1468 1471
1469 1470
1469 1471
1469 1472
1470 1471
1470 1472
1470 1473
1471 1473
1471 1474
1472 1474
1472 1475
1473 1474
1473 1475
1473 1476
1474 1475
1474 1476
1474 1477
1475 1476
1476 1478
1476 1479
1477 1478
1477 1479
1477 1480
1478 1479
1478 1480
1478 1481
1479 1480
1479 1481
1479 1482
1480 1481
1480 1482
1480 1483
1481 1482
1481 1483
1481 1484
1482 1483
1482 1484
1482 1485
1483 1484
1483 1485
1483 1486
1484 1485
1484 1486
1485 1486
1485 1487
1485 1488
1486 1487
1486 1489
1487 1488
1487 1489
1487 1490
1488 1489
1488 1490
1488 1491
1489 1491
1489 1492
1489 1506
1490 1491
1490 1492
1490 1493
1491 1492
1491 1493
1491 1494
1492 1493
1492 1494
1492 1495
1493 1494
1493 1495
1493 1496
1494 1495
1494 1497
1495 1496
1495 1497
1496 1497
1496 1498
1496 1499
1497 1498
1497 1499
1497 1500
1498 1499
1498 1500
1498 1501
1499 1500
1499 1501
1499 1502
1500 1501
1500 1502
1500 1503
1501 1502
1501 1503
1501 1504
1502 1503
1502 1504
1502 1505
1503 1504
1503 1505
1503 1506
1504 1505
1504 1506
1505 1507
1506 1507
1506 1508
1506 1509
1507 1508
1507 1509
1508 1509
1508 1510
1508 1511
1509 1510
1509 1511
1509 1512
1510 1511
1510 1512
1510 1513
1511 1512
1511 1514
1512 1513
1512 1514
1512 1515
1514 1515
1514 1516
1514 1517
1515 1516
1515 1517
1515 1593
1516 1517
1516 1518
1516 1519
1517 1518
1517 1519
1517 1520
1518 1519
1518 1520
1518 1521
1519 1520
1519 1521
1519 1522
1520 1521
1520 1522
1520 1523
1521 1522
1521 1523
1521 1524
1522 1523
1522 1524
1522 1525
1523 1524
1523 1525
1523 1526
1524 1525
1524 1652
1525 1526
1525 1527
1525 1528
1526 1527
1526 1528
1526 1529
1527 1528
1527 1529
1528 1529
1528 1530
1528 1531
1529 1531
1529 1532
1530 1531
1530 1532
1530 1533
1531 1532
1531 1533
1531 1534
1532 1533
1532 1534
1532 1535
1533 1534
1533 1535
1533 1536
1534 1535
1534 1536
1534 1537
1535 1537
1536 1537
1536 1538
1536 1539
1537 1538
1537 1539
1537 1540
1538 1539
1538 1540
1538 1541
1539 1540
1539 1541
1539 1542
1540 1541
1540 1542
1541 1542
1541 1543
1541 1544
1542 1543
1542 1544
1542 1545
1543 1544
1543 1545
1543 1546
1544 1545
1544 1546
1544 1547
1545 1546
1545 1547
1546 1547
1546 1548
1546 1549
1547 1548
1547 1549
1547 1550
1548 1549
1548 1550
1548 1551
1549 1550
1549 1551
1549 1552
1550 1551
1550 1552
1550 1553
1551 1552
1551 1553
1551 1554
1552 1553
1552 1554
1552 1555
1553 1554
1553 1555
1553 1556
1554 1555
1554 1556
1554 1557
1555 1556
1555 1557
1555 1558
1555 1646
1556 1557
1556 1558
1556 1559
1557 1558
1557 1559
1557 1560
1558 1559
1558 1560
1558 1561
1559 1560
1559 1561
1559 1562
1560 1561
1560 1562
1560 1563
1561 1562
1561 1563
1561 1564
1561 1616
1562 1563
1562 1564
1563 1564
1563 1566
1564 1565
1564 1566
1565 1566
1565 1567
1565 1568
1566 1567
1566 1568
1566 1569
1567 1568
1567 1569
1567 1570
1568 1569
1568 1570
1569 1570
1569 1571
1569 1572
1570 1571
1570 1572
1570 1573
1571 1572
1571 1573
1571 1574
1572 1573
1572 1574
1572 1575
1573 1575
1573 1576
1574 1575
1574 1576
1575 1576
1575 1577
1575 1578
1576 1577
1576 1579
1577 1578
1577 1579
1577 1580
1578 1579
1578 1581
1579 1580
1579 1581
1579 1582
1580 1581
1580 1583
1581 1582
1581 1583
1582 1584
1582 1585
1583 1584
1583 1585
1583 1586
1584 1585
1584 1586
1584 1587
1585 1587
1585 1588
1586 1587
1586 1589
1587 1588
1587 1590
1588 1589
1588 1590
1588 1591
1589 1590
1589 1591
1589 1592
1590 1591
1590 1593
1591 1592
1591 1593
1591 1594
1592 1594
1593 1595
1593 1596
1594 1595
1594 1596
1594 1597
1595 1596
1595 1597
1595 1598
1596 1597
1596 1598
1596 1599
1597 1598
1597 1599
1597 1600
1597 1613
1598 1599
1598 1600
1599 1600
1599 1601
1599 1602
1600 1601
1600 1602
1601 1602
1601 1603
1601 1604
1602 1603
1602 1604
1603 1604
1603 1605
1603 1606
1604 1605
1604 1606
1604 1607
1605 1606
1605 1607
1606 1607
1606 1608
1607 1609
1607 1610
1608 1609
1608 1610
1609 1610
1609 1611
1609 1612
1610 1611
1610 1612
1610 1613
1611 1612
1611 1613
1611 1614
1612 1613
1612 1614
1612 1615
1613 1614
1613 1616
1614 1615
1614 1617
1615 1617
1615 1618
1616 1617
1616 1618
1617 1618
1617 1619
1617 1620
1618 1619
1618 1620
1618 1621
1619 1620
1619 1621
1619 1622
1620 1621
1620 1622
1620 1623
1621 1623
1621 1624
1622 1623
1622 1624
1622 1625
1623 1624
1624 1625
1624 1627
1625 1626
1625 1627
1625 1628
1626 1627
1626 1628
1626 1629
1627 1628
1627 1629
1627 1630
1628 1629
1628 1630
1628 1631
1629 1630
1629 1631
1629 1632
1630 1632
1630 1633
1631 1632
1631 1633
1631 1634
1632 1633
1632 1634
1632 1635
1633 1634
1633 1635
1633 1636
1634 1635
1634 1637
1635 1636
1635 1637
1636 1638
1636 1639
1637 1638
1637 1639
1637 1640
1638 1639
1638 1640
1638 1641
1639 1640
1639 1641
1639 1642
1640 1641
1640 1642
1640 1643
1641 1642
1641 1643
1641 1644
1642 1643
1642 1644
1642 1645
1643 1644
1643 1645
1643 1646
1644 1646
1645 1646
1645 1647
1645 1648
1646 1648
1646 1649
1647 1648
1647 1649
1647 1650
1648 1649
1648 1651
1649 1650
1649 1651
1650 1651
1650 1652
1650 1653
1651 1652
1651 1653
1651 1654
1652 1654
1652 1655
1653 1654
1653 1655
1653 1656
1654 1657
1655 1656
1655 1657
1655 1658
1656 1657
1656 1658
1656 1659
1657 1658
1657 1659
1657 1660
1658 1659
1658 1660
1658 1661
1659 1660
1659 1662
1660 1661
1660 1662
1660 1663
1661 1662
1661 1663
1661 1664
1662 1663
1662 1664
1662 1665
1663 1664
1663 1665
1664 1665
