0 822
0 1041
0 128
0 438
0 856
0 855
0 426
0 823
1 190
1 376
1 845
1 1155
1 1214
1 37
1 92
1 749
2 228
2 273
2 1003
2 151
2 327
2 1002
2 575
2 247
3 302
3 860
3 666
3 850
3 467
3 645
3 26
3 1242
4 1124
4 1058
4 952
4 947
4 441
4 683
4 995
4 1222
5 403
5 1091
5 33
5 1196
5 117
5 1106
5 109
5 830
6 918
6 174
6 573
6 815
6 685
6 865
6 365
6 1104
7 825
7 1126
7 576
7 940
7 846
7 894
7 357
7 399
8 375
8 379
8 610
8 51
8 174
8 1049
8 853
8 547
9 15
9 930
9 940
9 126
9 607
9 906
9 789
9 1153
10 1136
10 1061
10 691
10 607
10 728
10 613
10 469
10 1093
11 290
11 1158
11 1078
11 86
11 587
11 215
11 1244
11 1169
12 430
12 243
12 919
12 290
12 1088
12 157
12 966
12 1141
13 332
13 321
13 270
13 567
13 936
13 1149
13 223
13 36
14 1030
14 724
14 1249
14 17
14 879
14 689
14 107
14 45
15 248
15 736
15 610
15 533
15 1198
15 142
15 746
16 334
16 1066
16 135
16 632
16 876
16 556
16 1161
16 1042
17 1110
17 652
17 665
17 722
17 293
17 838
17 623
18 803
18 552
18 908
18 973
18 896
18 38
18 840
18 266
19 689
19 1225
19 312
19 39
19 1145
19 1151
19 847
19 1247
20 455
20 626
20 146
20 740
20 447
20 928
20 923
20 1215
21 431
21 778
21 772
21 464
21 706
21 453
21 1139
21 758
22 869
22 1111
22 323
22 284
22 290
22 39
22 162
22 877
23 606
23 731
23 273
23 33
23 208
23 1186
23 917
23 1167
24 1234
24 926
24 180
24 1163
24 731
24 359
24 911
24 1164
25 531
25 414
25 642
25 710
25 1185
25 998
25 626
25 597
26 704
26 475
26 954
26 698
26 755
26 257
26 784
27 659
27 152
27 167
27 155
27 1230
27 442
27 686
27 1044
28 1121
28 505
28 989
28 870
28 254
28 251
28 856
28 189
29 399
29 588
29 99
29 1150
29 831
29 934
29 436
29 130
30 250
30 535
30 836
30 165
30 904
30 763
30 589
30 370
31 328
31 853
31 373
31 1156
31 221
31 280
31 464
31 628
32 158
32 510
32 162
32 399
32 239
32 843
32 656
32 581
33 307
33 241
33 656
33 334
33 459
33 619
34 1242
34 908
34 800
34 45
34 287
34 478
34 97
34 468
35 889
35 660
35 218
35 705
35 869
35 437
35 736
35 843
36 679
36 465
36 154
36 397
36 762
36 62
36 543
37 487
37 1102
37 908
37 538
37 716
37 771
37 161
38 786
38 957
38 582
38 122
38 62
38 1040
38 923
39 154
39 1205
39 455
39 1020
39 810
39 291
40 210
40 252
40 309
40 1179
40 429
40 189
40 780
40 709
41 717
41 266
41 390
41 370
41 491
41 1247
41 225
41 293
42 317
42 856
42 418
42 864
42 340
42 168
42 1135
42 1196
43 488
43 542
43 238
43 162
43 881
43 993
43 986
43 130
44 478
44 690
44 573
44 1072
44 247
44 185
44 187
44 59
45 1165
45 916
45 731
45 1007
45 1182
45 253
46 570
46 728
46 796
46 846
46 223
46 756
46 824
46 131
47 571
47 385
47 1213
47 1039
47 1204
47 418
47 849
47 906
48 1069
48 468
48 712
48 771
48 214
48 490
48 424
48 910
49 934
49 1072
49 1235
49 489
49 198
49 862
49 477
49 663
50 467
50 1146
50 521
50 270
50 951
50 863
50 495
50 376
51 974
51 1018
51 386
51 1010
51 1005
51 68
51 1092
52 100
52 1162
52 226
52 576
52 644
52 1187
52 505
52 555
53 160
53 146
53 1003
53 321
53 554
53 295
53 108
53 1192
54 912
54 88
54 459
54 1176
54 505
54 575
54 1008
54 315
55 1220
55 1156
55 421
55 113
55 88
55 142
55 1193
55 761
56 455
56 139
56 1230
56 547
56 494
56 914
56 546
56 214
57 738
57 1026
57 902
57 97
57 840
57 518
57 1070
57 564
58 924
58 624
58 415
58 348
58 282
58 770
58 965
58 89
59 460
59 82
59 621
59 499
59 178
59 479
59 1218
60 407
60 502
60 794
60 679
60 239
60 67
60 1213
60 1030
61 1040
61 536
61 535
61 352
61 530
61 956
61 1011
61 949
62 160
62 1249
62 374
62 129
62 539
62 207
63 253
63 418
63 349
63 485
63 782
63 77
63 250
63 313
64 1172
64 969
64 289
64 968
64 660
64 400
64 1079
64 944
65 1076
65 191
65 303
65 1221
65 1135
65 466
65 646
65 448
66 405
66 695
66 648
66 1052
66 1164
66 616
66 499
66 798
67 634
67 695
67 611
67 295
67 581
67 970
67 1205
68 274
68 267
68 809
68 305
68 914
68 1091
68 712
69 539
69 165
69 396
69 92
69 202
69 630
69 120
69 716
70 751
70 324
70 977
70 912
70 551
70 827
70 136
70 890
71 826
71 940
71 124
71 935
71 1170
71 312
71 795
71 467
72 943
72 1134
72 773
72 687
72 891
72 572
72 620
72 476
73 926
73 1038
73 473
73 275
73 1082
73 763
73 518
73 999
74 384
74 456
74 986
74 1179
74 604
74 280
74 941
74 406
75 541
75 721
75 351
75 1039
75 845
75 770
75 87
75 872
76 366
76 487
76 304
76 827
76 956
76 1017
76 1006
76 114
77 508
77 195
77 1163
77 834
77 783
77 1018
77 467
78 1083
78 1130
78 1063
78 622
78 624
78 666
78 105
78 969
79 1103
79 232
79 1215
79 908
79 211
79 1022
79 458
79 671
80 1197
80 871
80 308
80 668
80 1237
80 669
80 1016
80 267
81 479
81 830
81 887
81 693
81 1111
81 859
81 177
81 176
82 725
82 599
82 849
82 341
82 842
82 573
82 390
83 878
83 816
83 733
83 414
83 214
83 660
83 354
83 288
84 728
84 101
84 197
84 1063
84 865
84 1175
84 182
84 652
85 1176
85 492
85 729
85 1095
85 1064
85 1070
85 1180
85 1067
86 326
86 933
86 1112
86 674
86 852
86 398
86 463
87 786
87 1164
87 953
87 1198
87 272
87 1227
87 437
88 960
88 396
88 712
88 503
88 208
88 1063
89 242
89 864
89 976
89 1026
89 234
89 161
89 703
90 891
90 899
90 1000
90 1057
90 1127
90 392
90 508
90 1039
91 718
91 1194
91 956
91 1145
91 832
91 502
91 196
91 1247
92 135
92 1043
92 802
92 923
92 1032
92 416
93 1061
93 148
93 732
93 854
93 981
93 101
93 591
93 954
94 193
94 1229
94 918
94 350
94 343
94 1064
94 703
94 570
95 933
95 622
95 362
95 483
95 1169
95 1027
95 714
95 760
96 596
96 145
96 833
96 269
96 271
96 192
96 113
96 607
97 299
97 694
97 1138
97 862
97 681
97 419
98 512
98 377
98 102
98 777
98 658
98 156
98 224
98 1122
99 769
99 381
99 693
99 917
99 683
99 797
99 100
100 186
100 535
100 949
100 254
100 1232
100 191
101 792
101 169
101 1198
101 639
101 586
101 267
102 705
102 392
102 381
102 141
102 294
102 419
102 231
103 480
103 646
103 696
103 388
103 1054
103 939
103 193
103 124
104 190
104 1232
104 127
104 912
104 417
104 181
104 546
104 1164
105 161
105 411
105 153
105 506
105 939
105 129
105 976
106 859
106 841
106 1019
106 1021
106 1137
106 842
106 404
106 377
107 937
107 1048
107 726
107 176
107 594
107 1141
107 1116
108 221
108 156
108 655
108 657
108 137
108 126
108 987
109 244
109 486
109 536
109 652
109 596
109 466
109 766
110 1233
110 192
110 724
110 651
110 290
110 1202
110 335
110 1234
111 961
111 950
111 1141
111 635
111 446
111 428
111 726
111 473
112 302
112 152
112 462
112 519
112 1016
112 1065
112 1120
112 310
113 941
113 693
113 308
113 875
113 982
113 1041
114 403
114 205
114 328
114 332
114 984
114 181
114 901
115 316
115 230
115 410
115 284
115 829
115 153
115 458
115 1184
116 1012
116 1062
116 1040
116 360
116 300
116 425
116 231
116 721
117 391
117 338
117 121
117 1244
117 802
117 535
117 464
118 1081
118 1059
118 577
118 128
118 125
118 791
118 725
118 729
119 186
119 229
119 1019
119 1195
119 524
119 502
119 1058
119 750
120 813
120 326
120 994
120 323
120 1240
120 1092
120 1039
121 910
121 674
121 124
121 851
121 767
121 1009
121 495
122 249
122 284
122 356
122 345
122 996
122 494
122 126
123 392
123 1176
123 489
123 170
123 1208
123 350
123 974
123 1088
124 1157
124 299
124 213
124 602
124 1204
125 1246
125 326
125 616
125 510
125 991
125 846
125 215
126 444
126 690
126 794
126 1029
126 1020
127 667
127 1043
127 1153
127 1166
127 235
127 349
127 1024
128 985
128 683
128 236
128 1100
128 1130
128 1004
129 931
129 453
129 929
129 526
129 950
129 642
130 228
130 1073
130 149
130 329
130 1133
130 1069
131 1210
131 721
131 149
131 837
131 325
131 435
131 611
132 215
132 945
132 139
132 517
132 747
132 1037
132 163
132 838
133 841
133 407
133 288
133 1026
133 839
133 819
133 1060
133 309
134 451
134 363
134 851
134 1231
134 360
134 640
134 1029
134 1022
135 1172
135 298
135 347
135 481
135 817
135 322
136 954
136 1196
136 953
136 264
136 682
136 751
136 379
137 746
137 682
137 433
137 745
137 845
137 1223
137 272
138 406
138 947
138 1123
138 883
138 173
138 713
138 475
138 283
139 1223
139 405
139 495
139 1039
139 183
139 1166
140 441
140 218
140 785
140 696
140 942
140 889
140 805
140 886
141 1113
141 952
141 474
141 1092
141 522
141 1208
141 810
142 1028
142 1043
142 714
142 143
142 567
142 239
143 297
143 1081
143 631
143 811
143 177
143 179
143 535
144 438
144 996
144 930
144 305
144 485
144 729
144 735
144 334
145 961
145 787
145 789
145 967
145 654
145 869
145 678
146 946
146 382
146 231
146 1135
146 276
146 830
147 259
147 1224
147 311
147 185
147 787
147 1099
147 230
147 208
148 1138
148 1010
148 326
148 1124
148 624
148 450
148 171
149 305
149 799
149 543
149 664
149 974
149 397
150 403
150 310
150 244
150 542
150 610
150 1032
150 605
150 716
151 777
151 367
151 562
151 1237
151 425
151 156
151 160
152 1232
152 1016
152 237
152 205
152 202
152 1052
153 790
153 161
153 1150
153 708
153 1086
153 646
154 211
154 336
154 219
154 332
154 268
154 925
155 309
155 421
155 840
155 1066
155 1125
155 454
155 743
156 799
156 1212
156 217
156 271
156 449
157 1024
157 253
157 975
157 801
157 361
157 792
157 543
158 446
158 1099
158 804
158 664
158 1013
158 944
158 317
159 999
159 1047
159 301
159 254
159 1050
159 302
159 1232
159 347
160 511
160 834
160 380
160 679
160 791
161 348
161 942
161 339
161 814
162 1192
162 807
162 1099
162 645
162 880
163 479
163 1211
163 700
163 1118
163 581
163 750
163 1238
164 292
164 776
164 216
164 994
164 261
164 240
164 539
164 1091
165 561
165 367
165 492
165 730
165 1161
165 534
166 869
166 761
166 503
166 373
166 1224
166 795
166 961
166 1082
167 783
167 1127
167 445
167 636
167 1190
167 991
167 553
168 1240
168 676
168 1223
168 666
168 1004
168 319
168 514
169 819
169 277
169 519
169 1113
169 187
169 224
169 463
170 496
170 475
170 1201
170 288
170 294
170 1026
170 559
171 686
171 380
171 855
171 500
171 903
171 949
171 1008
172 1019
172 711
172 390
172 576
172 430
172 174
172 1139
172 1143
173 1038
173 1020
173 258
173 688
173 1059
173 1239
173 803
174 989
174 689
174 1154
174 253
174 1174
175 917
175 892
175 329
175 1195
175 234
175 920
175 293
175 594
176 355
176 1219
176 1156
176 1072
176 832
176 1195
177 811
177 909
177 844
177 393
177 405
177 748
178 832
178 383
178 948
178 184
178 507
178 477
178 476
179 918
179 478
179 405
179 217
179 1189
179 1129
179 675
180 687
180 559
180 992
180 1234
180 476
180 525
180 509
181 387
181 754
181 1009
181 496
181 236
181 1221
182 420
182 723
182 637
182 502
182 681
182 507
182 861
183 1064
183 874
183 833
183 755
183 768
183 1181
183 578
184 352
184 721
184 459
184 1071
184 1237
184 434
184 718
185 1086
185 531
185 319
185 871
185 1175
185 990
186 625
186 1096
186 362
186 225
186 638
186 692
187 990
187 761
187 1046
187 656
187 1225
187 420
188 1025
188 424
188 1079
188 1131
188 702
188 825
188 1050
188 236
189 970
189 1214
189 224
189 405
189 381
189 204
190 772
190 1009
190 680
190 251
190 283
190 955
191 729
191 665
191 1230
191 1147
191 1006
191 874
192 554
192 1035
192 912
192 276
192 1008
192 755
193 1239
193 1143
193 1028
193 205
193 1194
193 1132
194 842
194 967
194 445
194 772
194 1238
194 246
194 1053
194 195
195 500
195 299
195 228
195 703
195 971
195 1062
196 648
196 770
196 209
196 576
196 434
196 979
196 664
197 385
197 829
197 1062
197 381
197 733
197 976
197 780
198 560
198 1046
198 774
198 461
198 960
198 326
198 699
199 214
199 1073
199 514
199 480
199 1113
199 547
199 648
199 841
200 832
200 873
200 1051
200 998
200 793
200 427
200 482
200 1155
201 260
201 583
201 572
201 675
201 1178
201 377
201 637
201 887
202 888
202 1103
202 733
202 771
202 1206
202 262
203 229
203 783
203 1159
203 776
203 447
203 1056
203 864
203 932
204 802
204 993
204 797
204 737
204 404
204 273
204 759
205 1081
205 942
205 1235
205 1092
205 550
206 1074
206 750
206 1187
206 613
206 1162
206 350
206 662
206 1220
207 618
207 771
207 597
207 702
207 1128
207 699
207 1114
208 933
208 870
208 980
208 975
208 956
209 767
209 405
209 1199
209 583
209 442
209 1098
209 781
210 1220
210 523
210 1141
210 1024
210 762
210 636
210 259
211 1053
211 685
211 973
211 1041
211 833
211 335
212 1136
212 563
212 807
212 391
212 1000
212 726
212 538
212 969
213 875
213 327
213 490
213 553
213 722
213 350
213 849
214 309
214 662
214 787
214 1112
215 225
215 1185
215 557
215 678
215 904
216 904
216 360
216 773
216 412
216 1133
216 389
216 747
217 639
217 357
217 968
217 552
217 651
217 732
218 809
218 1048
218 975
218 911
218 620
218 237
219 1084
219 712
219 779
219 1078
219 759
219 952
219 849
220 932
220 441
220 938
220 1059
220 874
220 427
220 346
220 836
221 419
221 1199
221 565
221 674
221 737
221 237
222 978
222 517
222 759
222 1011
222 1132
222 1116
222 810
222 1043
223 1189
223 923
223 566
223 1088
223 1211
223 633
224 516
224 1017
224 578
224 325
224 1157
225 630
225 604
225 907
225 1199
225 378
226 814
226 692
226 619
226 687
226 468
226 723
226 518
227 533
227 640
227 1011
227 371
227 1226
227 849
227 417
227 274
228 908
228 591
228 948
228 629
228 1048
229 508
229 741
229 1108
229 305
229 663
229 1134
230 402
230 1243
230 330
230 334
230 994
230 1170
231 515
231 517
231 503
231 365
231 910
232 881
232 614
232 605
232 655
232 404
232 642
232 563
233 528
233 570
233 940
233 487
233 491
233 669
233 985
233 839
234 778
234 351
234 516
234 280
234 447
234 952
235 236
235 295
235 1031
235 782
235 1026
235 286
235 432
236 433
236 1121
236 290
236 723
237 782
237 960
237 1131
237 893
237 445
238 734
238 1086
238 1160
238 1069
238 1062
238 943
238 259
239 703
239 493
239 1097
239 527
239 454
240 1136
240 535
240 409
240 1129
240 431
240 796
240 415
241 521
241 1119
241 450
241 927
241 298
241 655
241 399
242 1008
242 1239
242 867
242 1109
242 1168
242 290
242 527
243 846
243 338
243 1074
243 889
243 740
243 731
243 550
244 368
244 922
244 1152
244 962
244 708
244 250
245 1189
245 626
245 682
245 1163
245 461
245 1215
245 777
245 1025
246 785
246 1165
246 830
246 267
246 757
246 696
246 553
247 1007
247 941
247 1109
247 543
247 296
247 907
248 1137
248 336
248 378
248 569
248 802
248 1213
248 520
249 670
249 342
249 286
249 1071
249 1018
249 703
249 730
250 1107
250 423
250 1227
250 775
250 1142
251 1094
251 324
251 647
251 444
251 981
251 655
252 1071
252 644
252 1132
252 511
252 310
252 307
252 839
253 313
253 969
253 289
253 644
254 781
254 644
254 263
254 614
254 490
255 438
255 919
255 978
255 657
255 1147
255 951
255 1135
255 1003
256 440
256 598
256 290
256 364
256 966
256 897
256 386
256 491
257 395
257 733
257 913
257 547
257 736
257 593
257 816
258 600
258 1101
258 394
258 316
258 1189
258 678
258 484
259 1114
259 568
259 860
259 715
259 884
260 453
260 441
260 963
260 292
260 910
260 980
260 540
261 964
261 1117
261 1130
261 496
261 982
261 926
261 1022
262 815
262 373
262 859
262 1212
262 540
262 339
262 649
263 515
263 950
263 567
263 1182
263 1118
263 840
263 844
264 958
264 771
264 557
264 1101
264 1103
264 553
264 482
265 554
265 1150
265 1103
265 705
265 1206
265 1146
265 644
265 551
266 329
266 680
266 1042
266 1163
266 823
266 1124
267 794
267 329
267 1110
267 738
268 285
268 909
268 524
268 811
268 879
268 1055
268 422
269 341
269 873
269 580
269 860
269 1088
269 835
269 661
270 340
270 905
270 877
270 1109
270 495
270 479
271 365
271 734
271 1215
271 767
271 503
271 313
272 959
272 881
272 1050
272 1177
272 279
272 426
273 1203
273 560
273 304
273 1174
273 549
274 610
274 1041
274 1015
274 1131
274 275
274 398
275 487
275 365
275 728
275 556
275 958
275 409
276 278
276 825
276 871
276 913
276 497
276 1143
277 486
277 1108
277 547
277 724
277 1248
277 502
277 794
278 496
278 311
278 1042
278 668
278 298
278 1119
278 811
279 661
279 1083
279 775
279 1030
279 1087
279 503
279 1093
280 480
280 728
280 1017
280 526
280 1053
281 705
281 1068
281 507
281 750
281 686
281 730
281 964
281 577
282 1010
282 826
282 1054
282 319
282 1058
282 673
282 785
283 1174
283 602
283 515
283 329
283 1122
283 442
284 742
284 618
284 345
284 1035
284 887
285 755
285 926
285 868
285 1152
285 1081
285 711
285 658
286 616
286 1236
286 1227
286 729
286 384
286 674
287 489
287 686
287 620
287 971
287 601
287 1010
287 444
288 1142
288 1023
288 394
288 341
288 1246
289 586
289 546
289 834
289 462
289 354
289 857
290 813
291 775
291 588
291 644
291 1066
291 929
291 425
291 477
292 1047
292 900
292 1021
292 314
292 1244
292 674
293 1177
293 856
293 310
293 967
293 694
294 815
294 1193
294 1120
294 1056
294 361
294 301
295 1170
295 1222
295 835
295 466
295 703
296 752
296 512
296 794
296 915
296 1214
296 985
296 1027
297 1008
297 398
297 752
297 974
297 1110
297 593
297 584
298 1110
298 846
298 364
298 891
298 1248
299 725
299 968
299 825
299 939
299 1193
300 520
300 587
300 576
300 558
300 609
300 1227
300 549
301 602
301 896
301 1021
301 891
301 642
301 386
302 373
302 1033
302 1201
302 318
302 552
303 1182
303 432
303 1056
303 937
303 609
303 1097
303 419
304 909
304 537
304 875
304 1008
304 621
304 479
305 875
305 1118
305 1094
305 951
306 315
306 746
306 805
306 369
306 973
306 900
306 460
306 714
307 780
307 1079
307 1151
307 1128
307 1176
307 673
308 1125
308 1243
308 598
308 419
308 847
308 813
309 498
309 992
309 1074
309 524
310 702
310 680
310 848
310 1090
311 1174
311 1097
311 882
311 1118
311 823
311 1056
312 779
312 1020
312 322
312 1175
312 963
312 654
313 711
313 460
313 394
313 1011
313 676
314 988
314 873
314 834
314 692
314 947
314 828
314 938
315 956
315 997
315 368
315 371
315 715
315 341
316 462
316 1249
316 320
316 499
316 1119
316 419
317 947
317 760
317 935
317 1223
317 974
317 323
318 966
318 636
318 1190
318 762
318 764
318 670
318 531
319 608
319 355
319 1206
319 1132
319 629
320 614
320 1036
320 840
320 1016
320 564
320 995
320 808
321 484
321 428
321 357
321 1082
321 831
321 470
322 784
322 526
322 704
322 466
322 746
322 1111
323 1044
323 642
323 520
323 500
323 675
324 509
324 1104
324 483
324 1037
324 346
324 704
325 1086
325 1249
325 954
325 567
325 728
325 1051
326 463
326 724
326 904
327 628
327 620
327 796
327 560
327 413
327 507
328 1027
328 512
328 773
328 753
328 353
328 905
329 431
329 471
329 596
330 810
330 374
330 611
330 802
330 538
330 900
330 1144
331 469
331 532
331 513
331 1051
331 1233
331 672
331 344
331 667
332 1025
332 1192
332 826
332 333
332 1181
333 690
333 942
333 810
333 757
333 1036
333 664
333 734
334 893
334 589
334 1198
334 915
335 715
335 906
335 512
335 564
335 1184
335 984
336 1154
336 766
336 337
336 778
336 1198
336 998
337 847
337 343
337 1005
337 457
337 835
337 1063
337 1024
338 698
338 808
338 691
338 1104
338 903
338 827
339 415
339 984
339 788
339 1206
339 530
339 706
340 882
340 1003
340 1181
340 739
340 1224
340 487
341 923
341 1189
341 870
341 434
342 628
342 522
342 374
342 923
342 615
342 840
342 1192
343 622
343 820
343 674
343 546
343 376
343 1157
344 665
344 1217
344 467
344 1144
344 714
344 363
344 1117
345 691
345 1159
345 730
345 551
345 414
345 900
346 975
346 724
346 1009
346 801
346 1220
346 670
347 1095
347 868
347 1082
347 1189
347 753
347 383
348 742
348 1076
348 849
348 963
348 457
348 639
349 1161
349 789
349 1158
349 854
349 1144
349 517
350 1170
350 658
350 1157
350 571
351 561
351 1049
351 960
351 645
351 768
351 585
352 1084
352 616
352 809
352 1219
352 669
352 1221
353 604
353 474
353 1021
353 705
353 993
353 1127
353 752
354 394
354 744
354 1047
354 1051
354 1204
354 1246
355 1012
355 1191
355 869
355 668
355 1152
355 670
356 910
356 1147
356 878
356 1133
356 946
356 549
356 483
357 817
357 994
357 1236
357 1051
357 435
358 591
358 822
358 1067
358 607
358 422
358 1220
358 1160
358 1098
359 1202
359 1085
359 660
359 515
359 1007
359 380
359 1187
360 1158
360 548
360 464
360 635
360 871
361 1195
361 1049
361 609
361 971
361 784
361 472
362 962
362 592
362 651
362 1128
362 1062
362 764
363 1239
363 451
363 670
363 469
363 765
363 448
364 716
364 696
364 1074
364 805
364 930
364 626
365 469
365 590
365 1128
365 1108
366 545
366 978
366 740
366 423
366 733
366 586
366 939
367 754
367 375
367 392
367 676
367 977
367 590
368 738
368 656
368 1076
368 831
368 440
368 486
369 510
369 800
369 467
369 1059
369 1127
369 394
369 1188
370 527
370 1000
370 1186
370 675
370 798
370 1209
371 659
371 472
371 1092
371 966
371 842
371 806
372 388
372 515
372 865
372 922
372 420
372 1233
372 793
372 1143
373 503
373 1178
373 749
373 764
374 1226
374 763
374 826
374 808
374 557
375 1089
375 844
375 765
375 1002
375 773
375 1191
376 726
376 1007
376 714
376 1188
376 846
377 709
377 401
377 445
377 500
377 863
378 748
378 1168
378 663
378 676
378 761
378 767
379 1000
379 926
379 1055
379 973
379 1230
379 896
380 665
380 1085
380 554
380 1106
380 727
381 1178
381 481
381 804
381 768
382 581
382 677
382 681
382 872
382 678
382 1096
382 464
383 551
383 1035
383 790
383 589
383 1174
383 424
384 744
384 878
384 1168
384 544
384 1210
384 402
385 953
385 1124
385 1025
385 1214
385 1018
385 1075
386 1208
386 849
386 701
386 852
386 410
387 1035
387 806
387 801
387 1150
387 443
387 1074
387 677
388 825
388 1201
388 1005
388 442
388 846
388 1019
389 846
389 599
389 1187
389 1081
389 874
389 865
389 682
390 977
390 1089
390 1036
390 400
390 404
391 568
391 931
391 665
391 1223
391 1207
391 448
392 413
392 1020
392 504
392 1231
393 882
393 737
393 1102
393 928
393 538
393 1032
393 1093
394 1194
394 1173
394 504
395 841
395 1164
395 1021
395 1216
395 511
395 1052
395 410
396 996
396 864
396 593
396 465
396 520
396 876
397 418
397 889
397 1157
397 1121
397 757
397 565
398 650
398 1006
398 456
398 1119
398 727
399 1201
399 497
399 439
399 542
400 643
400 1140
400 887
400 983
400 731
400 780
401 829
401 1113
401 745
401 1044
401 791
401 725
401 850
402 1213
402 962
402 965
402 1202
402 855
402 989
403 1238
403 683
403 1101
403 410
403 1026
404 530
404 527
404 1179
404 967
405 604
405 1034
406 1244
406 651
406 598
406 732
406 458
406 638
407 838
407 522
407 926
407 419
407 865
407 1034
408 597
408 427
408 415
408 1145
408 933
408 825
408 495
408 512
409 1005
409 1073
409 1111
409 1242
409 989
409 669
410 802
410 591
410 782
410 1026
411 778
411 901
411 634
411 453
411 626
411 1164
411 660
412 1165
412 861
412 419
412 597
412 922
412 721
412 1193
413 1137
413 632
413 1054
413 921
413 626
413 672
414 614
414 486
414 745
414 970
414 454
415 619
415 452
415 1125
415 682
416 1102
416 915
416 938
416 685
416 940
416 634
416 495
417 549
417 654
417 1102
417 699
417 1124
417 752
418 1133
418 932
418 991
418 646
420 543
420 1077
420 1195
420 750
420 1117
421 1179
421 737
421 678
421 1152
421 1007
421 705
422 429
422 684
422 818
422 481
422 612
422 1230
423 731
423 466
423 888
423 744
423 756
423 615
424 902
424 1080
424 571
424 944
424 867
425 522
425 821
425 803
425 998
425 921
426 1117
426 799
426 1230
426 526
426 646
426 946
427 797
427 1213
427 836
427 1249
427 932
428 1218
428 897
428 635
428 643
428 552
428 934
429 1096
429 772
429 507
429 647
429 928
429 1121
430 988
430 752
430 619
430 471
430 781
430 897
431 1058
431 687
431 1218
431 521
431 659
432 643
432 1019
432 1144
432 1249
432 1042
432 783
433 729
433 592
433 717
433 532
433 1088
433 702
434 1120
434 446
434 1053
434 1107
434 1151
435 1168
435 1225
435 521
435 580
435 1092
435 977
436 978
436 564
436 623
436 491
436 867
436 451
436 569
437 759
437 697
437 557
437 678
437 539
437 1023
438 1173
438 801
438 590
438 895
438 818
439 869
439 485
439 1216
439 602
439 899
439 527
439 584
440 1149
440 642
440 805
440 1163
440 610
440 599
441 1131
441 1118
441 612
441 924
442 823
442 1173
442 656
442 1123
443 1088
443 1202
443 773
443 1070
443 885
443 984
443 1039
444 843
444 449
444 686
444 861
444 851
445 859
445 614
445 669
445 651
446 511
446 704
446 805
446 596
446 694
447 544
447 787
447 1200
447 762
447 832
448 1091
448 1148
448 545
448 760
448 645
449 1145
449 1061
449 613
449 1114
449 473
449 886
450 1209
450 1213
450 584
450 894
450 812
450 788
451 553
451 1050
451 489
451 484
451 789
452 1185
452 866
452 559
452 482
452 1212
452 855
452 1149
453 458
453 1060
453 1234
453 831
454 668
454 797
454 731
454 478
454 1208
455 641
455 885
455 1226
455 585
455 782
456 757
456 959
456 1233
456 812
456 1154
456 1224
457 550
457 714
457 1200
457 770
457 1194
457 756
458 1069
458 911
458 983
458 956
459 970
459 719
459 1015
459 702
459 697
460 1049
460 651
460 566
460 821
460 702
461 561
461 926
461 618
461 1052
461 557
461 847
462 655
462 1125
462 685
462 735
462 858
463 997
463 1173
463 543
463 971
463 878
464 1211
464 1206
464 747
465 709
465 994
465 1121
465 719
465 1152
465 595
466 1246
466 1065
466 583
467 770
467 1052
468 993
468 555
468 1070
468 757
468 1042
469 1153
469 695
469 888
469 854
470 751
470 1105
470 1155
470 921
470 791
470 1010
470 836
471 1132
471 641
471 1006
471 1008
471 880
471 1043
472 1052
472 981
472 1091
472 1212
472 504
472 519
473 615
473 619
473 669
473 575
473 506
474 766
474 585
474 492
474 1231
474 980
474 1222
475 562
475 720
475 836
475 997
475 629
476 745
476 863
476 1087
476 662
476 945
477 631
477 548
477 906
477 657
477 1028
478 623
478 892
478 698
478 935
479 941
479 867
479 583
480 1100
480 662
480 689
480 987
480 692
481 1136
481 880
481 563
481 633
481 637
482 985
482 775
482 1017
482 697
482 565
483 525
483 958
483 1222
483 608
483 717
484 592
484 1131
484 693
484 633
484 1105
485 760
485 946
485 836
485 1225
485 1196
486 580
486 1119
486 668
486 896
487 806
487 641
487 752
488 945
488 558
488 795
488 491
488 1134
488 718
488 1151
489 720
489 1203
489 987
489 659
490 592
490 770
490 570
490 1080
490 517
491 744
491 1089
491 594
492 897
492 1090
492 588
492 630
492 770
493 1217
493 1034
493 589
493 1204
493 640
493 618
493 1061
494 741
494 804
494 925
494 1175
494 955
494 625
495 1071
495 930
496 910
496 602
496 953
496 647
497 884
497 877
497 551
497 1041
497 961
497 1203
498 932
498 1189
498 500
498 667
498 1206
498 885
498 893
499 1086
499 1080
499 765
499 512
499 514
500 1110
500 653
500 1154
501 957
501 1078
501 1061
501 984
501 799
501 781
501 582
501 775
502 633
502 755
502 1207
503 965
503 1139
504 590
504 1188
504 935
504 886
504 790
505 862
505 904
505 1031
505 782
505 627
506 1166
506 968
506 1085
506 1014
506 1238
506 1240
507 1187
507 802
507 797
508 1193
508 1025
508 934
508 1105
508 780
509 1116
509 988
509 735
509 1091
509 1161
509 588
510 704
510 1122
510 1016
510 741
510 915
511 513
511 937
511 1182
511 541
512 801
512 774
513 764
513 1137
513 975
513 660
513 855
513 1139
514 1047
514 1139
514 515
514 1060
514 688
515 591
515 1193
516 1121
516 870
516 858
516 732
516 710
516 971
517 899
517 1222
517 1225
518 733
518 975
518 966
518 653
518 881
519 817
519 753
519 1146
519 838
519 831
520 965
520 899
520 1213
520 953
521 1175
521 1207
521 1138
521 1069
522 993
522 1103
522 625
522 605
523 1076
523 1146
523 1194
523 565
523 800
523 1088
523 540
524 1106
524 845
524 1195
524 1013
524 625
525 964
525 585
525 742
525 860
525 903
525 773
526 1024
526 868
526 991
526 676
527 1096
527 1075
527 980
528 765
528 544
528 933
528 1166
528 1044
528 896
528 651
529 1083
529 686
529 560
529 1097
529 727
529 848
529 1224
529 903
530 1246
530 1248
530 653
530 837
530 947
531 793
531 1056
531 548
531 653
531 839
532 747
532 1182
532 1116
532 986
532 858
532 1216
533 739
533 536
533 1145
533 880
533 1242
533 938
534 1053
534 1013
534 989
534 858
534 972
534 782
534 641
535 815
535 924
536 850
536 841
536 1032
536 637
536 1051
537 774
537 1071
537 756
537 628
537 858
537 857
537 1013
538 563
538 1236
538 1229
538 1207
539 1098
539 616
539 658
539 779
540 1059
540 995
540 920
540 620
540 558
541 1191
541 610
541 867
541 741
541 707
541 1138
542 922
542 734
542 965
542 859
542 872
543 971
543 1082
544 957
544 706
544 948
544 580
544 837
545 598
545 852
545 643
545 1050
545 612
545 739
546 768
546 582
546 637
546 885
547 828
547 754
547 1157
548 1214
548 895
548 569
548 1004
548 1231
549 989
549 1162
549 1216
549 589
550 1205
550 822
550 749
550 867
550 709
551 980
551 1173
551 1197
552 684
552 886
552 1242
552 628
553 1011
553 560
553 911
554 718
554 766
554 944
554 1054
555 674
555 1230
555 1168
555 715
555 622
555 879
556 1207
556 767
556 716
556 898
556 613
556 1167
557 805
557 910
557 1165
558 609
558 1084
558 1013
558 828
558 1245
559 1082
559 1003
559 934
559 725
559 1145
560 948
560 938
560 1102
561 1228
561 773
561 722
561 1153
561 1188
562 1119
562 892
562 1055
562 848
562 636
562 1012
563 735
563 763
563 819
563 1120
564 609
564 1013
564 1160
564 937
565 961
565 1047
565 1091
565 743
566 1096
566 1148
566 943
566 934
566 1038
566 1214
567 1228
567 627
567 732
567 690
568 845
568 1046
568 751
568 1169
568 854
568 992
569 583
569 719
569 943
569 1184
569 721
570 1237
570 790
570 712
570 758
571 763
571 749
571 807
571 1026
571 665
572 1035
572 825
572 1069
572 1060
572 942
572 987
573 1053
573 1226
573 1074
573 1087
573 940
574 1107
574 1003
574 805
574 604
574 601
574 759
574 1183
574 879
575 579
575 1078
575 697
575 701
575 1242
576 1086
576 857
576 843
577 1198
577 949
577 1235
577 1171
577 814
577 1219
578 1034
578 1214
578 1194
578 1237
578 1106
578 852
579 664
579 719
579 829
579 945
579 1129
579 636
579 748
580 636
580 753
580 972
580 916
581 1085
581 763
581 920
581 662
582 784
582 830
582 875
582 815
582 751
583 863
583 623
583 779
584 1155
584 736
584 604
584 873
584 687
585 929
585 990
585 1220
585 958
586 972
586 1069
586 1066
586 1059
586 1239
587 884
587 1141
587 860
587 864
587 1150
587 723
588 1225
588 1143
588 824
588 814
589 1141
589 1165
589 901
590 940
590 759
590 985
590 603
591 822
591 851
591 802
592 1123
592 902
592 959
592 1137
593 1144
593 816
593 986
593 983
593 1108
594 980
594 724
594 957
594 826
594 750
595 1097
595 1167
595 1037
595 1105
595 756
595 771
595 1138
596 809
596 890
596 760
596 1248
597 739
597 919
597 1066
597 813
598 849
598 952
598 645
598 1168
599 813
599 804
599 764
599 1061
599 1033
600 615
600 1140
600 726
600 902
600 639
600 1008
600 876
601 856
601 807
601 851
601 1152
601 965
601 1156
602 1156
602 690
602 623
603 677
603 1216
603 1218
603 854
603 953
603 631
603 646
604 647
604 1009
605 904
605 1029
605 819
605 939
605 1048
606 742
606 733
606 737
606 671
606 684
606 968
606 696
607 866
607 936
607 806
607 999
608 1071
608 1011
608 1245
608 1159
608 853
608 903
609 779
609 621
609 757
610 826
610 852
611 764
611 931
611 612
611 702
611 957
612 653
612 747
612 969
612 784
613 1041
613 901
613 962
613 1201
614 1219
614 1116
614 1234
615 1185
615 874
615 873
615 785
616 979
616 1087
616 700
617 1130
617 635
617 939
617 996
617 969
617 861
617 784
617 722
618 913
618 652
618 948
618 758
619 1222
619 790
619 705
620 1194
620 1123
620 1120
621 788
621 1080
621 1084
621 1185
621 792
622 874
622 821
622 1100
622 700
623 793
623 733
623 777
624 662
624 820
624 892
624 732
624 1096
625 725
625 1028
625 1200
625 1202
626 776
626 1035
627 1054
627 746
627 684
627 983
627 1229
627 1149
628 663
628 765
628 1123
629 818
629 941
629 712
629 1118
629 909
630 982
630 1037
630 1016
630 1128
630 863
631 974
631 973
631 1075
631 1066
631 1072
632 940
632 744
632 792
632 649
632 1080
632 1192
633 1144
633 888
633 1237
633 1235
634 807
634 1049
634 675
634 1141
634 1013
635 701
635 1177
635 992
635 795
636 820
636 827
637 983
637 978
637 1103
638 868
638 859
638 1034
638 1214
638 640
638 1073
639 796
639 857
639 818
639 924
640 1089
640 1084
640 1012
640 693
641 650
641 995
641 1117
641 1039
642 806
642 912
643 1228
643 713
643 709
643 1111
644 1060
644 707
645 899
645 1192
645 1115
646 1117
646 736
647 1116
647 734
647 736
647 797
648 891
648 1148
648 1179
648 747
648 907
649 740
649 799
649 790
649 895
649 1131
649 866
650 1108
650 1162
650 667
650 909
650 1025
650 1146
651 923
652 682
652 673
652 983
652 879
653 1168
653 804
653 1100
654 1140
654 942
654 878
654 1160
654 847
655 1080
655 899
655 1185
656 887
656 867
656 1046
657 810
657 823
657 866
657 912
657 982
658 985
658 1101
658 1002
658 873
659 1112
659 973
659 907
659 820
660 1045
660 996
661 891
661 1159
661 1154
661 958
661 832
661 1064
662 958
662 896
663 1177
663 992
663 1172
663 861
664 1147
664 1073
664 928
665 807
665 1217
666 901
666 1198
666 1248
666 882
666 829
667 794
667 905
667 709
667 988
668 709
668 770
668 941
669 1224
669 796
670 812
670 1163
670 991
671 1190
671 1128
671 1104
671 1021
671 778
671 1136
672 900
672 959
672 721
672 776
672 1010
672 814
673 1139
673 1019
673 686
673 754
673 786
674 1054
675 888
675 715
675 1201
676 907
676 710
676 1229
677 1022
677 1245
677 1203
677 1016
677 776
678 909
678 772
679 1014
679 1070
679 883
679 1067
679 1124
680 1238
680 911
680 713
680 1073
680 817
681 699
681 890
681 781
681 842
681 1084
682 917
682 860
683 1217
683 1159
683 1015
683 891
684 871
684 1231
684 1222
684 834
685 1118
685 1241
685 853
685 1097
686 997
687 762
687 803
687 864
688 950
688 710
688 1233
688 791
688 1037
688 790
689 1175
689 1147
689 950
689 1205
690 928
690 811
690 899
691 731
691 979
691 970
691 1181
691 1161
692 1151
692 713
692 708
692 1197
693 824
693 1081
693 1176
694 1204
694 955
694 1126
694 868
694 1224
695 1148
695 1088
695 839
695 1202
695 1006
696 743
696 970
696 1212
697 1137
697 1002
697 1136
697 946
698 885
698 1106
698 793
698 786
698 1019
699 1186
699 1078
699 922
699 1073
700 916
700 865
700 1228
700 735
700 1153
701 745
701 916
701 1215
701 967
701 766
702 936
703 775
703 1178
704 735
704 1104
704 1002
705 1099
706 765
706 771
706 828
706 1182
706 1067
707 1047
707 902
707 907
707 878
707 938
707 852
708 887
708 1001
708 1037
708 858
708 915
709 877
710 1234
710 1178
710 740
710 964
711 977
711 1102
711 824
711 753
711 1190
712 1090
712 945
713 1099
713 1116
713 1094
713 1200
714 798
714 905
715 1014
715 1051
715 806
716 1024
716 1244
716 1046
717 997
717 862
717 914
717 908
717 954
718 781
718 931
718 1111
718 1180
719 982
719 1097
719 725
719 827
720 934
720 1222
720 1171
720 981
720 1095
720 951
721 1087
722 1238
722 1030
722 1023
722 1068
723 1123
723 795
723 724
723 1068
724 811
725 1171
726 936
726 991
726 848
727 1109
727 972
727 903
727 988
727 1170
728 927
728 1182
729 768
729 1132
730 741
730 919
730 879
730 922
732 1233
732 1122
734 1171
734 739
734 1108
735 864
735 813
736 835
736 969
737 968
737 1154
737 996
738 1142
738 1178
738 927
738 1098
738 1146
739 1029
739 1001
739 884
740 754
740 1180
740 981
741 1057
741 888
741 957
742 1142
742 1184
742 868
742 1170
743 827
743 748
743 750
743 877
743 1240
744 912
744 885
744 875
745 1235
745 801
745 921
746 792
746 998
746 989
747 1151
747 1143
748 895
748 876
748 768
748 1240
749 820
749 815
749 909
749 902
750 764
751 824
751 843
751 954
752 955
752 999
753 808
753 794
753 1154
754 1174
754 997
754 896
755 1083
755 761
755 872
756 803
756 1089
756 951
757 809
757 913
758 1086
758 955
758 931
758 933
758 847
759 921
759 1114
760 1209
760 1115
760 1029
761 1225
761 844
761 971
762 1178
762 1233
762 901
763 853
763 1095
764 1152
765 1217
765 829
766 1248
766 1107
766 920
767 778
767 1200
767 1125
768 1167
768 1065
769 958
769 819
769 1239
769 944
769 877
769 1107
769 1089
771 1191
772 1014
772 1095
772 1081
773 828
774 1223
774 895
774 890
774 1249
774 1048
775 797
775 1228
776 1087
776 942
776 946
777 893
777 816
777 886
777 1183
778 1042
778 1055
779 1186
779 1041
779 1175
780 799
780 1063
780 808
781 937
781 803
782 1166
783 1112
783 828
783 1206
783 994
784 812
784 789
785 835
785 836
785 1027
785 1033
786 851
786 1033
786 1127
786 1105
787 1231
787 999
787 1164
787 966
788 1148
788 1205
788 1064
788 1030
788 1155
789 919
789 1186
789 1244
790 1180
791 1076
791 1238
791 1158
792 972
792 1108
792 1046
793 1190
793 980
793 1241
794 1229
795 905
795 824
795 870
796 817
796 1127
796 1245
797 888
798 995
798 1020
798 1149
798 1078
798 1067
799 1094
799 821
800 1079
800 892
800 1071
800 1196
800 1212
801 1100
801 820
803 869
803 978
804 886
804 1130
804 1246
805 880
806 1207
806 1035
807 1040
807 1120
808 1179
808 971
808 1135
809 1055
809 1241
809 1155
810 826
810 1203
811 1228
811 1166
812 1082
812 1055
812 918
812 975
813 1193
813 1226
814 1188
814 1111
814 1150
815 1243
815 882
816 886
816 1057
816 1045
816 1031
817 1049
817 894
817 1018
818 1205
818 1048
818 1039
818 914
819 1102
819 917
819 872
820 1005
820 952
821 843
821 823
821 1001
821 1211
822 1090
822 890
822 957
822 1232
823 856
823 1124
824 865
824 1165
825 1177
826 1172
827 1220
827 890
828 1195
828 984
829 856
829 1167
830 833
830 977
830 852
831 1100
831 910
831 967
832 1065
832 906
833 994
833 925
833 904
833 1142
834 988
834 1091
834 1020
835 1038
835 1167
835 1134
836 1189
837 904
837 869
837 979
837 1209
837 1197
838 1031
838 1206
838 1076
838 961
839 994
839 1011
839 1101
840 1210
840 1115
841 1197
841 1203
841 1241
842 1065
842 950
842 1247
843 1210
843 1134
844 1041
844 1086
844 960
844 993
845 1120
845 1033
845 1210
847 927
847 1077
848 893
848 1068
848 861
848 1096
850 862
850 1153
850 1133
850 1070
850 1122
851 986
851 1017
852 860
853 1196
853 876
853 1115
854 939
854 1118
854 1101
855 1004
855 927
855 920
856 1246
857 1110
857 898
857 934
857 1193
858 999
858 920
859 1162
859 1032
860 1085
861 863
861 1002
862 1211
862 1192
862 1106
863 1145
863 1133
864 874
865 1044
866 1161
866 1218
866 1158
866 944
867 903
868 1153
868 1236
870 1117
870 962
870 948
871 1060
871 1248
871 1043
872 876
872 970
872 991
873 1080
873 1227
874 1241
875 1014
875 956
876 991
876 1125
877 1174
877 1098
878 1211
878 892
879 1109
879 1217
880 1148
880 925
880 1101
881 1162
881 1056
881 919
881 1216
882 909
882 1142
882 1068
883 894
883 1151
883 1242
883 1129
883 937
883 1221
884 922
884 1221
884 1072
884 1061
885 1110
885 1033
886 948
887 918
887 985
888 930
889 964
889 1129
889 1243
889 1172
890 1042
890 964
891 929
892 1098
892 954
893 1044
893 1247
893 1242
894 928
894 967
894 964
894 963
895 941
895 1048
895 1094
896 1037
897 1190
897 1000
897 1072
897 1188
898 1022
898 1017
898 1166
898 930
898 1161
898 1218
899 949
900 1109
900 935
900 972
901 1093
901 1108
902 1065
902 1149
903 981
905 1226
905 1066
905 1235
906 1010
906 990
906 1181
907 1077
907 1101
908 1025
908 1049
911 1245
911 928
911 1090
912 913
913 1062
913 1095
913 963
914 1166
914 1119
914 1015
914 1107
915 1046
915 1126
915 1018
916 1057
916 937
916 1119
916 1140
917 1201
917 1132
917 953
918 998
918 1223
918 1156
919 1034
919 936
920 1090
920 1109
921 1163
921 1094
921 945
922 1075
923 1044
924 983
924 1079
924 1129
924 948
925 988
925 1104
925 1025
925 1038
926 1219
927 997
927 1243
927 1060
928 1082
929 945
929 947
929 1126
929 1047
930 986
930 1078
931 1084
931 1004
931 1140
932 1125
932 1116
932 1139
933 1147
933 1209
935 1227
935 1018
935 1186
936 1129
936 979
936 1205
937 1114
938 1199
938 1024
939 1005
941 1105
942 1177
943 1068
943 949
943 1083
943 1150
944 963
944 1050
945 1037
946 976
946 1072
947 1241
947 1124
949 1134
949 1235
950 1181
950 1109
951 1158
951 1032
951 1185
952 1240
952 1210
953 1191
954 1179
955 1115
955 975
955 1077
956 1012
957 1003
958 1057
959 1013
959 1057
959 1004
959 1047
960 970
960 1138
960 1180
961 1196
961 1030
962 1064
962 1244
962 1085
963 1148
963 986
964 1235
965 1029
965 1059
966 1030
966 976
967 1021
968 1070
968 992
969 1179
972 1219
972 1087
973 1188
973 987
974 1227
974 1040
976 1058
976 1040
976 1020
977 1147
977 999
978 1219
978 1170
979 1239
979 1010
979 1236
980 1077
981 1215
981 1150
982 1209
982 1169
982 1085
983 1199
984 1135
984 1056
985 1228
986 1180
987 1199
987 1177
987 1057
988 1191
989 1204
990 1038
990 1237
990 1036
990 1045
992 1187
992 1217
993 1248
993 1114
995 1137
995 1066
995 1000
996 1226
996 1159
997 1149
998 1236
998 1110
999 1213
1000 1022
1000 1149
1001 1135
1001 1067
1001 1090
1001 1171
1001 1151
1002 1160
1002 1229
1003 1115
1004 1221
1004 1095
1005 1165
1005 1210
1006 1156
1006 1094
1006 1200
1007 1183
1007 1144
1007 1093
1009 1178
1009 1158
1009 1012
1011 1208
1012 1043
1012 1127
1014 1249
1014 1240
1014 1232
1015 1176
1015 1156
1015 1092
1015 1127
1016 1196
1017 1200
1017 1056
1018 1027
1019 1036
1021 1123
1022 1138
1022 1135
1023 1093
1023 1234
1023 1117
1023 1114
1023 1105
1024 1203
1027 1247
1027 1231
1027 1036
1028 1051
1028 1055
1028 1087
1028 1236
1029 1067
1029 1106
1030 1130
1031 1113
1031 1042
1031 1171
1031 1160
1032 1241
1032 1099
1033 1169
1033 1173
1034 1122
1034 1106
1035 1140
1036 1155
1036 1212
1038 1052
1038 1079
1040 1184
1040 1146
1043 1058
1044 1181
1045 1165
1045 1147
1045 1247
1045 1183
1045 1093
1046 1145
1048 1113
1049 1218
1050 1176
1050 1054
1052 1204
1053 1073
1053 1061
1054 1084
1055 1186
1057 1136
1058 1107
1058 1102
1059 1162
1060 1092
1062 1172
1062 1227
1063 1079
1063 1140
1063 1199
1064 1122
1064 1240
1065 1093
1065 1219
1067 1232
1068 1244
1068 1114
1069 1076
1070 1226
1071 1143
1072 1133
1074 1215
1074 1208
1075 1205
1075 1207
1075 1095
1075 1229
1076 1221
1077 1243
1077 1126
1077 1097
1078 1197
1079 1098
1080 1104
1081 1120
1083 1100
1083 1103
1083 1096
1085 1099
1089 1129
1089 1202
1090 1186
1094 1154
1098 1181
1099 1197
1100 1172
1103 1232
1104 1202
1105 1112
1107 1228
1111 1237
1112 1142
1112 1246
1112 1238
1113 1176
1113 1167
1115 1159
1115 1187
1121 1146
1121 1190
1122 1218
1123 1131
1125 1183
1126 1139
1126 1172
1126 1160
1128 1161
1128 1130
1130 1239
1131 1203
1132 1243
1133 1160
1134 1182
1134 1174
1136 1209
1137 1173
1138 1211
1140 1169
1141 1236
1142 1208
1143 1204
1144 1199
1148 1215
1152 1212
1153 1169
1155 1157
1157 1192
1158 1243
1159 1200
1162 1220
1163 1230
1164 1211
1167 1216
1168 1245
1169 1170
1171 1233
1171 1184
1173 1209
1175 1187
1177 1223
1180 1183
1180 1198
1183 1191
1183 1229
1184 1190
1184 1195
1185 1234
1188 1241
1191 1224
1194 1217
1197 1207
1201 1245
1208 1216
1210 1221
1225 1231
1245 1247
