0 4
0 6
0 8
0 11
0 12
0 14
0 15
0 16
0 18
0 19
0 20
0 22
0 23
0 25
0 26
0 29
0 30
0 34
0 35
0 37
0 39
0 42
0 43
0 45
0 47
0 49
0 50
0 51
0 52
0 53
0 55
0 57
0 59
0 63
0 64
0 66
0 67
0 70
0 71
0 76
0 77
0 78
0 80
0 82
0 83
0 84
0 88
0 89
0 90
0 91
0 92
0 94
0 97
0 99
0 100
0 101
0 102
0 104
0 105
0 106
0 109
0 113
0 114
0 115
0 116
0 118
0 120
0 121
0 122
0 126
0 127
0 137
0 138
0 140
1 3
1 4
1 6
1 7
1 8
1 9
1 10
1 14
1 15
1 17
1 21
1 22
1 25
1 28
1 32
1 33
1 35
1 38
1 39
1 40
1 41
1 42
1 43
1 44
1 45
1 46
1 47
1 48
1 51
1 52
1 53
1 55
1 57
1 59
1 62
1 64
1 66
1 68
1 69
1 70
1 71
1 73
1 74
1 76
1 78
1 80
1 81
1 82
1 85
1 86
1 88
1 91
1 92
1 93
1 97
1 99
1 105
1 106
1 108
1 109
1 110
1 112
1 114
1 115
1 117
1 119
1 120
1 121
1 124
1 128
1 130
1 132
1 133
1 134
1 137
1 138
1 139
1 140
2 5
2 6
2 8
2 10
2 11
2 14
2 15
2 16
2 17
2 18
2 22
2 23
2 24
2 26
2 27
2 28
2 29
2 31
2 35
2 37
2 40
2 43
2 44
2 49
2 53
2 57
2 59
2 60
2 61
2 62
2 65
2 67
2 69
2 70
2 73
2 74
2 75
2 76
2 78
2 80
2 81
2 82
2 84
2 85
2 86
2 87
2 90
2 91
2 92
2 93
2 94
2 96
2 101
2 102
2 109
2 110
2 111
2 113
2 116
2 117
2 118
2 120
2 122
2 123
2 124
2 126
2 130
2 131
2 132
2 134
2 135
2 136
2 137
2 139
2 140
3 9
3 11
3 15
3 16
3 18
3 20
3 23
3 26
3 27
3 29
3 31
3 35
3 36
3 37
3 38
3 39
3 43
3 44
3 47
3 48
3 49
3 52
3 53
3 56
3 58
3 59
3 64
3 71
3 72
3 75
3 76
3 77
3 80
3 83
3 85
3 86
3 87
3 89
3 90
3 91
3 93
3 94
3 95
3 96
3 97
3 100
3 103
3 105
3 108
3 110
3 111
3 113
3 114
3 115
3 117
3 118
3 122
3 123
3 124
3 127
3 128
3 129
3 135
3 137
3 139
4 5
4 6
4 7
4 9
4 11
4 13
4 17
4 21
4 26
4 30
4 31
4 32
4 33
4 34
4 35
4 38
4 39
4 40
4 44
4 45
4 46
4 53
4 54
4 56
4 57
4 60
4 61
4 62
4 65
4 67
4 69
4 70
4 71
4 72
4 74
4 76
4 77
4 78
4 79
4 82
4 85
4 86
4 87
4 88
4 93
4 94
4 97
4 98
4 101
4 102
4 103
4 104
4 105
4 108
4 111
4 113
4 115
4 117
4 120
4 122
4 124
4 125
4 128
4 129
4 131
4 133
4 136
4 139
5 6
5 9
5 10
5 13
5 16
5 17
5 21
5 24
5 25
5 27
5 31
5 34
5 37
5 38
5 40
5 45
5 46
5 48
5 49
5 51
5 55
5 56
5 58
5 59
5 66
5 68
5 69
5 70
5 71
5 72
5 75
5 76
5 79
5 81
5 82
5 85
5 86
5 87
5 89
5 94
5 95
5 96
5 97
5 98
5 99
5 101
5 102
5 103
5 109
5 110
5 111
5 113
5 114
5 115
5 119
5 122
5 123
5 124
5 125
5 126
5 131
5 133
5 135
5 137
5 138
5 140
6 8
6 10
6 12
6 14
6 16
6 18
6 22
6 26
6 29
6 30
6 34
6 37
6 38
6 39
6 41
6 42
6 44
6 45
6 46
6 47
6 48
6 49
6 50
6 51
6 53
6 54
6 55
6 57
6 60
6 61
6 62
6 63
6 64
6 65
6 68
6 70
6 72
6 75
6 79
6 81
6 83
6 87
6 90
6 91
6 94
6 95
6 96
6 98
6 101
6 102
6 103
6 106
6 107
6 108
6 109
6 110
6 111
6 113
6 114
6 118
6 121
6 123
6 124
6 126
6 127
6 128
6 129
6 131
6 133
6 134
6 138
6 139
7 8
7 12
7 13
7 14
7 15
7 18
7 19
7 22
7 23
7 24
7 26
7 30
7 31
7 34
7 35
7 41
7 44
7 45
7 46
7 47
7 48
7 54
7 57
7 59
7 60
7 61
7 66
7 67
7 68
7 70
7 71
7 74
7 77
7 78
7 80
7 84
7 85
7 86
7 87
7 88
7 89
7 90
7 98
7 101
7 102
7 103
7 104
7 105
7 106
7 108
7 109
7 112
7 113
7 114
7 115
7 117
7 118
7 122
7 124
7 125
7 127
7 128
7 129
7 130
7 131
7 132
7 133
7 135
7 137
7 139
8 12
8 15
8 18
8 19
8 20
8 23
8 25
8 27
8 29
8 32
8 34
8 36
8 38
8 40
8 41
8 43
8 44
8 46
8 49
8 50
8 51
8 54
8 58
8 59
8 60
8 62
8 63
8 67
8 69
8 71
8 73
8 77
8 78
8 83
8 90
8 92
8 95
8 97
8 98
8 99
8 102
8 103
8 105
8 106
8 109
8 115
8 117
8 119
8 120
8 121
8 123
8 124
8 125
8 126
8 127
8 128
8 130
8 131
8 133
8 134
8 139
9 11
9 12
9 13
9 15
9 18
9 20
9 23
9 24
9 25
9 26
9 28
9 29
9 30
9 34
9 35
9 36
9 37
9 41
9 45
9 46
9 49
9 50
9 51
9 52
9 53
9 56
9 57
9 58
9 60
9 63
9 64
9 65
9 66
9 71
9 72
9 73
9 76
9 77
9 78
9 80
9 81
9 83
9 88
9 93
9 94
9 96
9 97
9 99
9 103
9 105
9 106
9 108
9 109
9 111
9 112
9 114
9 115
9 122
9 126
9 129
9 130
9 132
9 134
9 135
9 137
9 138
10 13
10 18
10 19
10 21
10 24
10 25
10 26
10 29
10 32
10 33
10 35
10 37
10 41
10 44
10 46
10 47
10 50
10 54
10 56
10 61
10 63
10 64
10 66
10 67
10 68
10 69
10 72
10 74
10 75
10 78
10 79
10 81
10 82
10 83
10 86
10 89
10 91
10 92
10 93
10 99
10 100
10 101
10 102
10 103
10 105
10 108
10 114
10 116
10 118
10 119
10 121
10 125
10 126
10 127
10 128
10 129
10 130
10 132
10 135
10 137
10 139
11 12
11 14
11 15
11 19
11 20
11 22
11 23
11 25
11 26
11 31
11 34
11 36
11 37
11 40
11 41
11 43
11 45
11 46
11 49
11 51
11 52
11 53
11 54
11 55
11 56
11 58
11 59
11 60
11 61
11 67
11 68
11 70
11 71
11 75
11 77
11 81
11 82
11 84
11 89
11 91
11 94
11 96
11 97
11 98
11 99
11 100
11 101
11 103
11 104
11 105
11 106
11 107
11 110
11 113
11 114
11 119
11 120
11 123
11 129
11 131
11 132
11 134
11 136
11 137
11 138
11 139
12 13
12 14
12 15
12 16
12 18
12 20
12 24
12 25
12 26
12 29
12 30
12 31
12 37
12 41
12 45
12 48
12 49
12 53
12 55
12 56
12 57
12 61
12 62
12 63
12 64
12 66
12 68
12 71
12 72
12 74
12 75
12 76
12 77
12 78
12 79
12 82
12 84
12 86
12 88
12 89
12 91
12 100
12 101
12 102
12 105
12 106
12 107
12 115
12 118
12 119
12 120
12 122
12 123
12 124
12 126
12 128
12 129
12 130
12 132
12 134
12 135
12 137
12 138
12 139
13 15
13 17
13 18
13 19
13 20
13 21
13 23
13 24
13 26
13 28
13 32
13 33
13 34
13 35
13 36
13 37
13 38
13 40
13 42
13 43
13 44
13 46
13 49
13 50
13 53
13 54
13 56
13 57
13 60
13 61
13 63
13 65
13 67
13 68
13 72
13 73
13 78
13 79
13 80
13 83
13 84
13 86
13 87
13 89
13 90
13 91
13 93
13 94
13 95
13 96
13 102
13 103
13 105
13 106
13 107
13 109
13 110
13 115
13 117
13 118
13 119
13 120
13 121
13 123
13 129
13 130
13 132
13 133
13 136
13 139
13 140
14 16
14 19
14 22
14 23
14 24
14 25
14 26
14 28
14 29
14 30
14 31
14 34
14 35
14 37
14 40
14 42
14 45
14 48
14 49
14 50
14 51
14 52
14 53
14 54
14 55
14 58
14 60
14 62
14 64
14 65
14 67
14 69
14 70
14 72
14 74
14 78
14 79
14 81
14 84
14 88
14 89
14 90
14 91
14 92
14 94
14 97
14 98
14 99
14 102
14 104
14 105
14 106
14 107
14 109
14 116
14 118
14 119
14 120
14 122
14 123
14 124
14 127
14 128
14 129
14 130
14 131
14 132
14 133
14 135
14 136
15 16
15 18
15 19
15 20
15 22
15 23
15 24
15 26
15 28
15 29
15 30
15 34
15 35
15 36
15 44
15 45
15 47
15 49
15 50
15 51
15 53
15 54
15 57
15 58
15 59
15 63
15 66
15 67
15 69
15 70
15 71
15 72
15 73
15 74
15 76
15 78
15 80
15 83
15 84
15 85
15 86
15 88
15 89
15 90
15 91
15 93
15 94
15 95
15 97
15 99
15 101
15 102
15 104
15 105
15 106
15 107
15 110
15 113
15 115
15 116
15 118
15 120
15 121
15 130
15 131
15 132
15 133
15 134
15 136
15 138
16 19
16 21
16 22
16 23
16 25
16 26
16 27
16 28
16 31
16 32
16 37
16 40
16 41
16 43
16 44
16 46
16 49
16 50
16 52
16 56
16 60
16 61
16 62
16 63
16 65
16 71
16 72
16 73
16 74
16 77
16 78
16 80
16 81
16 89
16 90
16 91
16 97
16 98
16 101
16 104
16 105
16 106
16 108
16 109
16 111
16 113
16 118
16 120
16 122
16 126
16 127
16 128
16 129
16 133
16 137
16 138
16 139
16 140
17 18
17 21
17 25
17 32
17 33
17 35
17 36
17 37
17 40
17 42
17 44
17 45
17 46
17 48
17 51
17 52
17 54
17 58
17 59
17 62
17 64
17 65
17 66
17 68
17 69
17 72
17 74
17 78
17 80
17 81
17 83
17 84
17 85
17 86
17 88
17 92
17 97
17 99
17 100
17 101
17 103
17 104
17 105
17 106
17 111
17 112
17 114
17 115
17 117
17 120
17 122
17 123
17 125
17 127
17 128
17 129
17 131
17 132
17 133
17 136
17 138
17 139
18 20
18 22
18 23
18 24
18 27
18 28
18 30
18 31
18 34
18 35
18 36
18 38
18 39
18 43
18 46
18 49
18 51
18 54
18 59
18 61
18 62
18 63
18 64
18 66
18 68
18 69
18 70
18 71
18 74
18 76
18 77
18 78
18 81
18 84
18 85
18 86
18 90
18 93
18 94
18 95
18 96
18 99
18 100
18 103
18 104
18 105
18 106
18 110
18 111
18 116
18 120
18 121
18 125
18 126
18 127
18 128
18 130
18 131
18 132
18 134
18 135
18 136
18 137
18 138
18 139
18 140
19 21
19 25
19 27
19 28
19 30
19 35
19 36
19 37
19 38
19 39
19 40
19 50
19 51
19 54
19 58
19 62
19 63
19 64
19 65
19 66
19 67
19 68
19 69
19 70
19 71
19 72
19 73
19 74
19 75
19 76
19 77
19 78
19 80
19 84
19 85
19 86
19 92
19 93
19 94
19 97
19 104
19 105
19 109
19 112
19 115
19 116
19 117
19 118
19 119
19 120
19 121
19 124
19 128
19 129
19 130
19 131
19 133
19 134
19 136
19 139
19 140
20 21
20 24
20 26
20 27
20 31
20 38
20 39
20 44
20 45
20 46
20 48
20 51
20 53
20 55
20 56
20 58
20 59
20 62
20 68
20 69
20 70
20 71
20 72
20 77
20 80
20 81
20 82
20 83
20 86
20 88
20 89
20 90
20 94
20 95
20 97
20 100
20 103
20 106
20 108
20 109
20 111
20 112
20 115
20 117
20 121
20 122
20 123
20 124
20 126
20 127
20 130
20 133
20 134
20 136
20 140
21 22
21 23
21 25
21 29
21 30
21 33
21 34
21 35
21 37
21 40
21 42
21 48
21 49
21 50
21 51
21 52
21 53
21 54
21 59
21 60
21 65
21 67
21 68
21 69
21 72
21 77
21 78
21 79
21 80
21 81
21 82
21 83
21 84
21 86
21 87
21 88
21 89
21 90
21 92
21 94
21 95
21 96
21 97
21 98
21 102
21 104
21 106
21 109
21 112
21 114
21 116
21 117
21 118
21 119
21 120
21 123
21 124
21 125
21 128
21 130
21 132
21 133
21 135
21 136
21 138
21 139
22 25
22 27
22 29
22 36
22 37
22 43
22 45
22 52
22 53
22 54
22 56
22 58
22 59
22 61
22 64
22 67
22 68
22 72
22 77
22 80
22 81
22 82
22 83
22 85
22 86
22 87
22 88
22 91
22 92
22 95
22 99
22 100
22 102
22 107
22 108
22 109
22 111
22 112
22 114
22 116
22 120
22 121
22 122
22 125
22 126
22 127
22 130
22 131
22 134
22 135
22 140
23 24
23 25
23 26
23 27
23 29
23 46
23 47
23 48
23 49
23 50
23 52
23 53
23 54
23 55
23 56
23 58
23 59
23 60
23 61
23 62
23 63
23 64
23 67
23 70
23 76
23 77
23 78
23 79
23 81
23 82
23 83
23 85
23 86
23 88
23 89
23 91
23 92
23 93
23 94
23 97
23 98
23 99
23 100
23 101
23 102
23 104
23 106
23 107
23 108
23 110
23 111
23 113
23 115
23 121
23 125
23 127
23 128
23 129
23 132
23 135
23 136
23 138
23 140
24 26
24 27
24 31
24 37
24 39
24 40
24 43
24 45
24 46
24 49
24 53
24 54
24 55
24 56
24 57
24 58
24 59
24 63
24 66
24 67
24 68
24 70
24 75
24 76
24 79
24 80
24 84
24 87
24 89
24 90
24 91
24 95
24 97
24 98
24 101
24 103
24 104
24 107
24 110
24 113
24 114
24 115
24 118
24 120
24 122
24 126
24 127
24 128
24 131
24 134
24 138
24 139
24 140
25 29
25 31
25 36
25 37
25 40
25 41
25 42
25 43
25 44
25 47
25 49
25 51
25 52
25 55
25 57
25 58
25 62
25 63
25 64
25 68
25 70
25 71
25 72
25 73
25 78
25 82
25 84
25 85
25 86
25 89
25 90
25 91
25 94
25 96
25 97
25 98
25 99
25 101
25 103
25 105
25 106
25 109
25 110
25 116
25 117
25 118
25 119
25 120
25 121
25 124
25 125
25 126
25 128
25 129
25 130
25 131
25 138
26 27
26 29
26 32
26 33
26 34
26 35
26 37
26 40
26 42
26 43
26 45
26 46
26 47
26 48
26 49
26 51
26 52
26 53
26 55
26 58
26 59
26 60
26 63
26 64
26 65
26 67
26 72
26 73
26 76
26 77
26 78
26 81
26 86
26 89
26 90
26 92
26 95
26 96
26 101
26 102
26 103
26 104
26 107
26 108
26 110
26 111
26 112
26 114
26 115
26 121
26 123
26 125
26 126
26 131
26 132
26 133
26 134
26 135
26 137
26 139
26 140
27 28
27 29
27 30
27 31
27 32
27 34
27 37
27 38
27 43
27 44
27 49
27 52
27 53
27 55
27 59
27 60
27 62
27 64
27 65
27 69
27 71
27 73
27 75
27 78
27 79
27 80
27 84
27 85
27 87
27 89
27 90
27 92
27 94
27 99
27 102
27 104
27 106
27 107
27 108
27 111
27 113
27 114
27 117
27 118
27 119
27 120
27 123
27 124
27 125
27 128
27 133
27 134
27 135
27 139
28 31
28 32
28 33
28 34
28 35
28 36
28 40
28 41
28 42
28 43
28 51
28 55
28 56
28 57
28 58
28 59
28 61
28 64
28 66
28 67
28 69
28 71
28 72
28 76
28 77
28 78
28 80
28 81
28 82
28 83
28 84
28 85
28 86
28 87
28 89
28 92
28 93
28 99
28 100
28 102
28 103
28 104
28 106
28 108
28 109
28 110
28 112
28 114
28 116
28 117
28 121
28 124
28 125
28 128
28 129
28 130
28 131
28 133
28 135
28 136
28 140
29 30
29 31
29 33
29 34
29 36
29 40
29 43
29 45
29 47
29 52
29 53
29 55
29 56
29 57
29 58
29 59
29 60
29 61
29 62
29 65
29 68
29 70
29 74
29 75
29 77
29 84
29 86
29 87
29 88
29 89
29 90
29 91
29 92
29 94
29 96
29 97
29 99
29 101
29 102
29 104
29 110
29 112
29 113
29 115
29 116
29 117
29 118
29 119
29 122
29 123
29 124
29 126
29 129
29 130
29 131
29 132
29 134
29 135
29 136
29 138
29 140
30 34
30 35
30 37
30 41
30 42
30 44
30 45
30 47
30 48
30 49
30 50
30 55
30 57
30 60
30 67
30 68
30 70
30 72
30 73
30 75
30 79
30 81
30 82
30 83
30 86
30 87
30 89
30 90
30 94
30 96
30 99
30 103
30 105
30 106
30 107
30 110
30 111
30 113
30 114
30 117
30 118
30 125
30 130
30 131
30 133
30 137
31 32
31 34
31 35
31 36
31 38
31 39
31 40
31 41
31 43
31 44
31 45
31 46
31 47
31 49
31 50
31 51
31 54
31 56
31 57
31 63
31 65
31 67
31 68
31 70
31 71
31 73
31 74
31 77
31 80
31 81
31 82
31 84
31 85
31 86
31 87
31 88
31 89
31 90
31 92
31 93
31 95
31 96
31 97
31 98
31 99
31 101
31 102
31 103
31 105
31 107
31 108
31 109
31 110
31 113
31 114
31 115
31 119
31 121
31 122
31 123
31 126
31 128
31 129
31 131
31 133
31 134
31 135
31 139
31 140
32 33
32 34
32 36
32 37
32 39
32 41
32 46
32 47
32 49
32 51
32 52
32 53
32 54
32 55
32 56
32 58
32 59
32 60
32 62
32 63
32 64
32 65
32 67
32 73
32 75
32 78
32 79
32 80
32 81
32 82
32 87
32 89
32 90
32 91
32 93
32 97
32 98
32 99
32 100
32 104
32 111
32 112
32 113
32 114
32 115
32 116
32 120
32 121
32 122
32 124
32 126
32 128
32 131
32 132
32 133
32 134
32 136
32 137
32 140
33 34
33 38
33 39
33 47
33 52
33 55
33 56
33 57
33 64
33 65
33 67
33 68
33 69
33 70
33 71
33 74
33 75
33 77
33 79
33 82
33 83
33 85
33 86
33 87
33 89
33 92
33 93
33 94
33 95
33 97
33 99
33 103
33 104
33 105
33 106
33 107
33 108
33 110
33 112
33 113
33 114
33 115
33 116
33 117
33 120
33 121
33 122
33 123
33 124
33 127
33 128
33 131
33 132
33 135
33 136
33 138
33 140
34 35
34 36
34 37
34 40
34 41
34 42
34 43
34 44
34 45
34 52
34 53
34 57
34 58
34 59
34 62
34 64
34 65
34 67
34 68
34 69
34 70
34 72
34 73
34 75
34 77
34 78
34 80
34 88
34 89
34 90
34 93
34 94
34 95
34 97
34 101
34 106
34 107
34 108
34 112
34 114
34 115
34 117
34 119
34 120
34 122
34 124
34 125
34 126
34 130
34 133
34 134
34 135
34 136
34 137
34 139
34 140
35 37
35 38
35 40
35 42
35 44
35 45
35 46
35 53
35 57
35 61
35 62
35 63
35 68
35 70
35 71
35 75
35 77
35 78
35 81
35 82
35 85
35 86
35 88
35 91
35 92
35 96
35 98
35 101
35 102
35 103
35 104
35 105
35 106
35 107
35 109
35 110
35 112
35 114
35 115
35 116
35 117
35 118
35 119
35 122
35 123
35 127
35 128
35 129
35 130
35 131
35 132
35 133
35 134
35 135
35 136
35 138
35 139
36 38
36 39
36 43
36 44
36 46
36 48
36 49
36 52
36 53
36 54
36 55
36 60
36 63
36 68
36 69
36 74
36 75
36 78
36 79
36 80
36 81
36 82
36 85
36 86
36 88
36 90
36 95
36 96
36 97
36 99
36 101
36 102
36 103
36 104
36 106
36 115
36 116
36 117
36 119
36 120
36 123
36 124
36 125
36 127
36 128
36 129
36 130
36 131
36 132
36 133
36 134
36 135
36 136
36 138
36 139
36 140
37 40
37 41
37 48
37 53
37 54
37 55
37 56
37 57
37 60
37 61
37 64
37 66
37 68
37 72
37 73
37 74
37 75
37 79
37 82
37 84
37 87
37 94
37 98
37 99
37 102
37 103
37 104
37 107
37 108
37 109
37 114
37 115
37 117
37 118
37 120
37 122
37 124
37 128
37 129
37 130
37 131
37 133
37 134
37 136
37 137
37 139
37 140
38 39
38 40
38 41
38 44
38 48
38 49
38 50
38 53
38 56
38 57
38 59
38 60
38 61
38 62
38 65
38 67
38 71
38 72
38 73
38 75
38 77
38 80
38 81
38 82
38 83
38 84
38 88
38 89
38 91
38 93
38 95
38 99
38 100
38 101
38 102
38 103
38 104
38 107
38 109
38 110
38 114
38 116
38 120
38 121
38 122
38 123
38 124
38 125
38 126
38 127
38 133
38 135
38 136
38 137
39 41
39 42
39 43
39 44
39 50
39 51
39 52
39 53
39 55
39 56
39 57
39 58
39 59
39 62
39 65
39 66
39 69
39 74
39 75
39 76
39 77
39 78
39 80
39 81
39 84
39 87
39 89
39 92
39 93
39 94
39 95
39 96
39 97
39 98
39 104
39 105
39 106
39 108
39 109
39 110
39 111
39 113
39 115
39 118
39 120
39 121
39 123
39 124
39 125
39 127
39 128
39 129
39 130
39 133
39 134
39 137
39 138
39 139
40 43
40 44
40 48
40 49
40 50
40 51
40 52
40 53
40 54
40 61
40 66
40 69
40 73
40 74
40 75
40 77
40 78
40 82
40 83
40 84
40 88
40 89
40 92
40 94
40 95
40 100
40 102
40 103
40 105
40 106
40 112
40 113
40 114
40 117
40 118
40 119
40 120
40 121
40 124
40 128
40 133
40 134
40 135
40 136
40 138
40 139
40 140
41 42
41 47
41 50
41 52
41 53
41 54
41 55
41 60
41 61
41 66
41 67
41 69
41 72
41 73
41 74
41 76
41 77
41 78
41 87
41 88
41 89
41 90
41 92
41 95
41 96
41 97
41 99
41 101
41 102
41 103
41 107
41 108
41 110
41 111
41 112
41 113
41 115
41 119
41 122
41 125
41 130
41 133
41 134
41 135
41 138
41 139
41 140
42 43
42 46
42 50
42 51
42 52
42 55
42 58
42 59
42 60
42 61
42 62
42 64
42 67
42 77
42 78
42 79
42 80
42 81
42 82
42 83
42 86
42 87
42 91
42 94
42 97
42 101
42 102
42 103
42 104
42 106
42 109
42 112
42 113
42 114
42 115
42 120
42 122
42 123
42 126
42 127
42 128
42 129
42 130
42 132
42 134
42 136
42 137
42 138
42 139
42 140
43 44
43 45
43 46
43 50
43 52
43 53
43 54
43 55
43 56
43 64
43 67
43 68
43 70
43 71
43 72
43 75
43 78
43 83
43 85
43 86
43 91
43 93
43 96
43 98
43 100
43 101
43 103
43 105
43 106
43 108
43 111
43 112
43 114
43 115
43 118
43 121
43 122
43 123
43 126
43 129
43 131
43 132
43 135
43 136
43 138
44 45
44 46
44 47
44 48
44 51
44 56
44 57
44 60
44 61
44 62
44 65
44 66
44 68
44 70
44 71
44 73
44 74
44 75
44 78
44 80
44 81
44 87
44 88
44 90
44 91
44 92
44 93
44 94
44 96
44 97
44 98
44 99
44 104
44 106
44 107
44 108
44 109
44 111
44 113
44 115
44 116
44 123
44 125
44 127
44 128
44 130
44 132
44 135
44 136
44 138
44 140
45 51
45 52
45 53
45 54
45 62
45 63
45 64
45 68
45 69
45 72
45 73
45 74
45 76
45 77
45 79
45 80
45 81
45 83
45 86
45 88
45 89
45 92
45 93
45 94
45 95
45 99
45 100
45 101
45 103
45 105
45 106
45 107
45 109
45 114
45 116
45 119
45 120
45 125
45 126
45 128
45 129
45 130
45 132
45 134
45 137
45 138
45 140
46 48
46 49
46 53
46 54
46 57
46 59
46 61
46 62
46 65
46 66
46 67
46 69
46 71
46 72
46 73
46 76
46 78
46 79
46 83
46 84
46 86
46 88
46 89
46 90
46 92
46 94
46 100
46 102
46 105
46 108
46 110
46 113
46 114
46 115
46 117
46 118
46 120
46 121
46 122
46 124
46 127
46 129
46 131
46 133
46 137
46 138
46 139
46 140
47 49
47 52
47 53
47 58
47 59
47 60
47 62
47 63
47 64
47 65
47 66
47 67
47 69
47 70
47 72
47 74
47 75
47 76
47 79
47 82
47 83
47 84
47 85
47 88
47 90
47 91
47 92
47 94
47 97
47 99
47 100
47 101
47 103
47 104
47 106
47 109
47 110
47 113
47 116
47 117
47 118
47 120
47 121
47 123
47 126
47 128
47 129
47 132
47 136
47 137
47 139
48 49
48 50
48 53
48 55
48 56
48 58
48 59
48 64
48 66
48 67
48 69
48 71
48 74
48 76
48 77
48 78
48 79
48 82
48 83
48 85
48 88
48 89
48 94
48 95
48 100
48 101
48 103
48 104
48 106
48 107
48 109
48 110
48 113
48 116
48 124
48 125
48 127
48 128
48 129
48 130
48 136
48 138
48 140
49 50
49 54
49 56
49 57
49 59
49 66
49 67
49 69
49 70
49 73
49 74
49 77
49 79
49 82
49 84
49 91
49 97
49 99
49 102
49 103
49 105
49 106
49 107
49 108
49 111
49 113
49 115
49 116
49 117
49 118
49 120
49 121
49 122
49 124
49 125
49 126
49 128
49 129
49 130
49 132
49 134
49 137
49 139
50 51
50 52
50 54
50 55
50 56
50 57
50 60
50 62
50 64
50 65
50 68
50 70
50 73
50 76
50 81
50 82
50 84
50 86
50 89
50 92
50 96
50 97
50 99
50 102
50 103
50 105
50 106
50 108
50 110
50 113
50 114
50 118
50 120
50 121
50 122
50 123
50 125
50 127
50 128
50 131
50 134
50 135
51 52
51 57
51 61
51 62
51 63
51 64
51 68
51 70
51 76
51 77
51 79
51 84
51 85
51 89
51 90
51 91
51 92
51 93
51 96
51 97
51 98
51 102
51 104
51 106
51 107
51 108
51 112
51 113
51 115
51 116
51 117
51 118
51 120
51 121
51 123
51 124
51 125
51 126
51 127
51 130
51 131
51 132
51 136
52 55
52 56
52 57
52 65
52 66
52 68
52 72
52 75
52 78
52 80
52 82
52 84
52 85
52 86
52 87
52 90
52 94
52 96
52 97
52 99
52 100
52 106
52 113
52 118
52 119
52 124
52 125
52 126
52 128
52 131
52 132
52 137
52 138
52 140
53 54
53 55
53 59
53 62
53 63
53 64
53 65
53 67
53 70
53 74
53 77
53 84
53 85
53 90
53 91
53 92
53 93
53 95
53 96
53 99
53 100
53 101
53 105
53 106
53 107
53 112
53 114
53 115
53 116
53 118
53 123
53 124
53 125
53 126
53 128
53 129
53 130
53 131
53 133
53 136
53 137
53 138
53 140
54 57
54 59
54 64
54 65
54 66
54 70
54 71
54 74
54 77
54 78
54 79
54 84
54 86
54 87
54 91
54 92
54 94
54 95
54 98
54 99
54 100
54 101
54 102
54 106
54 109
54 110
54 113
54 117
54 118
54 121
54 126
54 129
54 130
54 138
54 140
55 58
55 61
55 64
55 70
55 74
55 75
55 76
55 77
55 78
55 79
55 80
55 82
55 83
55 85
55 93
55 94
55 95
55 99
55 100
55 101
55 104
55 106
55 107
55 113
55 115
55 116
55 117
55 118
55 120
55 121
55 125
55 126
55 127
55 130
55 131
55 132
55 133
55 134
55 135
55 138
55 139
56 57
56 64
56 65
56 66
56 67
56 69
56 71
56 73
56 74
56 75
56 78
56 81
56 83
56 85
56 89
56 90
56 96
56 100
56 103
56 104
56 105
56 107
56 112
56 113
56 117
56 122
56 125
56 131
56 135
56 137
57 60
57 61
57 62
57 63
57 64
57 66
57 68
57 69
57 70
57 71
57 75
57 76
57 79
57 80
57 81
57 82
57 84
57 89
57 91
57 92
57 93
57 94
57 95
57 96
57 98
57 100
57 102
57 103
57 104
57 105
57 106
57 108
57 109
57 112
57 113
57 116
57 117
57 119
57 120
57 121
57 122
57 124
57 126
57 128
57 129
57 130
57 133
57 135
57 136
57 137
57 138
57 139
57 140
58 62
58 65
58 66
58 67
58 69
58 72
58 74
58 77
58 78
58 79
58 80
58 83
58 84
58 85
58 88
58 89
58 93
58 94
58 95
58 97
58 98
58 101
58 103
58 105
58 106
58 107
58 108
58 109
58 111
58 112
58 113
58 117
58 118
58 119
58 121
58 123
58 125
58 126
58 127
58 129
58 130
58 131
58 132
58 134
58 135
58 136
58 140
59 60
59 64
59 65
59 66
59 68
59 69
59 73
59 77
59 78
59 79
59 80
59 81
59 82
59 83
59 86
59 87
59 89
59 90
59 92
59 93
59 95
59 96
59 101
59 102
59 104
59 107
59 108
59 113
59 115
59 116
59 118
59 119
59 122
59 125
59 128
59 129
59 131
59 135
59 137
59 138
59 139
60 63
60 64
60 66
60 68
60 70
60 71
60 77
60 78
60 79
60 80
60 83
60 84
60 85
60 86
60 87
60 88
60 90
60 92
60 94
60 96
60 97
60 98
60 101
60 103
60 106
60 113
60 114
60 115
60 117
60 119
60 120
60 121
60 123
60 124
60 125
60 126
60 127
60 130
60 133
60 134
60 136
60 139
60 140
61 64
61 66
61 68
61 71
61 73
61 77
61 78
61 79
61 80
61 82
61 83
61 84
61 86
61 87
61 89
61 92
61 93
61 95
61 96
61 98
61 99
61 100
61 101
61 105
61 108
61 111
61 112
61 113
61 114
61 115
61 116
61 120
61 121
61 122
61 123
61 126
61 129
61 133
61 137
61 138
62 63
62 64
62 66
62 67
62 68
62 70
62 71
62 73
62 77
62 80
62 81
62 83
62 84
62 88
62 92
62 93
62 94
62 96
62 97
62 98
62 102
62 103
62 105
62 107
62 108
62 109
62 110
62 115
62 116
62 120
62 121
62 122
62 123
62 125
62 131
62 132
62 134
62 135
62 136
62 140
63 65
63 66
63 70
63 72
63 73
63 74
63 75
63 76
63 77
63 78
63 79
63 80
63 82
63 83
63 84
63 85
63 86
63 87
63 90
63 94
63 95
63 96
63 98
63 102
63 103
63 109
63 111
63 113
63 114
63 116
63 117
63 121
63 122
63 123
63 124
63 125
63 127
63 128
63 129
63 131
63 132
63 133
63 138
63 140
64 66
64 70
64 72
64 76
64 78
64 80
64 81
64 83
64 84
64 86
64 90
64 91
64 92
64 93
64 94
64 95
64 97
64 99
64 101
64 104
64 106
64 108
64 113
64 116
64 120
64 124
64 125
64 126
64 130
64 131
64 133
64 134
64 135
64 137
64 139
65 66
65 67
65 68
65 69
65 70
65 71
65 72
65 73
65 75
65 76
65 77
65 79
65 80
65 82
65 83
65 86
65 87
65 88
65 91
65 92
65 95
65 96
65 99
65 101
65 102
65 104
65 107
65 108
65 109
65 110
65 112
65 113
65 114
65 115
65 116
65 117
65 118
65 120
65 121
65 126
65 127
65 129
65 130
65 131
65 133
65 136
65 138
66 67
66 69
66 71
66 72
66 75
66 76
66 77
66 78
66 81
66 82
66 83
66 86
66 88
66 89
66 90
66 93
66 95
66 100
66 102
66 104
66 105
66 106
66 109
66 110
66 111
66 113
66 115
66 116
66 117
66 119
66 121
66 122
66 125
66 127
66 128
66 130
66 132
66 135
66 137
67 70
67 72
67 73
67 75
67 76
67 77
67 78
67 79
67 80
67 82
67 83
67 84
67 85
67 86
67 87
67 88
67 90
67 93
67 94
67 96
67 97
67 98
67 99
67 101
67 102
67 104
67 105
67 106
67 107
67 108
67 110
67 111
67 116
67 117
67 119
67 121
67 123
67 124
67 126
67 127
67 128
67 129
67 130
67 131
67 132
67 133
67 137
67 138
67 139
68 70
68 71
68 72
68 73
68 78
68 80
68 83
68 84
68 85
68 86
68 89
68 90
68 91
68 92
68 93
68 94
68 95
68 96
68 97
68 101
68 103
68 106
68 107
68 110
68 112
68 113
68 114
68 115
68 116
68 118
68 119
68 121
68 128
68 130
68 131
68 132
68 133
68 138
68 140
69 71
69 79
69 81
69 87
69 89
69 90
69 92
69 93
69 94
69 95
69 96
69 98
69 99
69 100
69 102
69 104
69 105
69 106
69 107
69 108
69 109
69 111
69 113
69 115
69 116
69 121
69 129
69 130
69 134
69 139
69 140
70 71
70 73
70 75
70 76
70 77
70 78
70 80
70 81
70 82
70 83
70 84
70 87
70 89
70 90
70 91
70 92
70 93
70 95
70 96
70 99
70 101
70 107
70 109
70 111
70 112
70 113
70 116
70 117
70 118
70 119
70 120
70 121
70 123
70 126
70 130
70 139
71 75
71 78
71 79
71 82
71 86
71 88
71 89
71 93
71 94
71 96
71 97
71 98
71 102
71 105
71 108
71 109
71 110
71 113
71 114
71 115
71 116
71 118
71 119
71 122
71 124
71 127
71 129
71 130
71 135
72 76
72 79
72 82
72 84
72 85
72 89
72 91
72 92
72 93
72 94
72 95
72 98
72 100
72 102
72 103
72 105
72 106
72 107
72 108
72 109
72 110
72 112
72 113
72 114
72 115
72 116
72 117
72 118
72 119
72 120
72 123
72 125
72 126
72 127
72 128
72 134
72 135
72 138
72 139
72 140
73 75
73 77
73 80
73 82
73 84
73 88
73 89
73 91
73 93
73 94
73 96
73 99
73 100
73 102
73 104
73 105
73 106
73 107
73 108
73 112
73 115
73 117
73 118
73 126
73 127
73 128
73 131
73 134
73 136
74 79
74 80
74 82
74 83
74 86
74 87
74 91
74 92
74 93
74 94
74 97
74 99
74 101
74 107
74 108
74 109
74 110
74 112
74 114
74 115
74 117
74 119
74 120
74 121
74 123
74 124
74 125
74 126
74 127
74 128
74 129
74 131
74 133
74 134
74 136
74 138
74 140
75 77
75 78
75 79
75 80
75 81
75 83
75 89
75 90
75 91
75 93
75 95
75 96
75 97
75 98
75 99
75 101
75 102
75 104
75 105
75 106
75 107
75 108
75 110
75 111
75 114
75 115
75 116
75 117
75 118
75 121
75 123
75 124
75 126
75 129
75 130
75 134
75 136
75 137
75 138
75 139
76 77
76 78
76 79
76 80
76 81
76 84
76 85
76 86
76 87
76 89
76 93
76 95
76 96
76 100
76 101
76 102
76 106
76 109
76 110
76 111
76 113
76 115
76 116
76 117
76 122
76 124
76 125
76 127
76 130
76 131
76 132
76 133
76 134
76 135
76 137
76 139
77 79
77 80
77 83
77 84
77 87
77 89
77 93
77 95
77 97
77 98
77 99
77 102
77 105
77 107
77 108
77 110
77 111
77 114
77 118
77 119
77 122
77 126
77 127
77 128
77 129
77 130
77 131
77 134
77 135
77 136
77 137
77 138
78 82
78 83
78 85
78 86
78 87
78 92
78 96
78 97
78 98
78 100
78 101
78 105
78 107
78 108
78 109
78 115
78 117
78 118
78 119
78 121
78 126
78 128
78 129
78 131
78 132
78 134
78 135
78 138
78 139
78 140
79 80
79 83
79 84
79 85
79 86
79 87
79 89
79 90
79 93
79 94
79 99
79 100
79 101
79 103
79 104
79 106
79 107
79 108
79 109
79 113
79 114
79 117
79 121
79 123
79 128
79 130
79 132
79 133
79 137
80 82
80 83
80 84
80 86
80 89
80 91
80 92
80 93
80 94
80 96
80 97
80 98
80 101
80 103
80 104
80 105
80 107
80 109
80 112
80 113
80 116
80 118
80 121
80 123
80 126
80 127
80 131
80 134
80 137
81 83
81 84
81 85
81 87
81 90
81 92
81 95
81 97
81 98
81 102
81 103
81 104
81 107
81 108
81 109
81 112
81 113
81 114
81 117
81 119
81 120
81 122
81 124
81 125
81 126
81 129
81 130
81 131
81 132
81 134
81 135
81 140
82 83
82 84
82 85
82 86
82 89
82 90
82 91
82 92
82 99
82 101
82 104
82 105
82 110
82 111
82 112
82 114
82 116
82 117
82 119
82 121
82 125
82 128
82 129
82 134
82 138
83 84
83 86
83 87
83 89
83 90
83 93
83 94
83 95
83 96
83 97
83 98
83 103
83 104
83 105
83 107
83 109
83 110
83 111
83 113
83 114
83 115
83 117
83 120
83 122
83 124
83 127
83 130
83 133
83 134
83 136
83 138
84 89
84 93
84 95
84 97
84 98
84 99
84 100
84 101
84 102
84 104
84 105
84 110
84 112
84 118
84 121
84 122
84 124
84 127
84 128
84 131
84 134
84 136
84 137
84 139
84 140
85 86
85 87
85 89
85 92
85 93
85 95
85 101
85 102
85 103
85 104
85 105
85 106
85 107
85 108
85 109
85 110
85 111
85 114
85 115
85 120
85 121
85 122
85 123
85 124
85 125
85 126
85 127
85 128
85 129
85 130
85 132
85 134
85 135
85 137
85 138
85 140
86 87
86 89
86 96
86 97
86 99
86 106
86 107
86 108
86 110
86 113
86 116
86 117
86 118
86 119
86 122
86 124
86 125
86 126
86 129
86 132
86 133
86 135
86 136
86 138
86 139
86 140
87 89
87 93
87 95
87 97
87 98
87 99
87 101
87 103
87 104
87 106
87 107
87 111
87 112
87 115
87 116
87 118
87 119
87 121
87 125
87 127
87 129
87 132
87 135
87 136
87 137
87 138
87 140
88 90
88 92
88 93
88 95
88 97
88 98
88 100
88 102
88 106
88 108
88 109
88 112
88 113
88 116
88 117
88 118
88 121
88 123
88 124
88 125
88 126
88 127
88 131
88 132
88 133
88 134
88 136
89 93
89 95
89 96
89 101
89 102
89 103
89 104
89 106
89 107
89 111
89 113
89 114
89 116
89 118
89 119
89 120
89 121
89 124
89 125
89 127
89 128
89 129
89 130
89 134
89 135
89 136
89 138
90 91
90 93
90 94
90 95
90 96
90 97
90 98
90 99
90 100
90 103
90 104
90 110
90 111
90 112
90 115
90 117
90 119
90 120
90 121
90 122
90 123
90 127
90 128
90 131
90 133
90 134
90 138
90 140
91 92
91 93
91 94
91 97
91 99
91 100
91 102
91 103
91 104
91 107
91 110
91 112
91 115
91 116
91 117
91 118
91 122
91 124
91 125
91 126
91 128
91 130
91 132
91 135
91 136
91 138
91 140
92 93
92 94
92 95
92 96
92 97
92 98
92 100
92 101
92 103
92 104
92 105
92 106
92 107
92 108
92 115
92 118
92 120
92 123
92 124
92 125
92 126
92 127
92 129
92 130
92 133
92 134
92 135
92 136
92 138
93 94
93 95
93 97
93 98
93 102
93 103
93 104
93 110
93 112
93 113
93 115
93 116
93 118
93 119
93 120
93 124
93 125
93 131
93 134
93 136
93 137
93 138
93 139
94 95
94 98
94 99
94 100
94 102
94 103
94 104
94 105
94 107
94 108
94 109
94 110
94 111
94 113
94 117
94 118
94 120
94 124
94 125
94 126
94 127
94 131
94 135
94 138
94 139
94 140
95 96
95 97
95 98
95 99
95 101
95 102
95 103
95 107
95 109
95 111
95 112
95 116
95 118
95 119
95 120
95 122
95 124
95 127
95 136
95 137
95 139
96 97
96 98
96 99
96 100
96 102
96 103
96 104
96 105
96 106
96 108
96 109
96 112
96 113
96 114
96 115
96 117
96 118
96 119
96 126
96 127
96 128
96 131
96 133
96 135
96 136
96 138
96 139
96 140
97 98
97 99
97 100
97 101
97 103
97 104
97 105
97 109
97 111
97 116
97 117
97 118
97 120
97 124
97 130
97 132
97 133
97 138
98 99
98 100
98 102
98 107
98 110
98 113
98 115
98 117
98 120
98 121
98 124
98 125
98 127
98 129
98 130
98 131
98 132
98 133
98 134
98 135
98 137
98 138
98 140
99 100
99 102
99 103
99 105
99 106
99 107
99 108
99 115
99 116
99 119
99 126
99 128
99 129
99 132
99 133
99 134
99 135
99 136
99 138
100 102
100 105
100 107
100 110
100 111
100 113
100 114
100 115
100 116
100 117
100 119
100 124
100 126
100 128
100 129
100 130
100 133
100 135
100 138
101 102
101 103
101 104
101 105
101 107
101 114
101 115
101 118
101 119
101 123
101 125
101 126
101 128
101 131
101 137
101 138
101 140
102 112
102 113
102 114
102 115
102 117
102 121
102 122
102 125
102 126
102 127
102 129
102 130
102 131
102 133
102 135
102 136
102 137
102 138
102 140
103 110
103 112
103 113
103 115
103 117
103 120
103 121
103 125
103 127
103 128
103 131
103 134
103 135
103 136
103 137
103 139
104 105
104 107
104 108
104 109
104 112
104 114
104 115
104 116
104 117
104 119
104 123
104 124
104 126
104 129
104 130
104 131
104 134
104 135
104 138
104 140
105 107
105 108
105 109
105 111
105 112
105 114
105 116
105 122
105 124
105 125
105 127
105 130
105 131
105 132
105 133
105 134
105 135
105 138
105 139
106 108
106 110
106 112
106 114
106 117
106 118
106 119
106 120
106 121
106 122
106 125
106 127
106 131
106 132
106 136
106 139
106 140
107 109
107 110
107 111
107 114
107 115
107 116
107 117
107 118
107 120
107 121
107 122
107 123
107 125
107 126
107 128
107 131
107 132
107 133
107 136
107 137
107 138
107 139
108 109
108 112
108 113
108 114
108 116
108 119
108 120
108 123
108 124
108 125
108 126
108 127
108 128
108 130
108 131
108 135
108 137
109 111
109 113
109 114
109 116
109 120
109 121
109 122
109 127
109 129
109 131
109 132
109 133
109 134
109 136
109 137
109 139
110 111
110 112
110 114
110 115
110 116
110 117
110 118
110 119
110 120
110 121
110 122
110 123
110 124
110 127
110 129
110 131
110 132
110 133
110 135
110 137
110 138
110 140
111 112
111 115
111 118
111 119
111 123
111 127
111 128
111 132
111 136
111 140
112 114
112 116
112 120
112 121
112 122
112 123
112 125
112 126
112 128
112 133
112 134
112 138
112 139
113 115
113 116
113 117
113 118
113 119
113 120
113 121
113 123
113 124
113 125
113 126
113 127
113 128
113 134
113 136
113 138
113 139
114 116
114 117
114 122
114 127
114 130
114 131
114 134
114 137
114 139
115 116
115 121
115 122
115 123
115 124
115 125
115 128
115 129
115 131
115 132
115 133
115 135
115 140
116 118
116 120
116 121
116 124
116 125
116 126
116 127
116 130
116 131
116 132
116 135
116 137
117 121
117 122
117 126
117 127
117 128
117 129
117 131
117 135
117 136
117 137
117 138
118 119
118 120
118 121
118 123
118 128
118 130
118 135
118 138
118 140
119 121
119 124
119 125
119 129
119 130
119 132
119 133
119 134
119 136
119 137
119 138
119 139
119 140
120 123
120 124
120 125
120 126
120 128
120 129
120 131
120 134
120 136
120 137
121 122
121 123
121 129
121 130
121 132
121 133
121 135
121 137
122 123
122 124
122 125
122 127
122 128
122 132
122 134
122 135
122 136
122 140
123 124
123 125
123 128
123 130
123 131
123 133
123 134
123 135
123 136
123 137
123 138
124 128
124 129
124 130
124 132
124 133
124 134
124 135
124 138
124 139
124 140
125 126
125 128
125 132
125 133
125 139
126 127
126 128
126 132
126 134
126 135
126 136
126 137
126 138
126 140
127 128
127 129
127 130
127 131
127 132
127 133
127 134
127 136
127 137
127 138
127 139
127 140
128 133
128 134
128 136
128 137
128 138
128 139
129 132
129 133
129 134
129 138
129 140
130 131
130 132
130 134
130 135
130 138
130 139
130 140
131 132
131 133
132 135
132 136
132 138
132 140
133 134
133 137
133 138
133 140
134 135
134 136
134 138
135 137
135 138
135 139
135 140
136 138
136 139
137 139
